0.494148
0.387260
0.284454
0.300575
0.509445
0.315681
0.582794
0.813904
0.375664
0.733490
0.595215
0.348770
0.553207
0.710754
0.783478
0.136971
0.388077
0.617950
0.192772
0.389786
0.124613
0.389175
0.380020
0.200668
0.255463
0.608566
0.643936
0.503128
0.199856
0.648666
0.651917
0.579559
0.736938
0.636185
0.582260
0.657074
0.653976
0.462479
0.467041
0.325890
0.306908
0.647659
0.262329
0.559937
0.354935
0.457664
0.698090
0.742996
0.661453
0.890869
0.833786
0.788376
0.279579
0.801468
0.690048
0.120420
0.520996
0.744675
0.623993
0.606400
0.503845
0.274261
0.597855
0.539307
0.207851
0.476349
0.192909
0.747375
0.639084
0.547806
0.487450
0.357864
0.306427
0.335594
0.330803
0.664825
0.678802
0.914444
0.403893
0.451942
0.804840
0.350945
0.350830
0.080496
0.448662
0.337105
0.201363
0.381531
0.192715
0.713211
0.687775
0.585587
0.398155
0.281670
0.421600
0.305840
0.461754
0.315506
0.467384
0.511551
0.748871
0.540192
0.871719
0.644135
0.761368
0.199757
0.719650
0.552292
0.110268
0.120066
0.704071
0.211357
0.472183
0.353889
0.291847
0.506226
0.391991
0.495522
0.588028
0.472565
0.204788
0.573196
0.054667
0.303947
0.268311
0.477440
0.609787
0.730087
0.378319
0.662537
0.653488
0.239994
0.788559
0.521255
0.295265
0.661606
0.606552
0.600296
0.324417
0.605865
0.721527
0.731064
0.517044
0.492264
0.081030
0.512192
0.698730
0.473015
0.593536
0.586472
0.647034
0.799515
0.270203
0.587234
0.689270
0.538513
0.175198
0.295120
0.265831
0.555817
0.661407
0.507004
0.796997
0.560471
0.138779
0.388496
0.220463
0.634369
0.401093
0.545334
0.350761
0.418869
0.272453
0.567627
0.496956
0.354660
0.376526
0.608704
0.715546
0.381927
0.191238
0.358627
0.177505
0.461433
0.360031
0.277466
0.589249
0.235050
0.575333
0.855072
0.677582
0.532974
0.473038
0.771271
0.090719
0.499672
0.270279
0.311180
0.545197
0.256752
0.859970
0.481316
0.378197
0.128513
0.461266
0.875153
0.485474
0.725647
0.481071
0.198692
0.103634
0.557877
0.557327
0.283440
0.722610
0.617615
0.446915
0.608093
0.152393
0.723251
0.759888
0.830460
0.366753
0.231289
0.714539
0.459770
0.141651
0.570175
0.657669
0.273392
0.241550
0.628616
0.755157
0.505295
0.644989
0.212498
0.377686
0.128147
0.639145
0.861069
0.326843
0.745071
0.415009
0.884155
0.325920
0.548294
0.801483
0.472656
0.742233
0.539719
0.308723
0.614899
0.780853
0.562195
0.142445
0.491447
0.607346
0.170822
0.474617
0.678467
0.444664
0.301544
0.303162
0.195889
0.808029
0.649139
0.409561
0.596420
0.187984
0.047051
0.453552
0.400383
0.792130
0.570694
0.583542
0.817871
0.705994
0.495567
0.402657
0.746750
0.145802
0.596939
0.659103
0.512039
0.458138
0.501373
0.302025
0.362900
0.672195
0.363640
0.626740
0.702240
0.665192
0.344070
0.309982
0.469719
0.879227
0.304909
0.651505
0.365746
0.351959
0.404060
0.466408
0.440315
0.675735
0.160461
0.255875
0.677994
0.542755
0.546387
0.420822
0.274376
0.554031
0.490623
0.200581
0.598694
0.578537
0.388603
0.549728
0.661865
0.452057
0.286995
0.661499
0.414665
0.631516
0.557312
0.584229
0.509109
0.750061
0.533615
0.574661
0.398720
0.048173
0.337334
0.541168
0.609467
0.501266
0.496880
0.700897
0.629852
0.153782
0.533600
0.906525
0.297104
0.612350
0.103178
0.781357
0.601562
0.492958
0.441620
0.262970
0.830582
0.142056
0.510300
0.356209
0.360123
0.480598
0.526978
0.869247
0.341202
0.471275
0.441162
0.439743
0.521744
0.366615
0.566742
0.543518
0.567688
0.477791
0.240501
0.193615
0.517593
0.661942
0.211834
0.814682
0.385963
0.201015
0.594406
0.573349
0.693970
0.447182
0.836319
0.636688
0.590408
0.459427
0.578262
0.538223
0.825577
0.515961
0.703690
0.277740
0.689804
0.257675
0.603043
0.508957
0.625458
0.583939
0.752304
0.489853
0.647568
0.291351
0.270012
0.575821
0.654755
0.484604
0.390045
0.626083
0.685623
0.280708
0.610123
0.379143
0.428879
0.446434
0.601196
0.606979
0.316559
0.292305
0.555878
0.729141
0.509689
0.370087
0.303139
0.495728
0.514938
0.607178
0.704514
0.725769
0.187645
0.755814
0.211693
0.720764
0.748199
0.484459
0.294952
0.398994
0.854614
0.270378
0.436211
0.537491
0.552261
0.746170
0.616455
0.681412
0.488853
0.516632
0.584641
0.392403
0.808945
0.137024
0.532227
0.614883
0.394974
0.535202
0.224609
0.495293
0.140739
0.815125
0.634491
0.328384
0.568192
0.847366
0.636826
0.426888
0.327896
0.932953
0.711884
0.294197
0.313850
0.258614
0.834000
0.566376
0.592468
0.747116
0.544037
0.193466
0.374283
0.127037
0.588181
0.479454
0.264053
0.820236
0.798080
0.660645
0.353790
0.608093
0.568939
0.495712
0.719452
0.200672
0.409920
0.400459
0.344734
0.458595
0.713364
0.374756
0.502518
0.538055
0.554947
0.401733
0.796677
0.685165
0.265533
0.686569
0.545120
0.697433
0.582153
0.804947
0.826080
0.466576
0.398849
0.500839
0.282867
0.307457
0.749161
0.636673
0.801102
0.315788
0.243336
0.631516
0.516464
0.542267
0.618530
0.446571
0.700699
0.744888
0.232468
0.790878
0.694794
0.676437
0.489326
0.487526
0.472137
0.757156
0.762222
0.129379
0.566711
0.640625
0.636444
0.689041
0.218143
0.445984
0.889694
0.501007
0.338821
0.636551
0.137669
0.136440
0.837906
0.266556
0.654694
0.464874
0.508652
0.686218
0.914185
0.507904
0.542038
0.732010
0.295311
0.822189
0.518997
0.485634
0.307404
0.405296
0.653488
0.180130
0.420219
0.516449
0.707458
0.353363
0.315994
0.625443
0.500351
0.794998
0.426613
0.425003
0.727783
0.564270
0.448158
0.678497
0.416214
0.215664
0.139423
0.224594
0.901871
0.049679
0.432312
0.439964
0.784012
0.614349
0.259857
0.600418
0.510681
0.567261
0.891693
0.752289
0.635254
0.424744
0.380417
0.453232
0.477943
0.284538
0.378845
0.566422
0.375771
0.505280
0.288826
0.803375
0.654938
0.739288
0.592392
0.367401
0.251205
0.734100
0.591995
0.263588
0.784241
0.321724
0.589569
0.565475
0.936523
0.849411
0.464890
0.560028
0.412750
0.467110
0.308380
0.345421
0.477234
0.574799
0.386345
0.543289
0.860504
0.765182
0.521576
0.346794
0.266533
0.695953
0.149708
0.807022
0.431328
0.441895
0.471855
0.682541
0.473412
0.765976
0.531494
0.845306
0.384399
0.231579
0.407318
0.433746
0.192684
0.572037
0.579147
0.493294
0.452126
0.774689
0.538544
0.514740
0.460022
0.337204
0.469910
0.619064
0.687759
0.576859
0.666855
0.655746
0.571365
0.702118
0.759003
0.113209
0.557022
0.344124
0.798035
0.615814
0.107342
0.626221
0.573273
0.191559
0.860107
0.393585
0.512024
0.349495
0.852325
0.676987
0.543793
0.300529
0.562210
-0.042490
0.151096
0.099352
0.120367
-0.200573
-0.103100
-0.113186
0.080025
0.245441
-0.229702
-0.036217
0.160378
-0.221981
-0.052520
-0.358528
0.050344
0.002030
0.020144
0.053762
-0.191696
0.012007
0.045967
0.274338
-0.015694
0.250656
-0.274460
-0.284187
0.041869
0.287621
-0.251686
-0.123940
-0.192577
0.046408
0.122986
0.074234
0.135967
0.166328
-0.187088
0.215992
0.264206
0.022614
-0.110355
0.133320
-0.051792
-0.161163
0.064354
-0.002022
-0.159134
-0.203926
0.051746
-0.203835
-0.193050
0.096003
-0.220753
-0.061749
0.056520
-0.055787
-0.055799
0.100100
-0.205868
0.130226
-0.024971
-0.108885
0.027930
-0.050132
-0.182224
0.165615
-0.321510
-0.220028
-0.057226
0.231117
0.092154
0.271828
0.076015
0.329369
0.108961
-0.297340
-0.110363
-0.050164
-0.064131
-0.060332
0.184299
0.180523
0.035670
-0.184025
-0.028797
0.093901
0.049747
0.354828
-0.244846
-0.008555
0.045638
0.020320
-0.117428
-0.072294
0.117758
-0.152073
0.240318
0.084673
-0.081959
-0.254608
0.025662
0.009053
-0.274620
-0.336029
0.337845
0.124479
-0.194530
0.227478
0.076031
-0.111092
0.019575
0.259750
-0.077562
0.055244
-0.214413
0.040644
0.148018
-0.015384
-0.043375
-0.096827
-0.172073
0.003976
0.070490
0.001208
-0.068895
0.188248
-0.150864
-0.118708
-0.017210
0.056732
0.063253
-0.279968
0.065786
0.080479
-0.178864
-0.034073
-0.085178
0.064312
-0.246010
-0.009720
0.101372
-0.078856
0.101326
0.023819
0.122257
0.036198
0.064457
-0.018149
-0.128464
0.169792
-0.115557
0.137177
-0.263931
-0.333488
0.138382
0.104883
-0.145237
-0.013057
-0.014959
-0.014874
-0.247593
0.047725
0.142868
0.255913
-0.019378
-0.037128
-0.217579
0.186718
0.028891
-0.025877
0.029419
0.130276
0.042842
-0.157681
0.153515
0.019237
0.167530
-0.220863
0.290642
0.039070
-0.051061
0.175091
0.176239
-0.026570
0.131741
0.024502
0.225887
-0.012918
0.011443
-0.227352
-0.175362
0.203270
-0.325508
-0.033063
0.020343
0.092834
-0.070190
0.094608
-0.010581
-0.043007
-0.221394
0.166992
0.087278
0.112719
0.009321
0.239662
-0.306885
0.176273
0.019939
-0.016240
-0.222366
-0.031120
0.157719
0.099739
0.091599
-0.146538
-0.023330
0.168201
-0.012462
-0.157753
-0.057445
0.249889
0.044388
0.053631
0.215698
0.354866
-0.143665
-0.292778
0.158772
0.135891
0.103638
-0.060923
-0.134823
-0.247925
0.051798
-0.126076
-0.007122
-0.108091
0.049058
0.012818
-0.125458
-0.173298
-0.018298
-0.115891
0.216579
-0.075989
-0.114851
-0.095171
-0.196209
0.309265
0.183647
0.036489
0.120872
0.080465
0.090132
0.046438
-0.002953
0.235466
0.044371
0.157520
0.081230
0.148014
0.096607
-0.054174
0.047097
0.147831
0.109888
0.330101
0.038611
0.158962
-0.094782
-0.086849
0.132099
-0.260078
-0.055170
0.059689
0.101643
0.268829
-0.184193
0.343155
0.140388
-0.148682
0.089510
0.114269
0.079355
0.030928
0.012561
0.076401
-0.022603
-0.233196
-0.056204
0.058624
0.203239
0.329964
0.006177
-0.185650
0.187653
-0.174061
-0.004255
0.226273
-0.162102
0.050249
-0.008153
0.117004
0.227882
-0.062181
0.029113
-0.108755
-0.232189
-0.155071
-0.054027
0.198330
-0.013626
0.323898
0.021890
-0.224976
-0.081163
-0.255104
0.143269
0.043811
-0.050591
-0.061087
-0.045707
0.154366
-0.019550
0.108038
-0.032422
-0.270737
-0.212463
0.110899
-0.190331
0.063143
0.013576
-0.052041
-0.257568
0.239750
0.033357
0.062263
-0.157436
0.238876
0.196751
-0.212593
0.147076
-0.106430
0.111313
-0.268745
-0.041272
0.029569
-0.086134
0.100288
-0.364334
0.153984
-0.249222
0.029385
0.017643
0.020232
-0.153286
-0.014775
0.187202
-0.075617
0.095551
0.144451
-0.013603
-0.180431
-0.196011
0.020098
0.206894
0.125771
0.082373
0.049468
-0.071354
-0.159714
0.274002
0.075720
0.170986
-0.050680
-0.194157
-0.158703
-0.021109
0.011554
-0.058417
0.053416
0.164963
0.128937
-0.207336
-0.108656
-0.288536
-0.070488
-0.271004
0.338089
0.002053
0.261124
0.044838
-0.159698
0.080124
0.137253
0.007981
0.141159
-0.025406
-0.058354
-0.100084
0.193378
-0.069370
0.174492
0.267387
-0.188511
0.123821
-0.074337
-0.057077
0.101000
0.084213
-0.115496
-0.135723
-0.042084
0.303574
0.093521
0.139397
-0.273956
0.171738
0.306114
-0.083441
0.026222
0.130669
0.108395
0.014093
-0.079342
0.247353
-0.124920
0.061814
-0.215759
-0.036267
-0.037691
-0.023510
-0.105631
-0.300911
-0.046252
-0.002290
-0.177666
-0.121162
0.088205
0.070917
0.112331
-0.174862
-0.211803
-0.077312
-0.160282
-0.118279
0.063801
-0.144112
-0.094110
-0.068930
-0.079971
0.368103
-0.228397
0.027286
-0.053791
-0.017035
0.274635
-0.179276
0.044209
-0.232384
0.222164
0.006518
-0.256470
-0.319458
0.142738
0.134987
0.115959
-0.036053
0.163105
-0.087097
-0.111002
0.127872
0.176880
0.114908
0.049425
0.015464
-0.150944
0.113224
0.018934
-0.097488
0.045427
-0.062169
-0.019497
0.106031
-0.035459
-0.220856
0.088430
-0.049246
0.036443
-0.013224
0.007927
-0.177387
0.139736
0.190876
-0.060275
-0.153522
0.035730
0.055683
-0.337151
0.050688
-0.179558
-0.011573
-0.260284
0.143757
-0.334373
-0.209717
0.011657
-0.047606
0.193642
0.030591
0.292625
-0.052191
-0.031583
-0.164581
0.054975
0.372383
0.053975
0.143402
-0.116280
-0.200287
-0.159954
0.039224
-0.088680
0.271629
-0.061168
0.140610
-0.321312
-0.171291
0.196301
-0.220737
-0.121737
-0.272820
0.206532
0.056825
-0.276627
0.018604
-0.300468
0.174446
0.261139
0.040740
0.205036
0.263626
-0.010309
0.173462
0.100758
-0.393044
0.108133
-0.283539
0.188076
0.139439
-0.194832
0.028707
0.029952
0.155907
0.010202
-0.029498
0.006388
0.126610
-0.053795
0.203823
0.194286
0.114599
0.368721
-0.036883
0.023851
-0.346191
-0.164146
0.161098
-0.024173
0.243996
-0.088282
0.033295
0.219193
-0.246162
0.206757
-0.118326
-0.202625
0.024759
0.034704
-0.014549
0.014909
-0.160126
0.014157
0.192432
-0.004209
0.023223
-0.275345
0.003313
0.001677
-0.039005
0.207138
-0.240040
-0.213959
0.137016
0.159660
0.247028
0.228535
0.143093
0.118570
0.056790
0.097527
-0.117287
0.237659
0.168575
-0.215874
0.154282
0.049111
0.019209
0.031468
-0.063753
0.003531
0.046377
0.213829
0.019393
0.090664
-0.226383
0.042038
-0.182972
-0.223064
-0.103279
0.214607
-0.015924
0.094408
0.000643
-0.027061
-0.036068
-0.188328
-0.089790
-0.182529
-0.070328
-0.032996
0.204556
0.250092
0.204666
-0.064575
0.032514
-0.078760
-0.015456
0.199295
-0.195438
-0.079216
0.054665
-0.002620
-0.155514
-0.217205
-0.057815
0.055820
-0.173454
0.195786
0.269882
-0.129150
0.120258
-0.184879
0.254257
-0.315666
-0.064365
-0.071939
-0.066280
0.137108
0.035095
-0.285316
-0.186020
-0.050483
0.111780
0.167355
-0.263763
-0.293411
-0.058969
0.158489
0.194885
0.183872
0.078148
-0.040575
0.180683
-0.223225
0.181057
0.270439
-0.168549
0.296616
0.027945
-0.044518
-0.270836
-0.140221
-0.082403
-0.016565
-0.018172
-0.079159
0.341484
0.111712
0.131966
-0.168270
0.600388
-0.256706
0.097904
-0.188511
0.061806
0.117727
0.282356
0.347267
0.240005
0.093630
0.120670
0.086155
0.125317
0.119884
0.511276
-0.016432
0.456757
0.461372
0.309052
0.181862
-0.224274
-0.406677
-0.100777
0.000138
-0.022059
0.119612
0.021380
-0.295586
-0.386101
-0.466103
0.053165
-0.405159
-0.102978
0.151066
0.023748
-0.141956
-0.248234
-0.212944
-0.412117
-0.008627
0.400124
-0.289032
0.077539
0.008022
-0.169155
-0.026190
-0.010426
0.288002
-0.083855
-0.316376
-0.047156
-0.408920
-0.206036
-0.148331
-0.308395
-0.328484
-0.030744
0.232414
-0.008681
0.202984
0.383728
0.044080
-0.101782
-0.337067
0.293503
0.439377
0.040416
-0.055509
-0.290977
0.143295
-0.063744
0.209530
-0.045353
0.013783
0.119570
-0.214115
-0.115215
0.008745
0.073883
0.418327
0.309792
0.026335
0.528839
0.002962
-0.023629
-0.396957
-0.224747
0.462654
-0.164543
0.383591
0.048216
-0.398232
-0.187332
0.463844
-0.218273
0.206581
0.386200
-0.179882
-0.365562
0.195618
-0.034176
0.087709
0.306778
-0.079531
0.101099
-0.191082
0.323769
-0.011703
0.432671
0.397652
-0.110394
0.127453
0.421967
-0.199352
0.228786
0.398338
0.023511
0.003648
0.245987
0.373566
0.389656
0.294197
-0.024660
-0.314705
0.241016
0.276497
-0.210552
0.109810
0.096611
-0.059489
0.207436
0.162827
-0.488800
0.413811
0.184090
-0.385284
-0.397095
-0.109564
0.218399
0.035569
-0.328941
-0.509811
0.163021
-0.424385
-0.091349
-0.223583
-0.023643
-0.168236
-0.119543
-0.295067
0.205338
0.169708
-0.000881
0.183083
-0.147018
-0.377274
-0.059469
-0.355164
-0.367859
-0.063255
0.202763
-0.162449
0.200352
0.233006
0.250969
0.284042
0.465134
-0.146137
-0.442940
0.166100
-0.108158
-0.154865
0.171295
0.153236
-0.059825
0.079943
-0.070351
-0.083471
-0.088295
0.327515
0.138474
-0.399986
-0.120197
0.135178
-0.216896
-0.164413
0.375320
-0.377151
0.097454
0.009864
-0.342041
0.199825
-0.152584
0.374939
-0.084192
0.098763
0.141964
-0.238903
-0.047373
0.218067
-0.072800
-0.157543
0.161572
0.100906
-0.002292
0.101748
0.281250
-0.072643
0.016256
-0.424072
-0.362938
0.254723
-0.206646
0.134666
-0.225101
0.193470
-0.030136
0.049822
-0.185703
-0.035095
0.057669
-0.010723
-0.352287
0.007888
-0.150391
0.080530
0.005869
-0.008818
-0.057979
0.056869
0.209244
-0.128368
-0.098665
-0.244198
-0.029489
-0.100962
-0.144463
0.251755
-0.173599
0.491615
0.344696
0.081264
0.128922
-0.379364
-0.301483
-0.198589
-0.288315
0.185402
-0.045958
0.143394
0.150295
-0.505310
0.235474
0.313004
0.017178
0.084688
-0.123487
0.023040
0.075863
-0.179058
-0.535095
0.287514
0.209591
-0.116743
0.041295
0.180099
-0.117313
-0.103174
-0.187584
0.324081
-0.228981
-0.357895
0.304939
-0.198429
-0.121876
-0.096941
-0.296631
0.209637
-0.428566
0.272415
-0.264389
0.337120
0.386925
-0.028916
0.135124
-0.112919
-0.461243
0.011635
0.427544
0.134041
-0.167824
-0.007565
-0.095469
-0.475243
0.491074
-0.054174
0.319847
-0.244038
0.460068
-0.482750
-0.020352
0.233101
-0.223240
0.387405
0.133041
-0.345116
-0.226959
0.353439
0.381523
-0.138115
0.111238
-0.397476
0.299004
-0.021275
0.090237
-0.183296
-0.234589
0.248802
0.448158
0.192562
-0.134563
-0.337082
0.182968
-0.131664
-0.192898
0.056635
0.431175
0.026549
0.430000
0.271812
-0.355797
0.410049
-0.112507
-0.064432
0.280022
-0.079865
0.109882
0.051047
-0.243450
-0.028012
-0.087078
-0.031816
0.091532
0.214336
-0.153488
0.182159
0.131432
0.126534
-0.086445
0.478821
-0.195526
0.293983
-0.372879
-0.012567
0.061928
-0.048761
0.046473
-0.124315
-0.024236
-0.042957
-0.369919
0.139000
-0.250328
0.034987
0.074572
0.029685
0.055124
0.282837
-0.017254
-0.188332
0.156826
-0.004331
-0.222176
-0.269058
0.210003
0.140965
-0.086901
0.243069
0.269905
-0.275764
0.204849
-0.444664
0.118610
0.348991
0.160187
0.079746
-0.319611
0.104240
0.055825
0.275993
0.063684
0.203323
-0.202427
0.430374
-0.279114
0.487526
-0.054544
0.293015
0.154972
-0.074213
0.105080
-0.205231
-0.078545
0.500320
0.042729
0.131844
0.026274
-0.044177
-0.142117
-0.222855
0.197083
-0.039688
-0.150505
-0.199310
-0.306099
-0.090727
0.497849
-0.008295
0.115929
-0.061330
-0.349724
-0.337410
0.141590
0.062849
0.092962
-0.037128
-0.064625
0.035999
0.253868
0.090334
0.062182
-0.158081
0.401741
-0.013963
0.344635
-0.172955
-0.499527
-0.246880
0.400269
-0.026649
0.147671
0.082354
-0.066330
-0.003235
0.400063
0.244995
0.004416
0.280495
0.136688
-0.396683
0.217140
-0.113035
-0.219486
0.358734
-0.047783
-0.124109
-0.197445
-0.212799
-0.088116
0.058839
-0.022466
-0.123920
-0.199642
0.278870
-0.139896
-0.472809
-0.413139
-0.022408
-0.102274
-0.111235
-0.149448
0.043374
-0.030902
0.401627
0.040136
-0.248253
0.029208
0.046573
0.030219
-0.351135
0.164883
0.249775
0.153248
-0.052196
0.091087
0.003043
0.440712
0.413071
-0.109766
-0.266846
0.371094
-0.234642
-0.290764
-0.345566
0.044213
0.186749
-0.198547
0.250900
0.061929
-0.202446
-0.479767
0.012865
-0.157051
0.106745
0.314102
0.400108
-0.141510
0.242908
-0.072371
-0.111292
-0.007842
0.094528
0.037687
0.044618
0.042335
0.229553
-0.466965
-0.033978
0.025201
-0.061718
0.215809
-0.122740
0.223068
0.025826
0.148708
0.267281
0.112177
-0.051861
-0.001253
0.075727
-0.352692
0.136398
-0.530838
0.107676
0.142357
0.300278
-0.109642
0.000848
0.026158
-0.179996
-0.110451
0.017922
0.014920
0.027628
0.165340
-0.043132
-0.360229
0.213383
-0.079517
0.280357
0.050867
-0.380745
0.157219
-0.243099
-0.455315
-0.309074
0.026199
0.174271
0.156090
-0.075453
0.350388
0.420807
0.163757
0.436584
0.428078
-0.311302
0.121847
-0.198586
0.306946
-0.369408
0.238838
0.196491
-0.248688
0.151344
-0.292900
-0.185760
0.108198
-0.035333
0.027617
0.028667
-0.372391
0.078474
-0.354088
-0.112375
-0.162605
-0.189587
0.095570
-0.136410
0.084692
-0.267769
-0.113485
0.332672
0.055043
-0.050136
0.151829
-0.036316
0.255966
-0.245762
0.382515
-0.054507
0.004647
0.003924
-0.375046
-0.246063
0.054862
-0.050529
0.185593
0.161037
-0.085861
0.112808
0.189323
0.161572
0.291283
-0.162369
0.048814
0.128670
0.263046
0.041967
-0.007743
0.247334
-0.225822
0.498596
0.062986
-0.070786
-0.070585
-0.304626
-0.104677
0.185379
-0.030961
0.177437
0.130867
0.074081
0.181747
-0.143780
-0.171978
-0.380798
0.425514
0.013613
0.400070
-0.279778
-0.390610
0.070339
0.498802
-0.199726
-0.092430
0.445206
-0.169041
-0.446808
-0.029856
-0.078409
0.315536
-0.153278
-0.197239
-0.138508
-0.324455
0.251221
0.076294
0.186268
-0.080429
-0.471687
-0.251312
-0.564957
0.217785
0.030826
-0.091335
-0.054588
0.165028
0.231373
-0.042990
0.048060
-0.046000
0.183418
0.020021
-0.164608
-0.018332
0.442596
0.383392
0.429649
0.098602
-0.163879
-0.263763
0.414124
-0.417557
