390.281250
399.875000
481.375000
478.031250
479.296875
460.656250
452.609375
470.359375
439.859375
323.187500
519.187500
357.125000
450.078125
322.156250
452.437500
533.625000
317.640625
454.968750
445.562500
374.375000
517.125000
429.765625
443.062500
535.812500
511.843750
452.546875
448.906250
336.593750
472.218750
391.093750
402.687500
419.546875
287.875000
422.156250
422.453125
349.031250
339.937500
361.031250
441.656250
327.171875
413.000000
372.171875
475.437500
407.093750
411.968750
355.859375
460.640625
404.734375
421.765625
340.812500
516.031250
373.968750
469.500000
327.000000
328.562500
489.406250
405.734375
413.562500
385.390625
410.796875
410.890625
495.718750
356.453125
394.687500
