0.481541
0.625675
0.499134
0.712532
0.162674
0.871685
0.410812
0.882011
0.390915
0.284536
0.545437
0.779869
0.626423
0.847603
0.649967
0.556358
0.293404
0.903687
0.634518
0.604275
0.546898
0.544052
0.329262
0.428543
0.634640
0.386559
0.538120
0.431501
0.507233
0.532307
0.398863
0.399920
0.746838
0.483377
0.110831
0.320208
0.465584
0.523266
0.313192
0.267195
0.507629
0.444008
0.045890
0.244577
0.287689
0.697025
0.687656
0.467094
0.597244
0.735622
0.660221
0.554836
0.391373
0.689316
0.572678
0.611393
0.188699
0.521496
0.454037
0.581486
0.641483
0.438280
0.393276
0.799465
0.333527
0.504559
0.115748
0.799110
0.613201
0.316797
0.955780
0.532696
0.460630
0.112196
0.663277
0.637794
0.694775
0.763935
0.690273
0.289265
0.611259
0.461021
0.429928
0.588455
0.563335
0.413305
0.496099
0.638756
0.636929
0.363134
0.330769
0.575836
0.686966
0.309875
0.671555
0.722622
0.517735
0.488745
0.819595
0.541630
0.805542
0.771461
0.372883
0.266172
0.769211
0.147855
0.789520
0.575680
0.497618
0.590317
0.450775
0.405123
0.465509
0.293707
0.404274
0.728668
0.408012
0.788677
0.363504
0.341192
0.851639
0.695450
0.616859
0.536297
0.416019
0.586277
0.669617
0.230003
0.187846
0.487598
0.660667
0.578770
0.369579
0.733818
0.730495
0.842087
0.767231
0.516094
0.414297
0.679016
0.520584
0.567204
0.195109
0.871651
0.560738
0.188239
0.596401
0.265001
0.087439
0.371771
0.309496
0.826248
0.178192
0.222601
0.473072
0.479767
0.396557
0.141067
0.413519
0.584404
0.330111
0.774014
0.461042
0.399519
0.503906
0.490091
0.352581
0.683453
0.418503
0.654736
0.472994
0.824638
0.332464
0.255785
0.692810
0.305071
0.330025
0.699909
0.455624
0.418634
0.657509
0.464947
0.355408
0.721252
0.576569
0.714035
0.315018
0.673409
0.855549
0.728535
0.555233
0.596355
0.499067
0.312525
0.584728
0.413671
0.502892
0.233557
0.507820
0.509075
0.889462
0.568943
0.444239
0.332453
0.711456
0.550053
0.523075
0.452173
0.247655
0.682003
0.571087
0.907463
0.443195
0.222740
0.625965
0.720043
0.233470
0.351681
0.690872
0.203016
0.376911
0.656803
0.384748
0.575806
0.557457
0.380175
0.285727
0.170871
0.617653
0.382849
0.681118
0.617638
0.248040
0.423910
0.249089
0.659317
0.560963
0.473166
0.223635
0.694168
0.451864
0.680271
0.712158
0.308058
0.789742
0.636677
0.325525
0.723034
0.688187
0.718529
0.625881
0.652771
0.672020
0.310352
0.639275
0.340004
0.390800
0.225173
0.398731
0.419147
0.608021
0.075925
0.624470
0.555885
0.501011
0.574562
0.627075
0.358219
0.344423
0.436090
0.754520
0.209286
0.412613
0.462755
0.402897
0.313324
0.211126
0.314253
0.148054
0.198306
0.143302
0.662235
0.852253
0.403008
0.383287
0.602497
0.628567
0.660812
0.827675
0.728298
0.667645
0.431768
0.692081
0.704430
0.399525
0.304056
0.575245
0.611984
0.249958
0.805225
0.344770
0.415619
0.599884
0.757381
0.579372
0.703060
0.771706
0.678802
0.431480
0.808056
0.576935
0.160165
0.766548
0.839886
0.450346
0.736389
0.439631
0.491911
0.508167
0.565853
0.216730
0.286337
0.409496
0.909973
0.876320
0.396702
0.212412
0.448092
0.419827
0.463989
0.366138
0.766899
0.464989
0.852024
0.520359
0.340614
0.854809
0.405334
0.430109
0.396816
0.209471
0.304468
0.442532
0.087714
0.255322
0.595009
0.824100
0.697258
0.384789
0.328346
0.375254
0.487070
0.617432
0.370131
0.395428
0.491005
0.767281
0.309286
0.826950
0.774784
0.658833
0.305231
0.537766
0.420069
0.153334
0.168647
0.761852
0.118667
0.460709
0.190787
0.100863
0.670177
0.495255
0.246698
0.643444
0.453880
0.138404
0.578514
0.147659
0.408745
0.319859
0.408468
0.596813
0.824020
0.478424
0.577625
0.311546
0.544254
0.772465
0.549191
0.315121
0.541817
0.439806
0.738441
0.373753
0.596615
0.908707
0.723736
0.715279
0.367792
0.325218
0.519447
0.923969
0.521473
0.652142
0.566967
0.561184
0.790550
0.441729
0.708839
0.785847
0.463036
0.229004
0.378738
0.283129
0.595284
0.658489
0.596977
0.840984
0.543098
0.142694
0.452356
0.383465
0.585976
0.302940
0.343050
0.293556
0.207726
0.477478
0.594215
0.575516
0.503700
-0.011195
-0.089800
0.105588
-0.202107
-0.016338
-0.222450
-0.125000
-0.215972
-0.103651
-0.068513
0.131106
-0.277672
-0.061184
0.063448
0.104766
-0.084725
0.156714
-0.029827
-0.264080
0.042362
-0.211338
-0.057305
-0.019105
-0.058407
0.090992
0.049067
-0.042956
-0.152533
-0.106874
0.187727
0.041169
0.173773
-0.193917
-0.143376
-0.029467
0.079879
0.071883
-0.153334
0.303326
0.258366
-0.074270
0.144300
-0.018729
0.302256
0.207746
0.085459
-0.220755
-0.071542
0.057341
-0.194123
-0.321022
0.136138
0.185702
-0.192553
-0.212403
-0.013438
0.293091
0.034773
0.125872
-0.251493
-0.068767
-0.123094
0.211836
0.029157
0.023087
0.184078
0.109035
0.094970
-0.259386
-0.026482
-0.084375
-0.044102
0.265394
0.334604
-0.177846
0.035428
-0.017647
-0.109604
-0.326248
0.039118
0.133404
-0.209559
-0.113167
0.030683
-0.113115
-0.035439
-0.130333
-0.258308
0.145778
0.284538
-0.072094
-0.071145
-0.276268
-0.148683
-0.189564
-0.106736
0.181263
0.068182
-0.158211
0.212009
0.041699
-0.242588
0.019196
0.307091
-0.345694
0.278482
-0.095192
0.073793
-0.119545
0.016272
-0.175513
-0.133718
0.095133
0.000317
0.187099
0.129598
0.111880
-0.380369
-0.128714
0.110080
0.051748
-0.201385
0.186510
-0.223389
-0.059933
-0.149498
-0.039991
-0.026248
0.355261
-0.199337
-0.253656
0.106825
-0.004216
-0.085176
-0.023794
-0.204043
-0.244405
-0.118988
-0.128541
-0.075526
0.185707
-0.157613
0.230177
-0.156871
-0.009717
0.125432
-0.027274
-0.045415
0.182774
0.133569
0.210530
-0.202058
0.371603
0.249464
0.012264
-0.126040
-0.191302
-0.028863
-0.004709
0.163960
-0.079490
-0.110792
0.124338
0.063871
-0.195969
-0.048168
0.299250
-0.149106
0.124110
-0.268137
0.213080
-0.127893
0.011961
0.151990
-0.283054
0.291801
-0.158581
-0.020196
-0.191326
0.023616
-0.175051
0.166781
0.259268
-0.241156
-0.023176
-0.166181
0.068805
-0.065189
-0.193334
0.064095
-0.049387
0.017310
-0.044988
-0.072628
-0.210662
0.049178
0.028491
-0.058992
0.190205
-0.138666
-0.327705
0.113728
0.171150
0.121966
-0.172573
0.177094
-0.023945
-0.041018
0.158032
-0.069404
0.131884
-0.018153
-0.050199
0.243573
-0.259886
0.075910
-0.068475
0.099051
-0.137434
0.174191
0.017278
0.103311
-0.098631
0.119866
-0.258875
-0.019160
0.021467
0.207325
-0.078152
-0.078462
0.068084
0.031851
-0.112314
0.090522
0.006816
-0.137308
-0.021385
0.129872
0.260513
-0.301062
-0.085400
-0.045314
0.118495
0.153400
-0.240028
-0.290102
0.081156
-0.160926
-0.043474
0.090166
0.160844
-0.317461
0.047606
-0.087074
0.092538
0.226444
0.043052
-0.033572
-0.005074
0.255032
-0.112035
0.063008
-0.004383
-0.076771
0.152952
0.149432
0.075475
-0.016008
0.133436
0.045855
-0.170626
0.337036
-0.147036
-0.052133
0.052726
0.052357
0.094899
-0.154542
0.328566
-0.095576
0.373335
0.052275
-0.413614
0.129675
0.255335
0.118342
-0.081592
-0.139903
0.084769
0.060334
-0.176136
-0.027266
-0.315502
0.110746
0.185518
0.276871
0.112601
-0.029140
-0.030404
-0.191673
-0.129152
0.090812
-0.144772
-0.276188
0.185679
0.057240
-0.076830
-0.156555
0.191122
-0.185398
-0.104555
0.274323
-0.280703
-0.228039
-0.032580
-0.316078
-0.110274
0.174829
-0.016560
-0.174215
0.236870
0.245013
0.088075
-0.079205
-0.081953
-0.017674
0.196530
0.032358
0.245029
0.167260
0.277260
0.114742
-0.032062
-0.303514
-0.161447
0.006039
-0.395561
0.200007
0.139616
0.233271
0.014608
-0.113094
0.069883
0.171040
0.098287
0.183747
-0.145040
-0.013120
0.212129
-0.161600
0.251507
0.011291
0.083990
0.049448
-0.069051
0.001459
0.033483
0.276188
-0.405025
-0.012755
0.005739
0.311075
0.101985
-0.173901
0.007561
0.378248
-0.168439
0.049710
0.139970
-0.028247
-0.007153
0.154576
-0.141341
0.208596
-0.112093
0.102812
0.246476
0.182287
0.091400
0.020895
0.309687
-0.094804
0.179186
-0.044612
0.102221
-0.179999
-0.041443
-0.013008
-0.341518
-0.156336
-0.025764
0.101926
-0.135396
-0.361490
0.217580
-0.129544
0.017890
-0.240415
-0.079835
0.156727
0.021471
0.058880
-0.124698
0.027130
-0.168525
-0.238503
-0.158481
0.077951
-0.203793
-0.067081
-0.191866
0.254602
0.275249
-0.012683
0.209991
-0.061375
-0.046239
0.167417
0.074326
0.051082
0.012788
-0.099015
0.004299
-0.124316
-0.021663
-0.066545
0.185557
-0.003772
-0.016827
-0.184411
0.152952
0.151643
-0.068096
0.132297
-0.076646
-0.229470
0.135962
0.112570
-0.105824
0.038141
-0.201902
0.455666
0.161412
-0.095879
0.283022
0.119943
0.210767
-0.247273
0.169217
-0.125372
-0.267685
0.323099
-0.386921
0.320885
0.505882
0.109139
-0.150803
-0.029490
-0.313843
-0.037959
-0.269547
0.080040
0.341610
0.178982
-0.304293
-0.252058
-0.052510
0.348688
-0.239882
-0.156313
0.286041
0.075236
-0.318058
-0.069568
-0.023059
-0.135432
0.050373
0.190119
-0.279902
0.319588
0.064356
-0.032978
0.126060
0.194453
0.189922
0.014530
-0.213430
-0.477901
-0.117373
-0.010253
0.000766
-0.286528
-0.449253
-0.174646
0.411886
-0.236919
0.092728
0.358980
0.111765
-0.147155
-0.314354
0.496174
0.028473
-0.112980
-0.190804
-0.094980
-0.148410
-0.040039
0.195531
0.086689
-0.237469
0.262297
-0.044273
-0.211802
-0.060665
-0.371763
0.317728
0.242924
-0.232253
0.303158
-0.386763
0.283512
-0.083764
-0.216196
0.209257
-0.189293
0.164297
-0.317450
-0.447332
-0.339333
0.154824
-0.244665
0.156844
0.183295
0.257748
-0.033960
0.188707
0.011353
0.026393
0.286255
-0.419371
-0.311470
0.031139
0.153766
-0.005862
0.485474
0.299019
-0.305548
0.113394
0.164748
-0.002391
0.344042
-0.169154
-0.083744
-0.489569
0.042119
0.243983
0.294157
0.241690
0.414061
-0.147589
0.394491
0.270176
-0.507763
0.477390
-0.089881
-0.441332
0.049079
0.021865
-0.414940
0.334944
0.119905
-0.209000
-0.253351
0.172884
-0.114470
-0.385292
-0.044725
-0.420017
0.345512
0.019628
0.097020
0.072531
-0.047116
-0.087510
0.200374
-0.105391
0.256863
-0.024509
0.134275
0.053510
-0.172097
-0.086627
-0.293726
-0.060430
-0.226646
-0.383608
0.113630
-0.278353
0.157298
0.217726
0.154961
0.176805
0.109118
-0.198784
-0.169353
-0.005743
-0.064647
-0.114078
0.091257
0.381256
-0.092038
-0.329136
-0.163628
-0.239549
-0.316256
0.137530
-0.244549
-0.159391
-0.504784
-0.110665
-0.105881
-0.057058
0.319729
-0.399998
0.499920
-0.423546
-0.266588
-0.004255
-0.084490
0.407728
-0.305569
0.072887
0.065100
-0.296844
-0.226294
-0.001449
0.212413
-0.190548
0.401493
0.305689
-0.426311
-0.308353
-0.025466
0.027471
0.069511
-0.339314
-0.452803
0.441980
0.018314
-0.337763
0.231314
0.529449
0.122197
0.034022
-0.487959
0.102687
0.127491
-0.137137
-0.001960
0.043002
-0.246430
-0.305117
0.015492
0.436079
0.013433
0.404198
-0.182783
-0.289156
-0.401352
0.120334
0.116924
-0.210646
-0.087626
-0.008939
0.331827
0.084688
0.267139
0.498848
-0.090743
-0.331959
-0.458353
-0.476843
-0.321550
0.280865
0.174982
-0.292490
0.283157
-0.315334
0.187785
0.379568
0.244688
-0.058647
0.074451
-0.258862
-0.239980
0.090297
-0.469666
0.096668
0.418550
-0.254000
-0.300018
-0.083960
0.050354
0.229766
-0.092900
0.482571
0.213667
0.076256
0.464003
0.024942
0.359295
-0.094745
-0.353920
0.040157
-0.332922
0.338079
-0.353115
0.050629
0.125549
-0.165332
-0.184803
-0.148803
-0.223979
-0.011978
0.111373
0.055472
-0.022470
0.259119
-0.364882
-0.122960
0.105513
-0.047882
0.309708
-0.361156
0.181884
-0.398195
-0.496393
-0.219448
-0.223959
0.485020
-0.096529
-0.482077
-0.126744
0.166964
0.075102
-0.357254
-0.009567
-0.275606
0.208373
0.015197
0.174453
0.023178
-0.233999
0.469906
0.013611
-0.022235
0.006334
-0.010882
0.236491
0.158078
-0.131823
0.239588
0.108178
-0.339140
-0.021565
0.290060
-0.119921
0.099844
-0.032195
0.173139
0.484470
-0.128725
0.310884
0.458117
-0.059745
0.285196
-0.518566
-0.069313
0.007570
0.309237
-0.054117
0.083648
0.432804
-0.290529
0.036530
0.444393
-0.310354
0.042472
-0.181882
0.024512
-0.318489
-0.213314
0.165727
-0.210313
0.064962
0.144156
-0.020647
-0.052546
0.143607
0.049962
0.118177
0.111060
-0.078764
0.429060
-0.047843
-0.038116
0.097236
0.050608
-0.208215
0.104412
0.460238
0.252668
0.288452
0.278038
0.064942
-0.292431
0.205413
-0.245804
0.365433
0.123922
0.295729
0.046942
-0.189782
-0.055567
-0.062978
0.394609
0.088982
-0.081606
-0.177371
0.232589
-0.033666
0.457829
-0.273373
-0.012429
0.271883
-0.221213
-0.050155
-0.148293
-0.170605
0.359037
-0.043880
-0.224979
-0.003686
0.146589
0.053061
0.061256
-0.047471
-0.360958
-0.186567
-0.297428
-0.335413
0.108765
0.366922
0.090197
0.053588
0.205570
-0.032606
0.041785
0.123960
0.307043
-0.242646
0.090296
0.149864
