0.750519
0.352478
0.257462
0.615997
0.391251
0.706421
0.566895
0.621521
0.264587
0.416260
0.382080
0.573334
0.856079
0.468384
0.768738
0.450027
0.538177
0.522919
0.449265
0.438126
0.322906
0.672821
0.723297
0.491150
0.765808
0.640564
0.443756
0.325073
0.128784
0.259354
0.546539
0.764832
0.315155
0.389404
0.493652
0.591949
0.206337
0.357971
0.801147
0.359222
0.476364
0.179756
0.632416
0.442947
0.347977
0.698547
0.192688
0.886139
0.220314
0.641937
0.321518
0.543213
0.429184
0.744659
0.620911
0.191063
0.381287
0.475342
0.516602
0.397919
0.322403
0.648529
0.574646
0.637573
0.452545
0.478973
0.225578
0.544464
0.425064
0.437866
0.904846
0.313293
0.317459
0.535614
0.642242
0.552185
0.530853
0.834961
0.434402
0.452179
0.591339
0.455765
0.697479
0.605865
0.497101
0.729095
0.207642
0.881836
0.202835
0.609802
0.390732
0.526398
0.557281
0.550720
0.460205
0.595215
0.029702
0.272339
0.551544
0.454773
0.598083
0.455215
0.768066
0.502075
0.401474
0.407547
0.467255
0.518890
0.355774
0.601471
0.673218
0.243340
0.357391
0.666962
0.849243
0.554352
0.393341
0.353104
0.432281
0.481705
0.663208
0.709717
0.593506
0.217751
0.673920
0.465576
0.813019
0.703613
0.326035
0.477371
0.570282
0.623962
0.517944
0.334427
0.537170
0.506439
0.742401
0.589783
0.725159
0.510040
0.491440
0.394913
0.453232
0.848846
0.172401
0.299698
0.399261
0.454010
0.352631
0.245712
0.636780
0.315552
0.655701
0.643677
0.118690
0.625885
0.694641
0.633820
0.441223
0.431396
0.698212
0.711334
0.353195
0.326691
0.156258
0.778229
0.532959
0.787689
0.779877
0.669281
0.408279
0.567566
0.177010
0.449203
0.412460
0.236137
0.634430
0.814026
0.690155
0.401688
0.645569
0.440170
0.302628
0.597534
0.381302
0.421768
0.337433
0.186485
0.351852
0.778687
0.507355
0.460754
0.488373
0.746124
0.488876
0.530182
0.634857
0.318085
0.729034
0.413116
0.876404
0.725006
0.680908
0.638794
0.472061
0.391953
0.286057
0.517181
0.318115
0.565094
0.504303
0.849243
0.301514
0.218071
0.444031
0.382645
0.527710
0.781464
0.456314
0.580566
0.858673
0.259933
0.743866
0.343140
0.708191
0.529053
0.283997
0.453552
0.736145
0.601868
0.164108
0.723511
0.623566
0.732910
0.658539
0.206161
0.237007
0.645630
0.424393
0.440689
0.507385
0.342117
0.285995
0.808899
0.446915
0.730042
0.603851
0.674438
0.509888
0.647919
0.253372
0.364624
0.907837
0.294678
0.707733
0.726532
0.523529
0.289169
0.478668
0.556366
0.302170
0.228142
0.275986
0.625549
0.373383
0.046217
0.718475
0.495926
0.580139
0.255661
0.522034
0.498230
0.483337
0.507843
0.720123
0.515625
0.351883
0.320114
0.304047
0.747314
0.078522
0.443436
0.523804
0.688477
0.738098
0.342087
0.711243
0.559540
0.631256
0.776489
0.818054
0.521118
0.303635
0.505890
0.444122
0.376816
0.439957
0.275406
0.460449
0.430771
0.417084
0.393158
0.628815
0.785980
0.604309
0.459961
0.413727
0.252441
0.783539
0.603333
0.110283
0.447876
0.457458
0.634094
0.433792
0.897003
0.562744
0.444061
0.454926
0.490219
0.331055
0.269058
0.423645
0.635834
0.660492
0.455444
0.600342
0.800262
0.616852
0.472672
0.342010
0.444626
0.451202
0.269394
0.815948
0.466187
0.730530
0.340225
0.604187
0.510559
0.646118
0.715668
0.846313
0.100849
0.460266
0.390625
0.296432
0.319244
0.835846
0.451187
0.513245
0.465881
0.720215
0.522247
0.687103
0.492416
0.388367
0.285156
0.706116
0.705048
0.643372
0.634674
0.735077
0.507996
0.603912
0.547546
0.271637
0.333267
0.301941
0.578400
0.429230
0.244347
0.704742
0.387222
0.345642
0.754364
0.076393
0.341919
0.184105
0.912689
0.679077
0.697296
0.375824
0.811218
0.332413
0.650604
0.302414
0.721222
0.346481
0.419235
0.424698
0.692444
0.639313
0.456451
0.612274
0.657410
0.303741
0.583771
0.401367
0.305511
0.572845
0.531586
0.550293
0.277634
0.217354
0.482513
0.731812
0.294189
0.712250
0.326599
0.204140
0.503021
0.613251
0.282074
0.427505
0.356339
0.632538
0.729950
0.664154
0.680450
0.734558
0.385544
0.783569
0.785767
0.430847
0.391922
0.439209
0.434418
0.274231
0.540863
0.625488
0.548584
0.370987
0.761200
0.411591
0.588776
0.354248
0.554077
0.583984
0.478836
0.468384
0.487961
0.684021
0.492325
0.655609
0.407745
0.435699
0.584381
0.133759
0.396072
0.677826
0.279007
0.369308
0.458603
0.650116
0.499985
0.738373
0.502777
0.819977
0.714050
0.341080
0.556396
0.258728
0.297455
0.729492
0.672638
0.472794
0.194702
0.222809
0.467499
0.261215
0.391022
0.843323
0.355896
0.470337
0.494980
0.349472
0.202278
0.492783
0.483246
0.300491
0.757111
0.649445
0.370071
0.212273
0.595795
0.756775
0.361359
0.095848
0.687683
0.775269
0.439209
0.656006
0.446976
0.322510
0.496017
0.705017
0.208321
0.276108
0.338516
0.561829
0.538483
0.619019
0.515625
0.191071
0.199883
0.309601
0.541718
0.404465
0.503387
0.910553
0.290314
0.256622
0.670471
0.660400
0.468872
0.266266
0.528168
0.532806
0.362137
0.627686
0.305328
0.501617
0.394241
0.638336
0.712006
0.475647
0.755219
0.332169
0.752197
0.796295
0.593781
0.589233
0.525818
0.698761
0.481308
0.611237
0.118881
0.321594
0.601105
0.507843
0.228645
0.302124
0.464294
0.602417
0.074665
0.633453
0.868683
0.488358
0.463699
0.227341
0.226608
0.771301
0.616821
0.506409
0.520142
0.439331
0.567444
0.274170
0.471359
0.319214
0.771454
0.363037
0.908875
0.293381
0.472488
0.686462
0.791382
0.476929
0.593872
0.505310
0.685730
0.525787
0.808655
0.146111
0.424484
0.771149
0.193718
0.289719
0.370010
0.357224
0.216881
0.600067
0.425232
0.533539
0.102570
0.647522
0.383591
0.559509
0.622681
0.741699
0.289368
0.690399
0.517700
0.194328
0.280029
0.575592
0.582245
0.771210
0.754639
0.174477
0.573944
0.436447
0.700317
0.495819
0.586456
0.824615
0.263031
0.665741
0.814148
0.633514
0.319687
0.327301
0.529846
0.447037
0.863129
0.521881
0.505249
0.243996
0.492050
0.424622
0.399109
0.481262
0.700409
0.502197
0.375854
0.392746
0.663635
0.254333
0.749329
0.528748
0.429977
0.622284
0.265366
0.715698
0.817932
0.737396
0.651978
0.377213
0.513702
0.462677
0.422562
0.833344
0.793488
0.654968
0.390930
0.653137
0.587555
0.482010
0.596954
0.779419
0.493179
0.581421
0.256760
0.604279
0.380356
0.633789
0.696838
0.156815
0.473511
0.746368
0.686737
0.905762
0.479172
0.537506
0.733154
0.294357
0.685608
0.684143
0.671570
0.310242
0.557526
0.679993
0.442154
0.347061
0.446655
0.719086
0.701202
0.619568
0.614105
0.597137
0.696411
0.517944
0.590485
0.653076
0.121803
0.672943
0.283356
0.704651
0.416336
0.171036
0.561523
0.399765
0.073353
0.338135
0.350266
0.692078
0.518005
0.736115
0.486755
0.300156
0.344925
0.343994
0.683411
0.486923
0.276871
0.426315
0.316528
0.680206
0.344467
0.515991
0.274597
0.151421
0.333664
0.865479
0.219070
0.155762
0.534546
0.502411
0.271103
0.951324
0.673431
0.836121
0.463913
0.633514
0.759613
0.399567
0.438873
0.390488
0.546387
0.337479
0.576202
0.476700
0.267288
0.556335
0.374756
0.546478
0.395615
0.579132
0.524078
0.441544
0.507446
0.799133
0.478500
0.426498
0.660736
0.697571
0.582275
0.193634
0.199547
0.555511
0.845947
0.573273
0.387695
0.305954
0.505371
0.558014
0.592712
0.645264
0.533875
0.137459
0.279404
0.224525
0.615753
0.548981
0.780823
0.578217
0.680847
0.763031
0.269028
0.315475
0.200661
0.361847
0.225136
0.681915
0.490936
0.585693
0.676941
0.483887
0.780945
0.576752
0.625214
0.625275
0.448593
0.424759
0.227928
0.654938
0.570923
0.822906
0.711304
0.516663
0.847107
0.401398
0.326569
0.573395
0.535797
0.220238
0.262131
0.627289
0.569122
0.417175
0.643799
0.182755
0.781311
0.754974
0.162102
0.568481
0.640350
0.539307
0.638214
0.417358
0.529053
0.377411
0.339340
0.388336
0.687714
0.455124
0.339523
0.254700
0.275299
0.461517
0.473953
0.232933
0.448303
0.800476
0.806793
0.571777
0.318634
0.367477
0.610962
0.300720
0.485641
0.253586
0.370209
0.563660
0.304779
0.532745
0.833160
0.241379
0.482758
0.584167
0.661499
0.897369
0.257812
0.586212
0.281784
0.645813
0.453201
0.508057
0.314682
0.728516
0.669861
0.374008
0.546814
0.707001
0.472412
0.466431
0.689911
0.493179
0.419739
0.296936
0.679474
0.316086
0.436096
0.749512
0.583069
0.744354
0.278336
0.412720
0.685974
0.346481
0.293121
0.344742
0.242226
0.552551
0.343933
0.525177
0.611328
0.682648
0.735809
0.511414
0.409576
0.401749
0.772644
0.066917
0.404984
0.355560
0.419342
0.392319
0.734283
0.250977
0.277420
0.409836
0.454926
0.714630
0.456757
0.738220
0.455551
0.435379
0.447220
0.440094
0.670898
0.743835
0.784821
0.324265
0.406891
0.126015
0.735016
0.603607
0.811035
0.466888
0.702026
0.332275
0.282776
0.585205
0.284744
0.573761
0.239288
0.407410
0.668243
0.384247
0.658356
0.357529
0.381790
0.813599
0.658020
0.838531
0.849243
0.526550
0.573639
0.409317
0.377350
0.355499
0.149185
0.748718
0.679749
0.556488
0.877045
0.526459
0.748993
0.684143
0.406784
0.561584
0.601746
0.575134
0.445297
0.587524
0.735443
0.684570
0.406067
0.514648
0.064915
0.362991
0.757751
0.446701
0.761993
0.414124
0.399673
0.609589
0.351379
0.858856
0.316330
0.315292
0.625092
0.465942
0.174522
0.300919
0.609009
0.162086
0.713348
0.468536
0.731750
0.117382
0.443558
0.445236
0.392319
0.888855
0.331757
0.426758
0.870117
0.737793
0.528015
0.634857
0.686218
0.698700
0.380554
0.747162
0.110558
0.780212
0.468445
0.461945
0.635193
0.043596
0.137329
0.085617
-0.243370
0.172195
-0.009850
0.064484
0.099480
0.118729
-0.141090
0.132401
-0.004228
-0.226341
-0.104961
0.111904
-0.034298
0.059368
-0.104824
-0.078300
-0.016720
-0.064381
-0.230698
-0.270996
0.111481
-0.033409
0.145973
0.202301
0.175835
0.214554
-0.021420
0.049509
-0.179581
0.261780
-0.155006
0.013649
-0.003738
0.272858
-0.070023
-0.195518
-0.045549
-0.064667
-0.061411
0.097809
0.146698
-0.018781
0.061550
-0.036896
0.040579
-0.042711
-0.115196
0.023276
-0.107094
0.091820
-0.100155
-0.286316
0.058414
0.045811
0.206100
0.235962
-0.178482
-0.106594
-0.004657
-0.068497
0.155190
0.130463
0.235275
0.151466
-0.034397
-0.124306
0.247780
-0.080513
0.100590
0.333954
0.016146
-0.188728
-0.123123
-0.068184
-0.225616
-0.082554
0.036106
0.096905
0.088303
0.075459
-0.101425
-0.157707
0.079273
0.247139
-0.113617
0.284241
0.045359
0.147346
0.177055
-0.106304
-0.211304
0.184669
-0.265961
0.023977
0.045424
-0.010792
-0.100330
-0.145645
-0.090740
0.000260
-0.102398
0.215530
-0.189049
0.063480
-0.143349
0.023629
0.128510
0.039185
-0.027053
0.069233
-0.032919
-0.128448
0.059099
0.045773
-0.028906
-0.054497
-0.107716
0.165749
-0.345444
-0.220772
0.058882
-0.266037
0.253448
-0.207085
-0.242065
0.009321
0.218697
-0.052834
0.011259
-0.162186
-0.052578
0.200706
-0.235649
-0.239922
-0.025957
-0.231415
0.073284
-0.045036
-0.190521
0.193794
0.024203
0.214294
0.064774
0.083294
-0.177086
0.183441
0.317215
-0.137794
0.199905
0.121063
-0.067867
-0.031347
-0.292557
-0.104549
-0.091980
-0.097477
0.194901
-0.162285
-0.002742
0.059704
0.113243
0.382401
-0.178436
0.025176
-0.296936
0.085155
0.085602
0.214066
-0.107460
0.331665
0.116596
-0.083275
0.107658
-0.256348
-0.001103
-0.069416
0.217232
0.027680
0.231079
0.127007
0.001164
0.015066
0.097366
0.144608
0.348221
-0.142204
0.047136
0.105423
-0.014354
0.043276
-0.272598
0.247597
-0.012048
-0.013312
0.125191
-0.017126
0.070686
-0.228630
-0.094349
0.112514
-0.187103
-0.124195
-0.119476
0.212402
-0.090412
0.318253
-0.148880
-0.163315
-0.091789
-0.065365
0.255508
-0.091179
0.097267
-0.085960
0.053431
0.008915
-0.081165
-0.048147
-0.033245
0.052650
-0.004879
-0.159401
0.152649
0.273209
0.264999
-0.161583
-0.035761
0.187531
0.049204
-0.275986
-0.138802
-0.285477
0.037546
0.180557
0.073914
0.094139
0.061113
-0.220818
0.221535
-0.030664
-0.286179
0.038763
-0.121861
0.102360
0.100368
-0.069553
-0.179985
0.018084
-0.117699
-0.213226
-0.077435
-0.122581
0.065090
0.222801
0.002474
0.181374
-0.084660
0.258545
0.078770
-0.035448
0.130165
0.231232
0.116211
-0.270584
-0.025919
-0.247002
0.260132
-0.254929
-0.177696
0.043949
-0.138023
-0.174873
-0.207413
0.176132
-0.072506
0.328949
-0.331131
0.185219
-0.088951
-0.159286
0.118427
-0.166389
0.155853
0.035938
-0.090042
0.158318
-0.073391
-0.028233
0.125595
-0.141632
0.225876
0.107597
0.237183
-0.096771
0.273590
-0.079994
-0.053654
0.097717
-0.044800
-0.083748
-0.296051
-0.036957
0.180794
-0.064636
-0.008406
0.106556
-0.173386
0.098179
0.003362
0.027788
-0.061121
-0.026356
0.010110
-0.195969
-0.137405
-0.081059
-0.185234
0.226913
-0.109291
0.231651
0.084698
-0.321136
0.047977
0.030622
-0.270340
-0.114437
0.240189
0.115448
0.273407
-0.094749
-0.117027
-0.312775
0.158424
0.063190
0.060310
-0.287689
0.171478
0.035080
-0.190086
-0.264008
0.062288
0.186508
0.147354
-0.076313
-0.157028
0.009375
-0.009789
-0.194687
0.089268
-0.119080
-0.253189
-0.116161
-0.003094
0.084934
-0.084396
0.017280
0.118076
-0.281937
-0.157990
0.101349
-0.085976
-0.127426
-0.209724
-0.075699
-0.063663
0.139000
-0.215225
-0.182320
0.026494
-0.115196
-0.009191
0.090496
-0.218796
-0.010552
0.161766
0.061880
0.000536
-0.284042
-0.132805
0.089207
-0.113571
0.050591
-0.318207
-0.116077
0.137222
-0.112492
0.191338
0.254166
-0.246277
-0.256805
0.209641
-0.042685
-0.095787
-0.149368
0.029198
0.130684
0.137207
0.104107
0.095360
0.165398
-0.011079
-0.062542
-0.034803
-0.082291
-0.071384
-0.311905
0.269714
-0.071445
-0.158791
-0.153236
0.164207
0.165924
0.187492
-0.006418
0.049862
0.034008
0.029795
-0.048943
0.142311
0.073666
-0.016176
0.060110
0.030974
-0.111961
0.058310
-0.088539
0.168015
-0.242203
0.164291
0.114658
-0.366928
-0.136917
0.053829
0.035984
0.070911
0.129440
0.015342
0.049349
0.205589
0.003002
0.186241
-0.067932
0.021346
0.084743
-0.221939
0.071198
-0.028830
0.096859
0.312393
-0.177788
0.169937
0.006082
0.029902
-0.237946
0.184837
-0.349503
-0.177765
0.204689
-0.152267
-0.013480
0.029221
-0.229660
-0.151543
-0.207649
0.245758
-0.080631
0.211922
-0.030170
0.116306
-0.021323
0.262955
0.013549
-0.089260
-0.004121
-0.049295
-0.020481
0.067081
0.068321
-0.214348
-0.057123
0.039829
-0.042704
-0.198624
-0.368561
0.009482
-0.014354
-0.278641
-0.020711
0.189217
-0.141357
0.254807
-0.069992
0.066689
-0.186874
0.011351
0.022315
0.022641
-0.212723
-0.008433
-0.298767
0.203644
0.108665
0.152481
-0.032610
0.103958
0.102055
0.093903
-0.266663
-0.119755
-0.120438
0.113926
-0.079926
-0.163139
-0.084694
-0.009084
-0.005499
-0.099045
0.001823
-0.026785
0.239464
0.298157
-0.207977
-0.269379
0.074749
-0.105286
0.031527
0.098774
0.065502
-0.033617
-0.058380
0.204453
-0.120106
0.197296
-0.080784
0.285004
0.152542
-0.268845
-0.058807
-0.112415
-0.098469
-0.031656
0.147377
0.260452
-0.045496
0.062698
-0.186333
-0.199158
-0.034647
0.253220
-0.227081
-0.234039
0.113678
0.002643
-0.065716
-0.101715
-0.102062
0.113380
-0.004657
0.110462
-0.066677
-0.061321
0.314911
0.103355
-0.011596
-0.204170
-0.049356
-0.147484
-0.036428
0.038849
-0.114025
-0.135460
0.007192
-0.114227
-0.313858
0.250107
-0.049824
-0.062504
0.198540
0.063110
0.189003
-0.174423
-0.023361
0.302673
-0.025337
0.201073
-0.236755
0.019608
-0.123837
0.048721
-0.017525
0.098492
-0.012599
0.149803
-0.088287
0.124508
0.093212
0.008808
-0.024093
-0.091377
0.047657
-0.138115
0.211449
0.054848
-0.104763
-0.102436
-0.132759
-0.007001
-0.163231
-0.080105
-0.091480
-0.121792
-0.108078
-0.115963
-0.256836
0.156731
0.084522
-0.203453
0.030461
0.251389
-0.007146
-0.277191
0.059757
0.129547
0.163864
-0.316956
0.106472
-0.033058
0.129562
0.081810
-0.271423
0.029626
-0.346436
0.087593
-0.353241
-0.014078
-0.162422
-0.048285
-0.019362
-0.036091
-0.128387
-0.112545
-0.009727
0.201256
-0.226807
0.023561
0.069553
0.005300
-0.032307
-0.190704
-0.033440
-0.039457
-0.177773
-0.119553
0.089508
0.133667
0.000065
-0.094147
-0.046967
0.129044
-0.013480
0.119316
-0.131454
0.077221
0.206322
-0.194557
-0.083855
0.043903
0.196587
0.186920
-0.280624
-0.080509
0.074371
0.146790
-0.315277
-0.005423
-0.119778
0.043276
-0.147133
-0.300217
0.142723
0.108994
-0.192108
-0.036758
0.135880
-0.100880
-0.339096
-0.154770
0.093391
0.051662
-0.171593
0.081615
0.022817
-0.014047
-0.278885
-0.208565
-0.059313
0.074970
0.273041
-0.011443
0.112583
0.138298
0.055614
-0.101471
0.137505
0.178078
0.039553
-0.130966
-0.068771
-0.108166
0.006518
-0.075336
0.002528
0.104549
0.037197
0.138405
0.003654
-0.011757
-0.014645
0.097042
0.038189
0.250336
-0.259613
-0.229111
-0.053844
-0.100231
-0.001118
0.176987
0.264297
-0.165779
-0.124607
0.088455
-0.173363
0.222862
-0.014147
0.253159
-0.037899
-0.122761
0.270889
0.184608
-0.229202
-0.160294
-0.180885
-0.226677
-0.055744
-0.143684
-0.089417
-0.053795
-0.008985
0.042938
0.192543
0.029205
0.293274
-0.215797
0.090225
-0.197166
-0.169037
-0.201027
-0.021312
-0.050617
0.070896
-0.144783
0.036703
-0.102467
-0.213173
-0.267563
-0.140022
0.186058
0.047380
0.130882
0.080513
0.255890
-0.028845
0.047810
0.176781
-0.232750
0.194252
0.088482
-0.137253
-0.103149
0.130287
-0.093433
0.215607
0.277695
-0.162239
0.016269
0.079411
-0.039415
0.104794
-0.380188
0.200096
-0.114449
-0.087261
-0.053316
0.219666
0.137268
-0.030775
-0.208778
-0.112675
0.163620
0.211098
-0.033287
-0.016514
0.034100
-0.133072
0.010953
-0.049364
-0.227219
0.099464
0.102383
0.105621
0.083878
0.299088
-0.116482
-0.077274
-0.010731
-0.100220
0.001551
0.239983
0.152725
0.059069
0.149948
0.038280
-0.026485
-0.194626
0.111504
-0.037914
0.064156
0.191734
-0.003577
0.228340
-0.035463
-0.182739
0.064240
0.000352
-0.168808
-0.072376
0.241112
0.040556
0.027665
-0.094208
-0.001409
-0.178596
0.204865
0.031403
0.033686
-0.244148
0.219604
0.035233
0.145126
0.082199
-0.195824
0.003232
-0.025965
0.214279
0.100430
0.231995
-0.112061
0.164574
-0.014001
0.174492
-0.044792
0.098114
0.137619
0.017739
0.098480
-0.029473
0.094639
0.049463
-0.136505
0.121731
-0.045891
-0.136780
0.232132
0.158394
0.183624
-0.171883
0.062408
0.113098
-0.137787
0.207520
-0.241295
0.104103
0.063168
0.170456
-0.117622
0.015441
-0.035278
0.059870
-0.109535
-0.049250
-0.204491
-0.154900
-0.099281
0.082428
-0.135460
0.148491
-0.094639
-0.189529
-0.241478
-0.232849
-0.067799
0.004473
0.068092
0.163757
-0.274826
-0.038443
-0.009268
-0.212448
-0.214340
0.290085
0.283493
-0.017900
-0.043524
-0.089344
0.003841
-0.015288
0.072533
0.258713
0.044592
0.252579
-0.081802
-0.010601
-0.190758
-0.181084
-0.076347
-0.037224
-0.181892
0.265594
0.063381
0.016054
0.032751
-0.295135
0.020527
0.102543
-0.132492
0.182831
-0.227730
-0.141754
0.261108
-0.004350
-0.141800
0.106876
-0.170975
-0.038326
-0.273163
-0.167137
0.238243
0.238777
0.091576
0.134125
0.053631
0.009781
-0.166626
-0.138252
0.266388
-0.244102
0.114658
-0.353195
-0.126656
-0.112659
-0.047005
-0.092190
0.029925
-0.026478
-0.280365
0.335144
-0.279663
-0.070381
-0.244316
-0.019140
0.215988
0.051010
0.235306
0.045006
-0.134331
-0.184868
-0.268005
0.103905
-0.236786
-0.028830
-0.052099
0.105865
-0.166069
-0.365723
-0.031256
0.100338
-0.172676
0.083401
-0.252884
-0.304077
0.371964
0.135368
-0.144798
-0.064571
0.257538
-0.242752
0.266678
-0.091061
0.340088
0.304718
0.085300
0.081532
0.452606
0.106522
-0.153992
-0.045538
0.208672
-0.105141
0.468857
-0.190399
0.207916
0.160149
0.054209
-0.265900
-0.252335
-0.231049
0.055410
0.062487
0.319489
0.212029
-0.141190
0.074440
-0.169617
-0.388382
0.110256
-0.012431
-0.011305
-0.142113
-0.005518
-0.290634
0.162247
-0.537628
-0.309479
-0.002541
0.188728
0.154350
-0.048084
0.395035
0.049198
0.423218
0.204643
0.156738
-0.034035
-0.255753
-0.109138
-0.286331
0.030228
-0.054125
-0.125473
-0.169319
-0.359116
0.252762
-0.094879
-0.011700
0.381409
0.015407
0.076248
-0.149307
0.389954
0.073158
0.079502
-0.065201
-0.466461
-0.129974
0.035061
0.339310
0.024364
-0.012986
0.119362
-0.026785
-0.207184
-0.295441
-0.387054
0.375824
-0.034145
0.020825
0.089851
-0.005921
0.067093
-0.136383
-0.172829
0.322998
-0.400620
0.349701
-0.205719
-0.019177
-0.149483
0.389999
-0.168472
0.338837
0.460770
-0.088978
-0.240952
0.511292
-0.216522
0.309113
0.336029
-0.294937
-0.321274
-0.164017
0.295700
0.088970
0.157967
-0.091377
-0.152618
0.126266
0.546875
-0.062733
0.220741
-0.003830
-0.096313
-0.469101
0.321564
0.017687
0.400040
0.115856
-0.001492
-0.268860
0.403458
0.349487
-0.547424
0.347183
0.260513
-0.271713
0.343552
0.043596
-0.479599
0.062178
0.268127
-0.183434
-0.102211
-0.053577
-0.094460
-0.044592
-0.142525
-0.247078
0.179657
-0.213051
0.207626
-0.214607
0.400940
-0.506500
-0.169098
0.205505
0.128632
-0.286057
-0.298035
0.029187
-0.037868
-0.409576
-0.238739
0.034176
-0.162750
-0.078587
-0.139175
-0.436615
0.065804
-0.099339
0.142189
0.233551
0.334656
-0.062393
-0.339050
0.240211
-0.004178
-0.381180
-0.008870
0.175476
-0.077183
-0.318665
-0.141914
-0.193260
-0.207718
0.308838
0.011860
-0.179062
-0.077587
0.331223
-0.149879
-0.015062
0.438660
-0.390610
0.119492
-0.339462
-0.368805
-0.120052
-0.158653
0.213615
-0.221382
0.084328
-0.071838
-0.504547
-0.495087
0.208557
0.351089
0.017386
0.344421
0.243851
-0.323761
-0.249786
0.025594
0.151756
0.073601
-0.179703
-0.156807
0.183823
-0.358749
-0.131996
-0.099930
0.106766
0.470367
-0.281082
-0.283844
-0.029576
-0.003098
-0.135612
-0.249985
-0.060989
-0.438599
0.148460
-0.077404
0.106594
-0.257690
0.044945
0.214775
-0.004942
-0.552673
-0.055799
0.339325
-0.259369
0.209053
0.364899
-0.107609
0.385452
0.185204
0.254608
-0.048120
-0.175552
-0.396393
-0.150040
-0.068752
0.073967
0.188721
-0.352585
-0.055979
-0.431808
0.131638
0.309433
0.124268
0.209671
-0.059101
0.046879
-0.301132
0.202271
-0.006138
0.016439
0.297714
-0.460815
-0.141731
0.120014
-0.203171
0.167709
-0.132492
0.204231
0.036161
-0.047243
0.458862
-0.111927
-0.122387
-0.037922
-0.161964
0.328308
-0.583374
0.026745
-0.124657
-0.021936
0.214409
0.006974
-0.227097
-0.280746
-0.302353
0.328827
0.285538
0.016349
-0.086315
0.377808
-0.069588
-0.307648
0.434021
-0.111320
0.329407
-0.386566
0.156784
-0.420105
-0.283112
0.094597
0.150093
0.176117
0.083065
-0.072670
-0.379166
0.438110
0.255630
-0.342728
-0.150490
-0.383621
0.250336
0.061897
0.240784
-0.077122
-0.218849
0.457458
0.254105
0.167114
-0.045206
-0.351242
-0.072510
-0.014794
-0.139435
0.260742
0.390900
-0.327057
0.489578
0.030690
-0.230110
0.208900
0.024912
0.020373
0.384659
-0.511841
-0.049868
0.103836
-0.071274
0.105389
-0.339279
0.393616
0.339188
-0.086517
-0.161888
-0.037439
0.451385
-0.380722
-0.096954
0.188461
-0.311600
0.374863
-0.160728
0.130531
-0.257324
-0.199783
-0.123344
-0.383423
-0.012209
-0.251160
-0.353119
0.377518
-0.044672
0.189232
-0.221909
-0.177032
0.294815
0.245224
-0.171143
0.223145
-0.166397
0.105000
-0.000636
0.072433
0.018095
-0.062527
0.034998
0.471893
0.076183
-0.164337
0.141365
-0.237808
0.210144
0.497635
0.409714
-0.049189
-0.321930
-0.230621
0.184402
0.185303
0.035635
0.449127
-0.054585
0.507996
0.020958
0.240532
-0.284042
0.315384
0.485779
0.160225
0.023928
-0.297989
0.264832
0.121662
0.291473
0.285370
-0.038826
-0.190552
0.137863
-0.065418
0.162148
-0.338196
-0.303238
-0.142311
-0.455917
-0.410492
0.425552
-0.260834
-0.121693
0.093346
-0.075497
-0.086037
-0.074932
0.485336
-0.195839
0.046425
0.110470
0.135544
-0.155212
0.079258
0.295395
-0.231659
0.298294
-0.054787
0.409073
0.070724
-0.386826
-0.249176
0.397232
-0.148560
0.302841
0.044378
0.130676
-0.000372
0.519470
0.189766
0.106148
0.426025
-0.068619
-0.532532
-0.098042
-0.045742
-0.103939
-0.072590
-0.175812
0.320053
-0.126930
-0.065304
-0.061415
0.237282
0.011952
-0.280640
-0.095119
0.310257
0.181618
-0.205086
-0.236404
-0.106834
0.062782
-0.354156
-0.255356
-0.151794
0.307648
0.389938
-0.152161
0.207718
0.065090
0.056395
0.015939
-0.003890
0.141273
0.020678
0.467422
0.039762
-0.152672
-0.325790
0.357788
0.239838
0.123920
-0.221024
0.376770
-0.381165
0.013348
-0.235359
0.446136
0.294983
-0.438034
0.310120
0.087784
0.241776
-0.144394
0.447418
0.092403
0.161240
0.222351
0.040619
-0.148064
0.287491
-0.003355
-0.132126
0.283585
0.137955
-0.212212
0.131187
0.177719
0.154572
-0.192184
-0.082283
0.294037
0.031725
-0.204948
0.153816
0.170021
0.327850
-0.081936
-0.003646
0.005417
0.095436
0.206131
-0.423798
-0.277786
0.162125
-0.076767
0.430023
-0.193657
0.245979
0.470276
0.175308
-0.083931
-0.150078
-0.055176
-0.418121
-0.012105
-0.167007
0.332901
0.165230
-0.112782
0.138672
0.181320
0.281662
0.070045
-0.124001
-0.081539
0.237686
-0.413528
-0.163063
-0.380951
0.211319
-0.068031
-0.174797
0.304535
0.271652
0.090126
0.328156
0.184265
-0.205940
-0.040840
0.037531
-0.028210
-0.124748
0.504883
0.014976
-0.025450
0.492386
-0.252380
-0.309952
0.040234
-0.364792
0.445755
-0.395844
-0.083096
-0.103615
-0.002811
-0.064247
-0.480927
-0.313538
0.289719
-0.244469
0.412796
0.221725
0.198135
0.200333
-0.122040
-0.329132
-0.090931
0.060228
0.084766
-0.131744
0.097778
-0.046232
-0.256516
-0.014744
-0.031218
-0.181564
-0.139740
-0.283997
0.125504
0.517883
-0.031345
-0.048159
0.120022
-0.014062
0.365250
0.119663
0.438721
0.501343
0.320724
0.111046
-0.260147
0.216522
-0.285019
0.457047
-0.100567
0.210373
-0.389069
-0.291870
0.273026
0.310715
0.193794
-0.146248
-0.352905
0.037683
-0.258926
0.233284
-0.244247
-0.399048
0.468719
-0.118744
0.119247
-0.182426
-0.267273
0.238930
0.320572
-0.419434
-0.258820
0.141869
-0.432693
-0.455093
0.252960
-0.175797
0.378464
-0.029653
-0.336136
0.175507
-0.336304
-0.107773
-0.113956
-0.065323
0.102554
-0.437164
-0.309494
-0.247932
0.117546
0.046576
-0.014648
-0.227455
0.164551
-0.063309
0.269211
0.283844
-0.343704
0.101913
-0.092239
-0.540131
0.197502
0.263977
0.221565
0.281830
0.328323
-0.142876
0.106445
0.087360
-0.172913
-0.129692
-0.251724
0.008213
-0.337830
0.251343
-0.057472
0.384552
0.329178
-0.266586
0.237022
-0.171066
-0.320389
0.122017
0.216896
0.462006
-0.558289
-0.131294
0.228416
-0.284592
-0.129745
-0.483215
-0.209312
-0.449265
-0.216835
-0.088120
0.450363
0.111107
0.286026
-0.060965
0.198486
0.113121
0.326401
-0.053646
0.121338
-0.011056
0.095310
0.166664
-0.143517
-0.092518
-0.202698
-0.008868
0.253464
-0.003634
0.213531
-0.046665
-0.059048
0.272263
0.338699
0.167358
0.502686
0.307281
0.303986
-0.322006
0.377090
0.086750
-0.309723
0.310440
0.197845
-0.023704
0.249504
0.394348
0.089836
-0.043552
-0.274277
-0.406616
-0.054579
-0.178970
0.375458
0.318970
-0.169075
-0.442215
-0.206940
0.082390
0.171173
-0.093773
0.037758
0.110104
0.178482
-0.142601
-0.239548
0.166603
0.066742
-0.035954
-0.155403
-0.073185
-0.049576
-0.467560
-0.382538
-0.469116
0.128601
0.383987
-0.072746
-0.399384
-0.176956
-0.349030
-0.190575
0.287918
0.089039
-0.430099
0.087433
-0.082069
-0.355698
0.399933
0.103134
0.332504
-0.210831
0.040510
-0.074409
-0.134727
-0.202454
0.203072
-0.485535
-0.035719
-0.447861
-0.125916
-0.110928
-0.397430
0.026369
0.123966
-0.248711
-0.462830
-0.009451
-0.321442
-0.347183
-0.286377
-0.053438
-0.020738
0.101929
0.133972
0.166580
0.189369
0.054346
0.327911
-0.030484
0.057108
0.143394
-0.241302
0.097229
-0.450027
0.243393
0.510193
0.272507
0.272888
-0.140511
-0.177750
0.249763
0.365616
0.042250
0.275742
-0.125427
0.410950
0.329910
-0.237267
0.087105
0.083134
0.093773
-0.483353
0.062428
-0.422089
0.170067
0.331787
0.284714
0.224403
0.041920
-0.262772
-0.235497
-0.331284
0.115356
-0.240631
-0.264679
-0.260666
-0.247864
0.007835
0.112614
0.128670
-0.069511
-0.255035
-0.122765
-0.026873
0.020717
-0.248550
-0.233719
-0.166359
0.131592
-0.144188
-0.085217
0.227402
-0.112518
-0.020381
0.320312
0.157936
-0.308395
0.088024
0.380371
-0.266434
-0.072338
0.044508
0.019700
-0.057333
-0.096123
0.374847
-0.217598
0.175461
-0.136734
-0.104961
0.402481
-0.203827
0.259842
-0.338058
-0.231079
-0.337234
0.030813
0.150589
-0.402817
0.162796
0.006403
0.028600
0.289825
-0.103668
0.108593
0.093128
0.052267
-0.199753
-0.333801
0.334671
0.051229
-0.506531
0.479553
0.170929
0.051540
-0.233574
-0.073647
0.350983
-0.058111
0.309067
-0.273026
-0.273422
-0.412170
-0.013189
0.008360
-0.128242
0.267380
-0.063206
0.539398
-0.236206
0.099625
0.031208
-0.207596
0.389069
-0.074493
-0.196953
-0.034416
-0.022204
0.117912
-0.468597
-0.204567
0.269547
-0.359711
-0.339996
-0.074135
-0.308182
-0.056925
-0.248543
0.042826
0.500366
0.160912
-0.230209
-0.290054
-0.253235
-0.343765
-0.283676
0.135529
0.023994
0.272949
0.160332
0.304810
0.372177
0.091152
0.097248
0.246643
-0.083710
0.000304
0.111862
-0.005530
0.120644
0.157898
-0.308060
-0.227219
-0.201805
-0.033028
0.313644
0.107037
-0.089951
-0.449478
-0.467545
-0.106598
0.226440
-0.082729
0.218361
-0.024746
-0.426498
-0.163292
0.110798
-0.402481
