0.750500
0.352482
0.257467
0.616001
0.391251
0.706417
0.566887
0.621513
0.264582
0.416264
0.382082
0.573345
0.856060
0.468393
0.768753
0.450022
0.538174
0.522911
0.449247
0.438126
0.322893
0.672802
0.723301
0.491148
0.765804
0.640541
0.443747
0.325083
0.128779
0.259365
0.546551
0.764832
0.315149
0.389397
0.493662
0.591953
0.206337
0.357969
0.801155
0.359221
0.476364
0.179761
0.632397
0.442945
0.347982
0.698566
0.192690
0.886154
0.220309
0.641933
0.321527
0.543201
0.429184
0.744659
0.620907
0.191068
0.381275
0.475349
0.516598
0.397911
0.322397
0.648529
0.574612
0.637547
0.452541
0.478970
0.225576
0.544430
0.425070
0.437874
0.904823
0.313299
0.317463
0.535595
0.642246
0.552170
0.530865
0.834938
0.434402
0.452173
0.591320
0.455759
0.697506
0.605881
0.497108
0.729111
0.207646
0.881859
0.202840
0.609795
0.390741
0.526409
0.557323
0.550735
0.460207
0.595245
0.029702
0.272333
0.551544
0.454767
0.598064
0.455196
0.768070
0.502079
0.401489
0.407562
0.467249
0.518906
0.355772
0.601479
0.673206
0.243338
0.357405
0.666969
0.849220
0.554344
0.393326
0.353117
0.432278
0.481720
0.663189
0.709747
0.593510
0.217761
0.673923
0.465582
0.813007
0.703632
0.326046
0.477377
0.570271
0.623932
0.517952
0.334412
0.537155
0.506447
0.742420
0.589787
0.725182
0.510059
0.491430
0.394911
0.453224
0.848835
0.172400
0.299696
0.399258
0.454027
0.352638
0.245705
0.636745
0.315552
0.655724
0.643700
0.118694
0.625904
0.694660
0.633831
0.441229
0.431400
0.698204
0.711319
0.353203
0.326683
0.156259
0.778217
0.532955
0.787712
0.779877
0.669273
0.408291
0.567554
0.177011
0.449196
0.412468
0.236138
0.634445
0.814026
0.690166
0.401701
0.645561
0.440184
0.302635
0.597538
0.381304
0.421776
0.337437
0.186490
0.351858
0.778664
0.507366
0.460758
0.488365
0.746124
0.488886
0.530178
0.634865
0.318090
0.729031
0.413115
0.876389
0.724998
0.680943
0.638786
0.472067
0.391962
0.286066
0.517212
0.318130
0.565086
0.504292
0.849243
0.301523
0.218070
0.444023
0.382656
0.527702
0.781460
0.456320
0.580559
0.858673
0.259933
0.743893
0.343119
0.708183
0.529030
0.283993
0.453573
0.736145
0.601875
0.164110
0.723507
0.623577
0.732906
0.658546
0.206164
0.237012
0.645611
0.424372
0.440695
0.507401
0.342110
0.286013
0.808922
0.446903
0.730034
0.603889
0.674438
0.509876
0.647892
0.253374
0.364630
0.907825
0.294689
0.707748
0.726536
0.523540
0.289160
0.478659
0.556385
0.302179
0.228150
0.275972
0.625584
0.373373
0.046216
0.718475
0.495937
0.580132
0.255672
0.522015
0.498222
0.483335
0.507851
0.720139
0.515621
0.351887
0.320112
0.304056
0.747314
0.078525
0.443428
0.523811
0.688477
0.738117
0.342083
0.711262
0.559528
0.631245
0.776474
0.818043
0.521111
0.303625
0.505882
0.444113
0.376823
0.439953
0.275408
0.460445
0.430780
0.417078
0.393152
0.628830
0.785965
0.604309
0.459946
0.413729
0.252443
0.783531
0.603340
0.110282
0.447884
0.457464
0.634094
0.433784
0.897022
0.562733
0.444048
0.454931
0.490225
0.331047
0.269049
0.423649
0.635845
0.660480
0.455439
0.600349
0.800262
0.616852
0.472664
0.342014
0.444624
0.451197
0.269400
0.815971
0.466202
0.730518
0.340225
0.604198
0.510574
0.646141
0.715656
0.846310
0.100851
0.460272
0.390619
0.296429
0.319252
0.835838
0.451185
0.513226
0.465887
0.720238
0.522251
0.687115
0.492413
0.388388
0.285158
0.706123
0.705063
0.643375
0.634693
0.735069
0.508018
0.603920
0.547562
0.271639
0.333265
0.301956
0.578415
0.429216
0.244346
0.704762
0.387222
0.345644
0.754330
0.076396
0.341900
0.184111
0.912685
0.679081
0.697334
0.375820
0.811188
0.332413
0.650616
0.302423
0.721249
0.346468
0.419243
0.424690
0.692417
0.639317
0.456455
0.612305
0.657406
0.303741
0.583775
0.401363
0.305527
0.572880
0.531582
0.550320
0.277639
0.217357
0.482513
0.731800
0.294201
0.712265
0.326609
0.204133
0.503048
0.613247
0.282084
0.427507
0.356354
0.632523
0.729927
0.664154
0.680435
0.734554
0.385542
0.783550
0.785740
0.430851
0.391932
0.439220
0.434422
0.274250
0.540863
0.625504
0.548580
0.370993
0.761196
0.411596
0.588799
0.354235
0.554092
0.584000
0.478821
0.468386
0.487957
0.683998
0.492327
0.655590
0.407753
0.435677
0.584362
0.133761
0.396084
0.677799
0.279011
0.369307
0.458601
0.650131
0.499985
0.738388
0.502796
0.819962
0.714081
0.341080
0.556427
0.258738
0.297451
0.729492
0.672634
0.472801
0.194701
0.222808
0.467495
0.261206
0.391020
0.843307
0.355898
0.470346
0.494978
0.349480
0.202275
0.492786
0.483242
0.300486
0.757141
0.649426
0.370068
0.212266
0.595802
0.756775
0.361349
0.095851
0.687706
0.775261
0.439232
0.656002
0.446995
0.322512
0.496023
0.705013
0.208310
0.276106
0.338516
0.561802
0.538483
0.619011
0.515633
0.191079
0.199883
0.309610
0.541729
0.404457
0.503399
0.910522
0.290327
0.256620
0.670471
0.660389
0.468887
0.266273
0.528145
0.532814
0.362125
0.627720
0.305321
0.501633
0.394245
0.638317
0.711998
0.475651
0.755199
0.332178
0.752205
0.796291
0.593811
0.589237
0.525829
0.698750
0.481319
0.611267
0.118882
0.321600
0.601109
0.507835
0.228647
0.302130
0.464283
0.602421
0.074667
0.633446
0.868698
0.488361
0.463680
0.227345
0.226604
0.771301
0.616837
0.506405
0.520149
0.439356
0.567436
0.274174
0.471357
0.319193
0.771469
0.363033
0.908878
0.293377
0.472479
0.686443
0.791370
0.476913
0.593876
0.505299
0.685753
0.525822
0.808605
0.146111
0.424494
0.771126
0.193725
0.289713
0.370012
0.357231
0.216886
0.600090
0.425234
0.533543
0.102572
0.647507
0.383596
0.559486
0.622677
0.741676
0.289373
0.690399
0.517715
0.194329
0.280024
0.575573
0.582226
0.771221
0.754620
0.174479
0.573948
0.436445
0.700302
0.495823
0.586479
0.824623
0.263029
0.665756
0.814167
0.633492
0.319683
0.327301
0.529831
0.447044
0.863152
0.521873
0.505245
0.243996
0.492056
0.424622
0.399122
0.481256
0.700401
0.502213
0.375860
0.392740
0.663620
0.254333
0.749344
0.528759
0.429987
0.622284
0.265371
0.715664
0.817944
0.737400
0.651989
0.377218
0.513680
0.462681
0.422573
0.833359
0.793453
0.654976
0.390930
0.653133
0.587551
0.482004
0.596951
0.779434
0.493183
0.581455
0.256765
0.604282
0.380369
0.633797
0.696850
0.156812
0.473511
0.746361
0.686741
0.905800
0.479172
0.537495
0.733162
0.294361
0.685593
0.684151
0.671577
0.310242
0.557526
0.679977
0.442158
0.347059
0.446653
0.719090
0.701187
0.619579
0.614094
0.597141
0.696434
0.517967
0.590466
0.653030
0.121800
0.672966
0.283348
0.704651
0.416332
0.171032
0.561535
0.399769
0.073353
0.338127
0.350262
0.692070
0.518044
0.736130
0.486742
0.300146
0.344925
0.343990
0.683426
0.486910
0.276876
0.426327
0.316521
0.680202
0.344460
0.515991
0.274588
0.151421
0.333687
0.865501
0.219067
0.155762
0.534542
0.502415
0.271105
0.951324
0.673450
0.836113
0.463919
0.633526
0.759624
0.399561
0.438868
0.390495
0.546391
0.337479
0.576195
0.476694
0.267298
0.556313
0.374746
0.546482
0.395638
0.579124
0.524097
0.441545
0.507439
0.799137
0.478518
0.426500
0.660717
0.697586
0.582260
0.193639
0.199553
0.555500
0.845963
0.573277
0.387691
0.305958
0.505352
0.558010
0.592690
0.645222
0.533890
0.137459
0.279396
0.224526
0.615772
0.548996
0.780842
0.578205
0.680855
0.763031
0.269028
0.315479
0.200655
0.361843
0.225137
0.681923
0.490923
0.585682
0.676929
0.483885
0.780937
0.576759
0.625206
0.625278
0.448586
0.424770
0.227934
0.654938
0.570911
0.822929
0.711304
0.516666
0.847107
0.401396
0.326574
0.573406
0.535774
0.220240
0.262138
0.627327
0.569099
0.417166
0.643803
0.182754
0.781311
0.754944
0.162098
0.568481
0.640347
0.539303
0.638195
0.417364
0.529060
0.377401
0.339336
0.388342
0.687725
0.455126
0.339529
0.254711
0.275303
0.461529
0.473955
0.232938
0.448307
0.800526
0.806789
0.571762
0.318638
0.367483
0.610958
0.300734
0.485647
0.253588
0.370213
0.563656
0.304779
0.532761
0.833138
0.241377
0.482758
0.584156
0.661484
0.897366
0.257809
0.586205
0.281788
0.645802
0.453201
0.508041
0.314686
0.728500
0.669849
0.374022
0.546822
0.707012
0.472416
0.466440
0.689915
0.493181
0.419750
0.296949
0.679466
0.316093
0.436090
0.749508
0.583050
0.744343
0.278341
0.412714
0.685997
0.346481
0.293121
0.344734
0.242228
0.552551
0.343937
0.525192
0.611355
0.682693
0.735806
0.511421
0.409575
0.401735
0.772614
0.066917
0.404993
0.355553
0.419359
0.392328
0.734287
0.250977
0.277409
0.409830
0.454927
0.714672
0.456762
0.738255
0.455542
0.435379
0.447216
0.440090
0.670887
0.743816
0.784824
0.324255
0.406887
0.126012
0.735001
0.603622
0.811005
0.466883
0.702038
0.332273
0.282787
0.585175
0.284746
0.573784
0.239282
0.407404
0.668240
0.384268
0.658379
0.357517
0.381781
0.813583
0.658016
0.838543
0.849258
0.526558
0.573643
0.409298
0.377346
0.355499
0.149188
0.748726
0.679752
0.556526
0.877037
0.526447
0.749001
0.684116
0.406778
0.561562
0.601772
0.575119
0.445292
0.587521
0.735451
0.684574
0.406067
0.514664
0.064918
0.363001
0.757732
0.446697
0.761963
0.414129
0.399689
0.609596
0.351385
0.858883
0.316319
0.315281
0.625076
0.465954
0.174530
0.300909
0.609028
0.162090
0.713356
0.468552
0.731762
0.117384
0.443556
0.445232
0.392330
0.888847
0.331749
0.426781
0.870117
0.737816
0.528000
0.634865
0.686199
0.698727
0.380562
0.747158
0.110557
0.780251
0.468451
0.461941
0.635208
0.043589
0.137339
0.085616
-0.243358
0.172193
-0.009850
0.064486
0.099477
0.118731
-0.141087
0.132403
-0.004230
-0.226348
-0.104957
0.111899
-0.034302
0.059366
-0.104827
-0.078297
-0.016721
-0.064384
-0.230699
-0.271000
0.111479
-0.033412
0.145962
0.202289
0.175836
0.214546
-0.021419
0.049514
-0.179577
0.261786
-0.155005
0.013644
-0.003732
0.272856
-0.070023
-0.195519
-0.045548
-0.064666
-0.061408
0.097798
0.146695
-0.018787
0.061541
-0.036894
0.040579
-0.042710
-0.115191
0.023279
-0.107094
0.091820
-0.100144
-0.286325
0.058408
0.045816
0.206095
0.235953
-0.178481
-0.106593
-0.004665
-0.068503
0.155193
0.130463
0.235276
0.151459
-0.034391
-0.124305
0.247781
-0.080519
0.100584
0.333950
0.016147
-0.188722
-0.123125
-0.068182
-0.225615
-0.082549
0.036110
0.096903
0.088308
0.075459
-0.101409
-0.157705
0.079268
0.247129
-0.113599
0.284227
0.045372
0.147338
0.177060
-0.106294
-0.211297
0.184674
-0.265965
0.023977
0.045424
-0.010801
-0.100328
-0.145639
-0.090741
0.000255
-0.102400
0.215538
-0.189043
0.063475
-0.143353
0.023628
0.128503
0.039200
-0.027047
0.069232
-0.032918
-0.128460
0.059103
0.045773
-0.028906
-0.054498
-0.107709
0.165753
-0.345446
-0.220784
0.058882
-0.266035
0.253447
-0.207083
-0.242059
0.009314
0.218694
-0.052831
0.011252
-0.162180
-0.052575
0.200695
-0.235643
-0.239910
-0.025964
-0.231420
0.073275
-0.045039
-0.190509
0.193806
0.024192
0.214283
0.064770
0.083296
-0.177079
0.183439
0.317221
-0.137788
0.199906
0.121061
-0.067862
-0.031345
-0.292553
-0.104547
-0.091985
-0.097479
0.194899
-0.162289
-0.002732
0.059706
0.113240
0.382401
-0.178442
0.025174
-0.296928
0.085151
0.085597
0.214056
-0.107467
0.331663
0.116593
-0.083274
0.107659
-0.256350
-0.001114
-0.069420
0.217224
0.027683
0.231080
0.126997
0.001164
0.015063
0.097362
0.144613
0.348225
-0.142200
0.047133
0.105412
-0.014356
0.043268
-0.272591
0.247593
-0.012042
-0.013325
0.125188
-0.017128
0.070691
-0.228635
-0.094341
0.112512
-0.187105
-0.124192
-0.119475
0.212397
-0.090408
0.318256
-0.148867
-0.163317
-0.091772
-0.065364
0.255522
-0.091185
0.097276
-0.085961
0.053429
0.008922
-0.081161
-0.048148
-0.033243
0.052637
-0.004882
-0.159392
0.152652
0.273209
0.264994
-0.161580
-0.035762
0.187529
0.049203
-0.275972
-0.138803
-0.285479
0.037545
0.180565
0.073920
0.094138
0.061110
-0.220815
0.221530
-0.030663
-0.286180
0.038765
-0.121847
0.102361
0.100381
-0.069552
-0.179984
0.018087
-0.117701
-0.213226
-0.077431
-0.122581
0.065093
0.222796
0.002471
0.181374
-0.084651
0.258551
0.078769
-0.035447
0.130153
0.231232
0.116208
-0.270588
-0.025913
-0.247008
0.260126
-0.254938
-0.177691
0.043944
-0.138022
-0.174870
-0.207424
0.176129
-0.072510
0.328959
-0.331133
0.185217
-0.088957
-0.159278
0.118432
-0.166388
0.155847
0.035945
-0.090035
0.158318
-0.073390
-0.028242
0.125601
-0.141623
0.225867
0.107600
0.237186
-0.096768
0.273588
-0.079996
-0.053644
0.097713
-0.044800
-0.083756
-0.296051
-0.036955
0.180793
-0.064631
-0.008404
0.106574
-0.173385
0.098173
0.003366
0.027793
-0.061104
-0.026357
0.010114
-0.195968
-0.137412
-0.081054
-0.185227
0.226907
-0.109298
0.231640
0.084708
-0.321142
0.047972
0.030624
-0.270332
-0.114439
0.240186
0.115444
0.273407
-0.094748
-0.117024
-0.312777
0.158428
0.063193
0.060302
-0.287685
0.171476
0.035072
-0.190089
-0.264006
0.062287
0.186514
0.147351
-0.076310
-0.157031
0.009362
-0.009788
-0.194682
0.089266
-0.119086
-0.253176
-0.116159
-0.003093
0.084930
-0.084404
0.017283
0.118068
-0.281927
-0.157984
0.101342
-0.085968
-0.127430
-0.209725
-0.075694
-0.063663
0.139001
-0.215228
-0.182321
0.026494
-0.115184
-0.009192
0.090490
-0.218802
-0.010553
0.161758
0.061875
0.000519
-0.284033
-0.132808
0.089208
-0.113561
0.050593
-0.318220
-0.116078
0.137232
-0.112490
0.191339
0.254166
-0.246267
-0.256779
0.209640
-0.042679
-0.095788
-0.149373
0.029205
0.130683
0.137205
0.104111
0.095361
0.165409
-0.011074
-0.062541
-0.034811
-0.082301
-0.071384
-0.311897
0.269705
-0.071443
-0.158794
-0.153235
0.164208
0.165930
0.187491
-0.006434
0.049853
0.034013
0.029787
-0.048943
0.142310
0.073652
-0.016169
0.060107
0.030973
-0.111957
0.058310
-0.088533
0.168013
-0.242196
0.164287
0.114663
-0.366919
-0.136922
0.053831
0.035977
0.070909
0.129448
0.015345
0.049350
0.205583
0.002993
0.186248
-0.067922
0.021345
0.084738
-0.221933
0.071196
-0.028828
0.096850
0.312386
-0.177784
0.169928
0.006081
0.029899
-0.237946
0.184835
-0.349503
-0.177770
0.204693
-0.152278
-0.013482
0.029223
-0.229644
-0.151537
-0.207655
0.245755
-0.080627
0.211926
-0.030168
0.116299
-0.021335
0.262959
0.013546
-0.089258
-0.004121
-0.049294
-0.020482
0.067075
0.068322
-0.214342
-0.057117
0.039824
-0.042706
-0.198611
-0.368565
0.009482
-0.014353
-0.278648
-0.020709
0.189208
-0.141369
0.254810
-0.069992
0.066699
-0.186862
0.011353
0.022318
0.022643
-0.212721
-0.008427
-0.298769
0.203651
0.108663
0.152488
-0.032607
0.103964
0.102059
0.093911
-0.266670
-0.119753
-0.120432
0.113923
-0.079929
-0.163137
-0.084691
-0.009073
-0.005502
-0.099043
0.001836
-0.026788
0.239451
0.298178
-0.207981
-0.269384
0.074741
-0.105284
0.031526
0.098771
0.065510
-0.033620
-0.058369
0.204452
-0.120100
0.197294
-0.080771
0.285000
0.152551
-0.268848
-0.058800
-0.112412
-0.098467
-0.031654
0.147379
0.260447
-0.045505
0.062688
-0.186337
-0.199162
-0.034647
0.253210
-0.227082
-0.234039
0.113676
0.002647
-0.065714
-0.101717
-0.102063
0.113389
-0.004658
0.110447
-0.066674
-0.061317
0.314898
0.103359
-0.011600
-0.204161
-0.049353
-0.147473
-0.036431
0.038848
-0.114019
-0.135473
0.007192
-0.114221
-0.313871
0.250109
-0.049824
-0.062497
0.198525
0.063107
0.189000
-0.174423
-0.023355
0.302675
-0.025333
0.201064
-0.236753
0.019604
-0.123836
0.048722
-0.017526
0.098489
-0.012596
0.149797
-0.088285
0.124515
0.093212
0.008804
-0.024094
-0.091372
0.047652
-0.138114
0.211439
0.054843
-0.104756
-0.102432
-0.132757
-0.007001
-0.163219
-0.080098
-0.091475
-0.121797
-0.108078
-0.115964
-0.256830
0.156721
0.084521
-0.203451
0.030459
0.251398
-0.007153
-0.277199
0.059754
0.129539
0.163863
-0.316956
0.106474
-0.033058
0.129559
0.081803
-0.271431
0.029631
-0.346443
0.087584
-0.353233
-0.014066
-0.162423
-0.048282
-0.019360
-0.036087
-0.128381
-0.112544
-0.009729
0.201252
-0.226801
0.023573
0.069551
0.005298
-0.032301
-0.190701
-0.033439
-0.039454
-0.177767
-0.119553
0.089505
0.133673
0.000067
-0.094153
-0.046965
0.129048
-0.013482
0.119315
-0.131454
0.077208
0.206322
-0.194556
-0.083858
0.043899
0.196580
0.186914
-0.280613
-0.080509
0.074368
0.146793
-0.315258
-0.005430
-0.119769
0.043290
-0.147135
-0.300222
0.142724
0.108984
-0.192103
-0.036757
0.135875
-0.100885
-0.339085
-0.154769
0.093384
0.051659
-0.171589
0.081612
0.022819
-0.014043
-0.278891
-0.208569
-0.059314
0.074962
0.273041
-0.011443
0.112588
0.138294
0.055624
-0.101467
0.137509
0.178075
0.039545
-0.130968
-0.068768
-0.108165
0.006518
-0.075334
0.002529
0.104550
0.037196
0.138404
0.003664
-0.011757
-0.014656
0.097047
0.038193
0.250336
-0.259628
-0.229121
-0.053843
-0.100231
-0.001113
0.176978
0.264286
-0.165784
-0.124600
0.088452
-0.173357
0.222867
-0.014150
0.253153
-0.037902
-0.122757
0.270895
0.184596
-0.229211
-0.160298
-0.180871
-0.226682
-0.055748
-0.143675
-0.089412
-0.053796
-0.008987
0.042932
0.192539
0.029205
0.293268
-0.215799
0.090216
-0.197152
-0.169030
-0.201030
-0.021310
-0.050611
0.070895
-0.144776
0.036707
-0.102463
-0.213177
-0.267578
-0.140021
0.186054
0.047377
0.130875
0.080518
0.255875
-0.028845
0.047800
0.176770
-0.232749
0.194259
0.088492
-0.137258
-0.103153
0.130291
-0.093431
0.215609
0.277693
-0.162230
0.016266
0.079404
-0.039417
0.104793
-0.380192
0.200104
-0.114447
-0.087259
-0.053325
0.219667
0.137276
-0.030767
-0.208775
-0.112670
0.163609
0.211099
-0.033285
-0.016515
0.034098
-0.133062
0.010964
-0.049364
-0.227227
0.099456
0.102377
0.105620
0.083879
0.299080
-0.116481
-0.077274
-0.010730
-0.100216
0.001553
0.239985
0.152731
0.059071
0.149952
0.038281
-0.026478
-0.194638
0.111506
-0.037913
0.064151
0.191730
-0.003584
0.228333
-0.035460
-0.182736
0.064240
0.000349
-0.168799
-0.072373
0.241119
0.040549
0.027658
-0.094215
-0.001407
-0.178596
0.204862
0.031397
0.033687
-0.244153
0.219604
0.035240
0.145119
0.082201
-0.195824
0.003228
-0.025960
0.214275
0.100433
0.231989
-0.112062
0.164581
-0.013992
0.174487
-0.044796
0.098125
0.137617
0.017735
0.098475
-0.029475
0.094648
0.049460
-0.136502
0.121729
-0.045890
-0.136776
0.232134
0.158397
0.183619
-0.171890
0.062398
0.113091
-0.137784
0.207514
-0.241285
0.104102
0.063165
0.170462
-0.117624
0.015444
-0.035258
0.059871
-0.109533
-0.049250
-0.204486
-0.154905
-0.099279
0.082418
-0.135463
0.148484
-0.094635
-0.189526
-0.241477
-0.232847
-0.067796
0.004475
0.068086
0.163762
-0.274839
-0.038428
-0.009260
-0.212442
-0.214338
0.290085
0.283497
-0.017913
-0.043521
-0.089340
0.003839
-0.015278
0.072545
0.258717
0.044593
0.252569
-0.081803
-0.010606
-0.190761
-0.181083
-0.076342
-0.037223
-0.181886
0.265598
0.063385
0.016056
0.032749
-0.295120
0.020529
0.102545
-0.132495
0.182824
-0.227725
-0.141755
0.261091
-0.004352
-0.141804
0.106876
-0.170977
-0.038323
-0.273174
-0.167136
0.238240
0.238789
0.091577
0.134122
0.053648
0.009773
-0.166617
-0.138247
0.266401
-0.244097
0.114664
-0.353197
-0.126655
-0.112663
-0.047006
-0.092196
0.029925
-0.026478
-0.280361
0.335142
-0.279654
-0.070376
-0.244325
-0.019141
0.215981
0.051004
0.235311
0.045002
-0.134321
-0.184867
-0.268002
0.103918
-0.236788
-0.028845
-0.052093
0.105861
-0.166075
-0.365715
-0.031255
0.100326
-0.172677
0.083409
-0.252871
-0.304058
0.371983
0.135373
-0.144784
-0.064568
0.257570
-0.242744
0.266689
-0.091058
0.340101
0.304726
0.085317
0.081549
0.452627
0.106552
-0.153979
-0.045527
0.208690
-0.105136
0.468864
-0.190392
0.207925
0.160179
0.054218
-0.265881
-0.252314
-0.231037
0.055413
0.062491
0.319490
0.212041
-0.141173
0.074452
-0.169608
-0.388371
0.110277
-0.012431
-0.011294
-0.142077
-0.005509
-0.290627
0.162256
-0.537609
-0.309471
-0.002529
0.188764
0.154353
-0.048059
0.395042
0.049217
0.423218
0.204649
0.156746
-0.034018
-0.255745
-0.109137
-0.286331
0.030237
-0.054116
-0.125469
-0.169314
-0.359095
0.252787
-0.094861
-0.011685
0.381432
0.015412
0.076276
-0.149294
0.389961
0.073178
0.079510
-0.065196
-0.466450
-0.129959
0.035081
0.339334
0.024395
-0.012979
0.119375
-0.026782
-0.207175
-0.295412
-0.387060
0.375828
-0.034137
0.020824
0.089884
-0.005921
0.067101
-0.136373
-0.172823
0.323002
-0.400606
0.349728
-0.205705
-0.019176
-0.149470
0.390001
-0.168470
0.338863
0.460766
-0.088959
-0.240940
0.511333
-0.216509
0.309137
0.336060
-0.294920
-0.321255
-0.163999
0.295708
0.088981
0.158003
-0.091352
-0.152607
0.126276
0.546886
-0.062725
0.220747
-0.003822
-0.096292
-0.469099
0.321590
0.017708
0.400061
0.115885
-0.001469
-0.268843
0.403471
0.349493
-0.547394
0.347216
0.260532
-0.271704
0.343548
0.043629
-0.479588
0.062197
0.268141
-0.183431
-0.102195
-0.053568
-0.094450
-0.044588
-0.142509
-0.247057
0.179668
-0.213038
0.207627
-0.214587
0.400942
-0.506470
-0.169078
0.205511
0.128649
-0.286037
-0.298037
0.029196
-0.037861
-0.409569
-0.238724
0.034177
-0.162745
-0.078588
-0.139154
-0.436605
0.065827
-0.099311
0.142217
0.233571
0.334667
-0.062392
-0.339039
0.240218
-0.004176
-0.381155
-0.008861
0.175492
-0.077175
-0.318647
-0.141901
-0.193255
-0.207706
0.308846
0.011864
-0.179058
-0.077588
0.331236
-0.149860
-0.015059
0.438688
-0.390608
0.119510
-0.339451
-0.368801
-0.120039
-0.158647
0.213650
-0.221372
0.084356
-0.071821
-0.504509
-0.495060
0.208570
0.351101
0.017393
0.344435
0.243865
-0.323746
-0.249763
0.025610
0.151765
0.073609
-0.179686
-0.156803
0.183844
-0.358747
-0.131980
-0.099921
0.106784
0.470373
-0.281055
-0.283823
-0.029546
-0.003097
-0.135607
-0.249981
-0.060959
-0.438587
0.148472
-0.077390
0.106608
-0.257666
0.044962
0.214786
-0.004941
-0.552647
-0.055784
0.339317
-0.259371
0.209058
0.364922
-0.107605
0.385471
0.185238
0.254629
-0.048095
-0.175528
-0.396393
-0.150039
-0.068744
0.073984
0.188726
-0.352568
-0.055959
-0.431784
0.131648
0.309450
0.124275
0.209687
-0.059098
0.046884
-0.301117
0.202277
-0.006137
0.016471
0.297728
-0.460804
-0.141726
0.120022
-0.203156
0.167727
-0.132470
0.204237
0.036176
-0.047235
0.458866
-0.111921
-0.122371
-0.037921
-0.161960
0.328314
-0.583370
0.026768
-0.124646
-0.021919
0.214413
0.007000
-0.227077
-0.280745
-0.302353
0.328825
0.285568
0.016354
-0.086313
0.377804
-0.069587
-0.307627
0.434021
-0.111313
0.329414
-0.386549
0.156804
-0.420076
-0.283098
0.094610
0.150100
0.176159
0.083080
-0.072667
-0.379177
0.438139
0.255651
-0.342726
-0.150488
-0.383608
0.250353
0.061903
0.240807
-0.077117
-0.218843
0.457495
0.254118
0.167120
-0.045195
-0.351233
-0.072488
-0.014783
-0.139430
0.260746
0.390924
-0.327040
0.489592
0.030707
-0.230097
0.208904
0.024922
0.020395
0.384668
-0.511822
-0.049860
0.103864
-0.071274
0.105392
-0.339254
0.393627
0.339197
-0.086490
-0.161882
-0.037410
0.451393
-0.380728
-0.096939
0.188492
-0.311588
0.374886
-0.160725
0.130532
-0.257313
-0.199765
-0.123332
-0.383410
-0.012196
-0.251156
-0.353098
0.377531
-0.044666
0.189237
-0.221901
-0.177019
0.294825
0.245257
-0.171136
0.223158
-0.166371
0.105000
-0.000627
0.072432
0.018120
-0.062509
0.035020
0.471920
0.076196
-0.164333
0.141374
-0.237803
0.210160
0.497667
0.409746
-0.049176
-0.321918
-0.230607
0.184432
0.185315
0.035648
0.449139
-0.054567
0.507999
0.020962
0.240552
-0.284019
0.315393
0.485804
0.160235
0.023942
-0.297979
0.264845
0.121687
0.291473
0.285374
-0.038804
-0.190528
0.137865
-0.065412
0.162157
-0.338175
-0.303213
-0.142292
-0.455900
-0.410490
0.425552
-0.260801
-0.121665
0.093355
-0.075489
-0.086020
-0.074921
0.485336
-0.195823
0.046434
0.110491
0.135550
-0.155193
0.079275
0.295397
-0.231647
0.298319
-0.054764
0.409082
0.070745
-0.386805
-0.249156
0.397240
-0.148547
0.302843
0.044393
0.130689
-0.000372
0.519512
0.189788
0.106158
0.426020
-0.068606
-0.532528
-0.098038
-0.045722
-0.103940
-0.072569
-0.175781
0.320059
-0.126920
-0.065294
-0.061411
0.237315
0.011963
-0.280626
-0.095117
0.310274
0.181629
-0.205079
-0.236391
-0.106802
0.062785
-0.354156
-0.255352
-0.151784
0.307648
0.389944
-0.152156
0.207727
0.065118
0.056413
0.015943
-0.003882
0.141295
0.020708
0.467413
0.039765
-0.152644
-0.325781
0.357807
0.239866
0.123923
-0.221019
0.376787
-0.381138
0.013354
-0.235353
0.446161
0.294981
-0.438019
0.310160
0.087785
0.241785
-0.144391
0.447430
0.092412
0.161238
0.222374
0.040650
-0.148057
0.287493
-0.003332
-0.132116
0.283609
0.137963
-0.212195
0.131197
0.177726
0.154590
-0.192176
-0.082273
0.294060
0.031746
-0.204920
0.153825
0.170039
0.327862
-0.081919
-0.003626
0.005432
0.095452
0.206139
-0.423803
-0.277765
0.162138
-0.076765
0.430040
-0.193645
0.246002
0.470295
0.175314
-0.083920
-0.150058
-0.055176
-0.418116
-0.012096
-0.166980
0.332905
0.165236
-0.112784
0.138710
0.181334
0.281672
0.070061
-0.123979
-0.081529
0.237689
-0.413528
-0.163057
-0.380939
0.211335
-0.067999
-0.174803
0.304552
0.271646
0.090141
0.328176
0.184276
-0.205920
-0.040822
0.037550
-0.028193
-0.124745
0.504902
0.015002
-0.025451
0.492413
-0.252373
-0.309961
0.040236
-0.364765
0.445766
-0.395844
-0.083098
-0.103607
-0.002802
-0.064233
-0.480921
-0.313526
0.289726
-0.244450
0.412806
0.221726
0.198160
0.200334
-0.122019
-0.329117
-0.090919
0.060236
0.084787
-0.131746
0.097785
-0.046215
-0.256489
-0.014723
-0.031215
-0.181549
-0.139725
-0.283981
0.125511
0.517921
-0.031332
-0.048156
0.120060
-0.014038
0.365257
0.119668
0.438749
0.501354
0.320745
0.111060
-0.260117
0.216531
-0.285019
0.457077
-0.100548
0.210375
-0.389059
-0.291862
0.273020
0.310728
0.193805
-0.146215
-0.352903
0.037707
-0.258921
0.233296
-0.244234
-0.399038
0.468748
-0.118725
0.119278
-0.182409
-0.267273
0.238944
0.320570
-0.419430
-0.258804
0.141905
-0.432686
-0.455078
0.252962
-0.175782
0.378471
-0.029646
-0.336117
0.175510
-0.336294
-0.107764
-0.113941
-0.065294
0.102570
-0.437157
-0.309490
-0.247921
0.117570
0.046590
-0.014626
-0.227451
0.164570
-0.063294
0.269217
0.283844
-0.343687
0.101942
-0.092214
-0.540134
0.197513
0.263981
0.221589
0.281845
0.328331
-0.142862
0.106452
0.087375
-0.172901
-0.129664
-0.251726
0.008216
-0.337822
0.251356
-0.057471
0.384573
0.329197
-0.266567
0.237041
-0.171038
-0.320372
0.122022
0.216903
0.462000
-0.558296
-0.131293
0.228433
-0.284567
-0.129745
-0.483215
-0.209313
-0.449253
-0.216823
-0.088118
0.450394
0.111120
0.286041
-0.060961
0.198493
0.113138
0.326393
-0.053627
0.121353
-0.011038
0.095314
0.166689
-0.143488
-0.092509
-0.202685
-0.008861
0.253471
-0.003626
0.213550
-0.046644
-0.059039
0.272274
0.338690
0.167374
0.502708
0.307318
0.303984
-0.321999
0.377098
0.086765
-0.309723
0.310472
0.197885
-0.023683
0.249510
0.394356
0.089844
-0.043527
-0.274275
-0.406607
-0.054568
-0.178961
0.375471
0.318962
-0.169057
-0.442217
-0.206920
0.082393
0.171176
-0.093764
0.037767
0.110120
0.178510
-0.142589
-0.239529
0.166610
0.066745
-0.035940
-0.155391
-0.073176
-0.049568
-0.467527
-0.382528
-0.469097
0.128611
0.384001
-0.072723
-0.399353
-0.176940
-0.349020
-0.190568
0.287922
0.089040
-0.430098
0.087454
-0.082038
-0.355684
0.399963
0.103157
0.332510
-0.210824
0.040532
-0.074391
-0.134726
-0.202451
0.203100
-0.485529
-0.035706
-0.447842
-0.125921
-0.110900
-0.397409
0.026373
0.123982
-0.248706
-0.462824
-0.009429
-0.321430
-0.347174
-0.286371
-0.053431
-0.020726
0.101942
0.133981
0.166590
0.189393
0.054354
0.327923
-0.030469
0.057119
0.143414
-0.241293
0.097257
-0.450020
0.243415
0.510193
0.272512
0.272884
-0.140509
-0.177745
0.249764
0.365608
0.042256
0.275749
-0.125410
0.410963
0.329945
-0.237253
0.087121
0.083161
0.093784
-0.483334
0.062433
-0.422077
0.170079
0.331825
0.284725
0.224433
0.041943
-0.262764
-0.235469
-0.331272
0.115375
-0.240627
-0.264664
-0.260647
-0.247842
0.007844
0.112629
0.128669
-0.069510
-0.255016
-0.122745
-0.026862
0.020726
-0.248549
-0.233705
-0.166351
0.131609
-0.144176
-0.085216
0.227412
-0.112508
-0.020371
0.320337
0.157964
-0.308372
0.088041
0.380377
-0.266432
-0.072312
0.044510
0.019707
-0.057333
-0.096117
0.374865
-0.217586
0.175471
-0.136724
-0.104961
0.402508
-0.203823
0.259844
-0.338037
-0.231077
-0.337234
0.030824
0.150610
-0.402805
0.162827
0.006434
0.028608
0.289845
-0.103667
0.108630
0.093158
0.052276
-0.199743
-0.333803
0.334667
0.051235
-0.506512
0.479568
0.170944
0.051550
-0.233569
-0.073626
0.350985
-0.058097
0.309080
-0.273020
-0.273388
-0.412155
-0.013174
0.008396
-0.128234
0.267395
-0.063195
0.539391
-0.236195
0.099627
0.031219
-0.207586
0.389080
-0.074468
-0.196940
-0.034389
-0.022194
0.117922
-0.468588
-0.204548
0.269550
-0.359705
-0.339979
-0.074115
-0.308153
-0.056920
-0.248529
0.042824
0.500370
0.160943
-0.230196
-0.290035
-0.253235
-0.343765
-0.283667
0.135550
0.024022
0.272963
0.160334
0.304844
0.372198
0.091157
0.097256
0.246668
-0.083706
0.000315
0.111885
-0.005507
0.120647
0.157903
-0.308039
-0.227215
-0.201804
-0.033018
0.313669
0.107063
-0.089939
-0.449472
-0.467527
-0.106588
0.226475
-0.082726
0.218372
-0.024745
-0.426491
-0.163275
0.110806
-0.402472
