0.481552
0.625671
0.499146
0.712524
0.162666
0.871674
0.410797
0.882019
0.390900
0.284546
0.545441
0.779877
0.626404
0.847565
0.649933
0.556366
0.293411
0.903687
0.634521
0.604279
0.546906
0.544067
0.329254
0.428558
0.634644
0.386566
0.538116
0.431503
0.507233
0.532288
0.398865
0.399918
0.746857
0.483383
0.110832
0.320221
0.465591
0.523254
0.313187
0.267181
0.507629
0.444000
0.045891
0.244576
0.287689
0.697021
0.687683
0.467087
0.597229
0.735596
0.660248
0.554840
0.391357
0.689301
0.572662
0.611389
0.188698
0.521484
0.454025
0.581482
0.641479
0.438278
0.393265
0.799469
0.333527
0.504547
0.115749
0.799103
0.613190
0.316788
0.955750
0.532684
0.460648
0.112194
0.663300
0.637787
0.694763
0.763947
0.690247
0.289261
0.611237
0.461014
0.429932
0.588440
0.563324
0.413315
0.496109
0.638763
0.636963
0.363129
0.330780
0.575836
0.686981
0.309860
0.671539
0.722595
0.517731
0.488754
0.819580
0.541626
0.805511
0.771454
0.372879
0.266174
0.769196
0.147858
0.789520
0.575684
0.497620
0.590332
0.450760
0.405121
0.465515
0.293701
0.404266
0.728668
0.408020
0.788666
0.363510
0.341171
0.851593
0.695435
0.616852
0.536285
0.416031
0.586304
0.669647
0.229996
0.187843
0.487610
0.660675
0.578766
0.369598
0.733826
0.730530
0.842102
0.767212
0.516083
0.414291
0.679016
0.520599
0.567200
0.195107
0.871643
0.560760
0.188232
0.596405
0.264999
0.087440
0.371780
0.309494
0.826263
0.178185
0.222595
0.473068
0.479767
0.396561
0.141068
0.413513
0.584412
0.330109
0.773987
0.461029
0.399506
0.503876
0.490082
0.352570
0.683411
0.418503
0.654755
0.473007
0.824646
0.332474
0.255783
0.692841
0.305069
0.330017
0.699921
0.455612
0.418640
0.657532
0.464935
0.355408
0.721252
0.576569
0.714020
0.315018
0.673431
0.855591
0.728546
0.555237
0.596344
0.499069
0.312531
0.584747
0.413666
0.502869
0.233566
0.507812
0.509064
0.889465
0.568939
0.444244
0.332443
0.711426
0.550018
0.523071
0.452164
0.247650
0.682007
0.571106
0.907440
0.443176
0.222740
0.625946
0.720032
0.233475
0.351669
0.690857
0.203011
0.376892
0.656799
0.384735
0.575836
0.557465
0.380173
0.285721
0.170860
0.617645
0.382843
0.681122
0.617645
0.248039
0.423935
0.249100
0.659302
0.560974
0.473160
0.223640
0.694153
0.451859
0.680267
0.712158
0.308060
0.789764
0.636658
0.325516
0.723053
0.688171
0.718536
0.625885
0.652802
0.671997
0.310349
0.639282
0.340012
0.390793
0.225174
0.398727
0.419144
0.608002
0.075924
0.624481
0.555878
0.501007
0.574585
0.627075
0.358215
0.344437
0.436096
0.754547
0.209282
0.412613
0.462738
0.402893
0.313324
0.211121
0.314240
0.148056
0.198303
0.143303
0.662231
0.852264
0.403000
0.383270
0.602478
0.628540
0.660828
0.827667
0.728271
0.667633
0.431778
0.692108
0.704407
0.399506
0.304047
0.575256
0.612000
0.249954
0.805237
0.344772
0.415604
0.599884
0.757416
0.579346
0.703064
0.771698
0.678772
0.431458
0.808044
0.576935
0.160164
0.766541
0.839905
0.450348
0.736359
0.439636
0.491913
0.508179
0.565857
0.216728
0.286331
0.409500
0.909973
0.876312
0.396713
0.212410
0.448090
0.419815
0.463989
0.366150
0.766876
0.464996
0.852020
0.520355
0.340622
0.854797
0.405334
0.430115
0.396820
0.209465
0.304474
0.442520
0.087715
0.255310
0.595001
0.824066
0.697235
0.384781
0.328339
0.375244
0.487076
0.617432
0.370132
0.395416
0.491013
0.767273
0.309280
0.826965
0.774780
0.658813
0.305237
0.537750
0.420074
0.153336
0.168640
0.761871
0.118664
0.460709
0.190781
0.100861
0.670166
0.495255
0.246696
0.643433
0.453873
0.138405
0.578522
0.147659
0.408737
0.319855
0.408478
0.596802
0.824005
0.478409
0.577637
0.311554
0.544250
0.772491
0.549194
0.315125
0.541809
0.439819
0.738464
0.373749
0.596588
0.908722
0.723724
0.715332
0.367783
0.325211
0.519440
0.923950
0.521484
0.652130
0.566956
0.561188
0.790527
0.441727
0.708832
0.785889
0.463043
0.228996
0.378738
0.283112
0.595276
0.658478
0.596985
0.841003
0.543121
0.142693
0.452362
0.383453
0.585968
0.302948
0.343048
0.293564
0.207726
0.477478
0.594208
0.575531
0.503662
-0.011198
-0.089806
0.105583
-0.202103
-0.016339
-0.222443
-0.125008
-0.215988
-0.103653
-0.068516
0.131111
-0.277664
-0.061182
0.063450
0.104778
-0.084721
0.156708
-0.029825
-0.264084
0.042356
-0.211342
-0.057306
-0.019110
-0.058411
0.090992
0.049065
-0.042953
-0.152534
-0.106869
0.187729
0.041168
0.173767
-0.193909
-0.143379
-0.029468
0.079880
0.071884
-0.153343
0.303329
0.258362
-0.074272
0.144302
-0.018730
0.302246
0.207748
0.085464
-0.220757
-0.071545
0.057337
-0.194122
-0.321030
0.136139
0.185707
-0.192558
-0.212410
-0.013434
0.293091
0.034773
0.125870
-0.251495
-0.068764
-0.123093
0.211838
0.029166
0.023086
0.184074
0.109035
0.094959
-0.259369
-0.026490
-0.084389
-0.044102
0.265396
0.334625
-0.177841
0.035433
-0.017647
-0.109604
-0.326263
0.039116
0.133408
-0.209564
-0.113167
0.030668
-0.113121
-0.035440
-0.130341
-0.258316
0.145775
0.284531
-0.072098
-0.071140
-0.276276
-0.148682
-0.189568
-0.106731
0.181259
0.068184
-0.158218
0.212013
0.041697
-0.242584
0.019202
0.307098
-0.345718
0.278473
-0.095188
0.073792
-0.119545
0.016269
-0.175522
-0.133713
0.095142
0.000322
0.187096
0.129593
0.111881
-0.380371
-0.128716
0.110081
0.051762
-0.201378
0.186516
-0.223389
-0.059935
-0.149506
-0.039997
-0.026249
0.355255
-0.199341
-0.253662
0.106823
-0.004213
-0.085178
-0.023806
-0.204033
-0.244400
-0.118992
-0.128548
-0.075527
0.185707
-0.157616
0.230179
-0.156860
-0.009720
0.125427
-0.027283
-0.045416
0.182770
0.133560
0.210533
-0.202057
0.371613
0.249466
0.012262
-0.126045
-0.191307
-0.028864
-0.004710
0.163956
-0.079487
-0.110790
0.124340
0.063869
-0.195976
-0.048170
0.299255
-0.149094
0.124119
-0.268158
0.213089
-0.127892
0.011964
0.151993
-0.283051
0.291794
-0.158577
-0.020190
-0.191322
0.023622
-0.175056
0.166786
0.259262
-0.241150
-0.023170
-0.166176
0.068802
-0.065197
-0.193336
0.064095
-0.049387
0.017310
-0.044991
-0.072632
-0.210648
0.049173
0.028501
-0.058994
0.190208
-0.138664
-0.327713
0.113724
0.171158
0.121960
-0.172562
0.177101
-0.023951
-0.041023
0.158028
-0.069408
0.131889
-0.018152
-0.050200
0.243576
-0.259903
0.075920
-0.068478
0.099049
-0.137421
0.174187
0.017280
0.103294
-0.098637
0.119869
-0.258865
-0.019163
0.021469
0.207321
-0.078156
-0.078465
0.068092
0.031847
-0.112316
0.090527
0.006813
-0.137299
-0.021385
0.129868
0.260513
-0.301071
-0.085396
-0.045313
0.118488
0.153412
-0.240036
-0.290115
0.081150
-0.160912
-0.043474
0.090164
0.160843
-0.317459
0.047611
-0.087070
0.092541
0.226448
0.043053
-0.033575
-0.005078
0.255035
-0.112041
0.063007
-0.004381
-0.076763
0.152954
0.149429
0.075474
-0.016008
0.133438
0.045864
-0.170631
0.337036
-0.147034
-0.052137
0.052719
0.052359
0.094898
-0.154541
0.328552
-0.095581
0.373352
0.052282
-0.413620
0.129669
0.255325
0.118351
-0.081589
-0.139908
0.084774
0.060341
-0.176132
-0.027267
-0.315506
0.110737
0.185516
0.276871
0.112606
-0.029136
-0.030408
-0.191673
-0.129150
0.090809
-0.144775
-0.276184
0.185692
0.057245
-0.076824
-0.156555
0.191124
-0.185402
-0.104542
0.274323
-0.280716
-0.228050
-0.032583
-0.316071
-0.110279
0.174828
-0.016567
-0.174217
0.236870
0.245003
0.088081
-0.079212
-0.081940
-0.017670
0.196526
0.032360
0.245018
0.167274
0.277252
0.114735
-0.032063
-0.303513
-0.161446
0.006036
-0.395569
0.200012
0.139610
0.233269
0.014610
-0.113094
0.069885
0.171043
0.098286
0.183746
-0.145027
-0.013113
0.212128
-0.161598
0.251495
0.011290
0.083992
0.049448
-0.069057
0.001463
0.033487
0.276199
-0.405029
-0.012761
0.005744
0.311096
0.101982
-0.173904
0.007560
0.378265
-0.168442
0.049709
0.139969
-0.028248
-0.007154
0.154579
-0.141342
0.208611
-0.112095
0.102810
0.246483
0.182281
0.091404
0.020895
0.309677
-0.094807
0.179184
-0.044622
0.102222
-0.180008
-0.041441
-0.013013
-0.341522
-0.156334
-0.025763
0.101929
-0.135399
-0.361496
0.217567
-0.129539
0.017892
-0.240410
-0.079842
0.156723
0.021469
0.058886
-0.124695
0.027129
-0.168518
-0.238495
-0.158470
0.077942
-0.203789
-0.067081
-0.191856
0.254593
0.275238
-0.012684
0.209999
-0.061382
-0.046232
0.167427
0.074326
0.051088
0.012787
-0.099018
0.004297
-0.124317
-0.021665
-0.066547
0.185570
-0.003776
-0.016828
-0.184410
0.152946
0.151657
-0.068108
0.132278
-0.076656
-0.229485
0.135956
0.112545
-0.105827
0.038132
-0.201904
0.455673
0.161400
-0.095894
0.283005
0.119911
0.210754
-0.247292
0.169205
-0.125381
-0.267700
0.323074
-0.386932
0.320877
0.505890
0.109131
-0.150810
-0.029494
-0.313858
-0.037977
-0.269562
0.080036
0.341583
0.178970
-0.304321
-0.252075
-0.052513
0.348663
-0.239891
-0.156326
0.286026
0.075237
-0.318069
-0.069580
-0.023060
-0.135429
0.050367
0.190086
-0.279938
0.319565
0.064335
-0.032999
0.126045
0.194443
0.189911
0.014513
-0.213440
-0.477905
-0.117378
-0.010271
0.000758
-0.286530
-0.449280
-0.174660
0.411865
-0.236931
0.092724
0.358963
0.111763
-0.147179
-0.314346
0.496185
0.028447
-0.112988
-0.190819
-0.094978
-0.148422
-0.040051
0.195496
0.086662
-0.237488
0.262299
-0.044287
-0.211807
-0.060684
-0.371780
0.317719
0.242905
-0.232269
0.303131
-0.386780
0.283524
-0.083782
-0.216209
0.209251
-0.189301
0.164261
-0.317459
-0.447342
-0.339355
0.154823
-0.244667
0.156815
0.183281
0.257721
-0.033962
0.188683
0.011351
0.026361
0.286224
-0.419388
-0.311493
0.031121
0.153755
-0.005878
0.485443
0.299011
-0.305557
0.113384
0.164726
-0.002406
0.344040
-0.169167
-0.083759
-0.489578
0.042101
0.243965
0.294144
0.241669
0.414047
-0.147591
0.394485
0.270172
-0.507782
0.477371
-0.089901
-0.441330
0.049076
0.021838
-0.414948
0.334946
0.119877
-0.209007
-0.253372
0.172890
-0.114483
-0.385315
-0.044731
-0.420044
0.345505
0.019629
0.097015
0.072521
-0.047144
-0.087513
0.200363
-0.105400
0.256851
-0.024520
0.134277
0.053505
-0.172104
-0.086632
-0.293732
-0.060436
-0.226654
-0.383621
0.113609
-0.278351
0.157280
0.217712
0.154930
0.176788
0.109093
-0.198799
-0.169365
-0.005760
-0.064648
-0.114086
0.091240
0.381241
-0.092049
-0.329147
-0.163635
-0.239555
-0.316269
0.137512
-0.244553
-0.159401
-0.504791
-0.110687
-0.105900
-0.057070
0.319702
-0.399994
0.499924
-0.423569
-0.266602
-0.004255
-0.084499
0.407700
-0.305573
0.072838
0.065094
-0.296844
-0.226303
-0.001473
0.212395
-0.190559
0.401505
0.305664
-0.426331
-0.308365
-0.025490
0.027464
0.069504
-0.339340
-0.452820
0.441971
0.018306
-0.337769
0.231308
0.529449
0.122189
0.034004
-0.487976
0.102669
0.127487
-0.137146
-0.001963
0.042982
-0.246437
-0.305130
0.015483
0.436081
0.013419
0.404175
-0.182800
-0.289169
-0.401367
0.120327
0.116920
-0.210663
-0.087639
-0.008957
0.331818
0.084648
0.267105
0.498840
-0.090771
-0.331970
-0.458359
-0.476868
-0.321564
0.280853
0.174980
-0.292496
0.283142
-0.315338
0.187775
0.379547
0.244682
-0.058672
0.074448
-0.258865
-0.239990
0.090279
-0.469681
0.096657
0.418533
-0.254013
-0.300034
-0.083969
0.050356
0.229752
-0.092915
0.482574
0.213661
0.076248
0.464005
0.024942
0.359283
-0.094746
-0.353928
0.040154
-0.332916
0.338089
-0.353134
0.050617
0.125542
-0.165367
-0.184822
-0.148811
-0.223984
-0.011992
0.111351
0.055466
-0.022476
0.259109
-0.364883
-0.122963
0.105507
-0.047888
0.309692
-0.361160
0.181862
-0.398209
-0.496399
-0.219467
-0.223976
0.485016
-0.096554
-0.482086
-0.126747
0.166924
0.075085
-0.357254
-0.009580
-0.275620
0.208359
0.015188
0.174423
0.023173
-0.234009
0.469879
0.013595
-0.022250
0.006325
-0.010888
0.236481
0.158073
-0.131828
0.239586
0.108150
-0.339142
-0.021568
0.290039
-0.119934
0.099834
-0.032200
0.173134
0.484451
-0.128731
0.310898
0.458115
-0.059744
0.285202
-0.518555
-0.069332
0.007560
0.309219
-0.054121
0.083633
0.432800
-0.290527
0.036520
0.444366
-0.310349
0.042452
-0.181885
0.024500
-0.318512
-0.213333
0.165718
-0.210327
0.064949
0.144150
-0.020646
-0.052576
0.143608
0.049953
0.118176
0.111057
-0.078777
0.429031
-0.047844
-0.038136
0.097225
0.050610
-0.208229
0.104412
0.460236
0.252670
0.288437
0.278000
0.064930
-0.292450
0.205399
-0.245804
0.365433
0.123882
0.295715
0.046932
-0.189796
-0.055580
-0.063000
0.394592
0.088970
-0.081627
-0.177391
0.232574
-0.033670
0.457809
-0.273392
-0.012431
0.271866
-0.221230
-0.050163
-0.148308
-0.170631
0.359024
-0.043896
-0.224991
-0.003699
0.146584
0.053049
0.061251
-0.047487
-0.360962
-0.186584
-0.297440
-0.335419
0.108765
0.366928
0.090179
0.053570
0.205566
-0.032618
0.041779
0.123959
0.307037
-0.242661
0.090286
0.149849
