0.481541
0.625675
0.499134
0.712530
0.162674
0.871682
0.410812
0.882012
0.390913
0.284537
0.545435
0.779866
0.626424
0.847604
0.649964
0.556357
0.293404
0.903687
0.634518
0.604274
0.546898
0.544050
0.329263
0.428541
0.634638
0.386557
0.538117
0.431498
0.507236
0.532306
0.398862
0.399921
0.746836
0.483377
0.110831
0.320208
0.465584
0.523262
0.313192
0.267196
0.507627
0.444007
0.045890
0.244576
0.287690
0.697028
0.687659
0.467094
0.597239
0.735623
0.660223
0.554835
0.391372
0.689313
0.572679
0.611392
0.188698
0.521494
0.454035
0.581487
0.641482
0.438278
0.393278
0.799463
0.333525
0.504557
0.115749
0.799109
0.613201
0.316796
0.955780
0.532698
0.460631
0.112196
0.663275
0.637795
0.694777
0.763932
0.690270
0.289267
0.611255
0.461020
0.429929
0.588454
0.563333
0.413306
0.496098
0.638756
0.636930
0.363133
0.330769
0.575835
0.686964
0.309875
0.671549
0.722620
0.517734
0.488745
0.819600
0.541632
0.805540
0.771459
0.372882
0.266172
0.769208
0.147855
0.789522
0.575682
0.497615
0.590318
0.450776
0.405121
0.465509
0.293706
0.404274
0.728671
0.408011
0.788673
0.363506
0.341192
0.851634
0.695448
0.616856
0.536299
0.416019
0.586274
0.669616
0.230004
0.187847
0.487596
0.660663
0.578769
0.369581
0.733820
0.730494
0.842090
0.767227
0.516094
0.414298
0.679015
0.520584
0.567203
0.195110
0.871647
0.560738
0.188239
0.596396
0.265000
0.087439
0.371773
0.309494
0.826246
0.178192
0.222600
0.473071
0.479764
0.396557
0.141067
0.413517
0.584404
0.330110
0.774008
0.461043
0.399518
0.503905
0.490090
0.352580
0.683451
0.418501
0.654733
0.472992
0.824639
0.332463
0.255784
0.692812
0.305070
0.330024
0.699906
0.455623
0.418635
0.657506
0.464945
0.355408
0.721251
0.576572
0.714032
0.315016
0.673404
0.855544
0.728534
0.555231
0.596354
0.499066
0.312525
0.584725
0.413670
0.502891
0.233557
0.507819
0.509074
0.889462
0.568941
0.444239
0.332450
0.711451
0.550051
0.523075
0.452172
0.247655
0.681999
0.571082
0.907462
0.443196
0.222741
0.625965
0.720042
0.233470
0.351678
0.690870
0.203016
0.376910
0.656800
0.384749
0.575804
0.557455
0.380172
0.285726
0.170871
0.617651
0.382847
0.681117
0.617640
0.248039
0.423910
0.249090
0.659318
0.560961
0.473165
0.223635
0.694168
0.451863
0.680270
0.712156
0.308059
0.789738
0.636674
0.325526
0.723035
0.688180
0.718525
0.625878
0.652772
0.672024
0.310352
0.639274
0.340003
0.390800
0.225173
0.398729
0.419149
0.608019
0.075925
0.624470
0.555886
0.501008
0.574560
0.627074
0.358220
0.344424
0.436090
0.754518
0.209286
0.412611
0.462753
0.402898
0.313322
0.211125
0.314250
0.148055
0.198306
0.143302
0.662235
0.852251
0.403008
0.383286
0.602498
0.628565
0.660812
0.827670
0.728294
0.667644
0.431768
0.692075
0.704431
0.399525
0.304055
0.575243
0.611980
0.249957
0.805220
0.344769
0.415619
0.599887
0.757380
0.579372
0.703059
0.771701
0.678800
0.431482
0.808059
0.576934
0.160165
0.766545
0.839882
0.450345
0.736384
0.439631
0.491910
0.508168
0.565855
0.216729
0.286337
0.409494
0.909976
0.876322
0.396702
0.212412
0.448090
0.419827
0.463988
0.366137
0.766897
0.464988
0.852023
0.520356
0.340611
0.854806
0.405333
0.430110
0.396815
0.209471
0.304466
0.442533
0.087714
0.255322
0.595008
0.824098
0.697254
0.384788
0.328345
0.375255
0.487071
0.617432
0.370130
0.395427
0.491004
0.767279
0.309286
0.826948
0.774788
0.658827
0.305231
0.537765
0.420066
0.153333
0.168647
0.761851
0.118667
0.460706
0.190788
0.100863
0.670176
0.495255
0.246698
0.643443
0.453878
0.138404
0.578513
0.147659
0.408745
0.319859
0.408466
0.596816
0.824016
0.478423
0.577623
0.311544
0.544255
0.772463
0.549191
0.315121
0.541816
0.439804
0.738440
0.373753
0.596612
0.908705
0.723733
0.715279
0.367792
0.325219
0.519444
0.923968
0.521475
0.652142
0.566965
0.561181
0.790545
0.441729
0.708838
0.785843
0.463035
0.229004
0.378737
0.283129
0.595282
0.658489
0.596976
0.840984
0.543098
0.142694
0.452357
0.383467
0.585972
0.302941
0.343047
0.293557
0.207725
0.477479
0.594216
0.575517
0.503697
-0.011196
-0.089800
0.105588
-0.202106
-0.016337
-0.222451
-0.125000
-0.215973
-0.103651
-0.068514
0.131106
-0.277671
-0.061185
0.063447
0.104764
-0.084726
0.156714
-0.029827
-0.264078
0.042361
-0.211338
-0.057306
-0.019106
-0.058408
0.090992
0.049067
-0.042957
-0.152533
-0.106875
0.187726
0.041169
0.173772
-0.193918
-0.143377
-0.029467
0.079878
0.071882
-0.153333
0.303325
0.258365
-0.074271
0.144298
-0.018729
0.302255
0.207745
0.085459
-0.220757
-0.071541
0.057341
-0.194126
-0.321024
0.136137
0.185702
-0.192553
-0.212404
-0.013439
0.293090
0.034772
0.125871
-0.251494
-0.068769
-0.123094
0.211835
0.029157
0.023086
0.184078
0.109035
0.094968
-0.259388
-0.026482
-0.084377
-0.044102
0.265392
0.334604
-0.177847
0.035427
-0.017648
-0.109604
-0.326247
0.039118
0.133404
-0.209561
-0.113169
0.030682
-0.113114
-0.035439
-0.130333
-0.258310
0.145776
0.284537
-0.072094
-0.071145
-0.276267
-0.148682
-0.189565
-0.106738
0.181263
0.068180
-0.158212
0.212008
0.041697
-0.242588
0.019196
0.307090
-0.345694
0.278482
-0.095192
0.073792
-0.119545
0.016270
-0.175514
-0.133718
0.095133
0.000318
0.187098
0.129596
0.111878
-0.380369
-0.128714
0.110078
0.051744
-0.201384
0.186510
-0.223388
-0.059933
-0.149498
-0.039992
-0.026247
0.355258
-0.199337
-0.253659
0.106823
-0.004216
-0.085177
-0.023796
-0.204043
-0.244404
-0.118988
-0.128541
-0.075525
0.185706
-0.157611
0.230176
-0.156871
-0.009718
0.125431
-0.027275
-0.045416
0.182772
0.133569
0.210529
-0.202059
0.371603
0.249462
0.012263
-0.126039
-0.191302
-0.028863
-0.004710
0.163957
-0.079490
-0.110792
0.124337
0.063871
-0.195969
-0.048169
0.299247
-0.149106
0.124110
-0.268137
0.213078
-0.127894
0.011961
0.151988
-0.283055
0.291800
-0.158580
-0.020196
-0.191326
0.023616
-0.175051
0.166780
0.259267
-0.241157
-0.023177
-0.166181
0.068804
-0.065193
-0.193334
0.064094
-0.049388
0.017310
-0.044988
-0.072628
-0.210663
0.049176
0.028490
-0.058992
0.190204
-0.138667
-0.327706
0.113726
0.171149
0.121965
-0.172573
0.177094
-0.023945
-0.041019
0.158031
-0.069404
0.131882
-0.018154
-0.050200
0.243572
-0.259886
0.075909
-0.068475
0.099051
-0.137435
0.174192
0.017278
0.103310
-0.098631
0.119867
-0.258874
-0.019161
0.021466
0.207325
-0.078153
-0.078463
0.068082
0.031851
-0.112314
0.090521
0.006816
-0.137310
-0.021384
0.129871
0.260513
-0.301063
-0.085400
-0.045314
0.118494
0.153400
-0.240028
-0.290102
0.081157
-0.160926
-0.043475
0.090165
0.160843
-0.317463
0.047607
-0.087075
0.092537
0.226443
0.043051
-0.033573
-0.005075
0.255031
-0.112036
0.063008
-0.004384
-0.076773
0.152953
0.149431
0.075474
-0.016008
0.133435
0.045855
-0.170628
0.337035
-0.147036
-0.052134
0.052725
0.052357
0.094898
-0.154541
0.328565
-0.095577
0.373333
0.052274
-0.413616
0.129674
0.255333
0.118341
-0.081592
-0.139902
0.084769
0.060333
-0.176137
-0.027267
-0.315502
0.110745
0.185518
0.276870
0.112600
-0.029141
-0.030404
-0.191674
-0.129153
0.090812
-0.144773
-0.276188
0.185678
0.057239
-0.076832
-0.156557
0.191121
-0.185400
-0.104557
0.274321
-0.280703
-0.228039
-0.032581
-0.316078
-0.110274
0.174828
-0.016561
-0.174216
0.236871
0.245012
0.088075
-0.079208
-0.081953
-0.017675
0.196529
0.032357
0.245027
0.167259
0.277258
0.114741
-0.032063
-0.303514
-0.161447
0.006039
-0.395561
0.200008
0.139615
0.233270
0.014608
-0.113094
0.069882
0.171039
0.098286
0.183745
-0.145040
-0.013122
0.212129
-0.161600
0.251506
0.011290
0.083988
0.049447
-0.069051
0.001459
0.033482
0.276188
-0.405027
-0.012757
0.005737
0.311074
0.101984
-0.173902
0.007561
0.378247
-0.168439
0.049710
0.139968
-0.028247
-0.007153
0.154576
-0.141341
0.208596
-0.112094
0.102811
0.246474
0.182286
0.091400
0.020894
0.309686
-0.094804
0.179184
-0.044612
0.102219
-0.180000
-0.041443
-0.013008
-0.341522
-0.156337
-0.025765
0.101926
-0.135396
-0.361490
0.217580
-0.129545
0.017890
-0.240416
-0.079835
0.156725
0.021470
0.058878
-0.124698
0.027130
-0.168525
-0.238502
-0.158483
0.077949
-0.203792
-0.067082
-0.191867
0.254604
0.275247
-0.012682
0.209992
-0.061376
-0.046239
0.167416
0.074325
0.051082
0.012788
-0.099016
0.004298
-0.124318
-0.021663
-0.066545
0.185557
-0.003773
-0.016828
-0.184412
0.152953
0.151643
-0.068098
0.132293
-0.076648
-0.229471
0.135961
0.112568
-0.105824
0.038136
-0.201902
0.455667
0.161412
-0.095883
0.283018
0.119941
0.210764
-0.247275
0.169216
-0.125373
-0.267686
0.323098
-0.386922
0.320882
0.505882
0.109137
-0.150804
-0.029490
-0.313843
-0.037961
-0.269549
0.080039
0.341607
0.178980
-0.304295
-0.252059
-0.052510
0.348686
-0.239882
-0.156314
0.286039
0.075235
-0.318059
-0.069569
-0.023059
-0.135432
0.050372
0.190117
-0.279902
0.319588
0.064352
-0.032981
0.126058
0.194451
0.189921
0.014529
-0.213432
-0.477902
-0.117373
-0.010255
0.000764
-0.286530
-0.449255
-0.174647
0.411882
-0.236922
0.092725
0.358980
0.111765
-0.147157
-0.314353
0.496177
0.028470
-0.112981
-0.190804
-0.094980
-0.148412
-0.040040
0.195529
0.086686
-0.237471
0.262294
-0.044275
-0.211804
-0.060667
-0.371765
0.317725
0.242922
-0.232255
0.303156
-0.386765
0.283510
-0.083765
-0.216196
0.209254
-0.189294
0.164294
-0.317452
-0.447334
-0.339334
0.154823
-0.244667
0.156843
0.183294
0.257744
-0.033961
0.188706
0.011353
0.026391
0.286254
-0.419373
-0.311471
0.031137
0.153764
-0.005863
0.485470
0.299020
-0.305549
0.113392
0.164745
-0.002392
0.344039
-0.169157
-0.083745
-0.489569
0.042117
0.243980
0.294157
0.241685
0.414059
-0.147588
0.394490
0.270176
-0.507765
0.477392
-0.089883
-0.441334
0.049078
0.021862
-0.414941
0.334941
0.119901
-0.209000
-0.253353
0.172882
-0.114471
-0.385294
-0.044726
-0.420021
0.345509
0.019627
0.097020
0.072529
-0.047118
-0.087510
0.200372
-0.105392
0.256863
-0.024510
0.134274
0.053509
-0.172098
-0.086628
-0.293725
-0.060431
-0.226647
-0.383608
0.113627
-0.278353
0.157294
0.217725
0.154960
0.176803
0.109117
-0.198785
-0.169353
-0.005745
-0.064647
-0.114079
0.091255
0.381255
-0.092040
-0.329138
-0.163628
-0.239549
-0.316256
0.137529
-0.244549
-0.159392
-0.504786
-0.110667
-0.105883
-0.057059
0.319726
-0.400001
0.499921
-0.423550
-0.266589
-0.004255
-0.084490
0.407725
-0.305569
0.072882
0.065098
-0.296844
-0.226294
-0.001452
0.212412
-0.190549
0.401490
0.305686
-0.426314
-0.308353
-0.025471
0.027470
0.069510
-0.339314
-0.452805
0.441980
0.018314
-0.337765
0.231313
0.529451
0.122196
0.034019
-0.487961
0.102686
0.127490
-0.137138
-0.001961
0.043000
-0.246432
-0.305118
0.015490
0.436078
0.013431
0.404196
-0.182785
-0.289157
-0.401353
0.120333
0.116921
-0.210647
-0.087628
-0.008942
0.331823
0.084686
0.267137
0.498844
-0.090746
-0.331961
-0.458354
-0.476843
-0.321549
0.280863
0.174980
-0.292490
0.283157
-0.315333
0.187784
0.379568
0.244686
-0.058647
0.074451
-0.258863
-0.239981
0.090294
-0.469667
0.096666
0.418549
-0.254000
-0.300020
-0.083961
0.050353
0.229764
-0.092902
0.482567
0.213666
0.076255
0.463999
0.024941
0.359294
-0.094745
-0.353922
0.040156
-0.332922
0.338078
-0.353118
0.050627
0.125549
-0.165334
-0.184805
-0.148804
-0.223981
-0.011980
0.111372
0.055470
-0.022471
0.259118
-0.364882
-0.122961
0.105509
-0.047883
0.309705
-0.361157
0.181882
-0.398197
-0.496392
-0.219451
-0.223961
0.485020
-0.096530
-0.482079
-0.126745
0.166960
0.075097
-0.357255
-0.009569
-0.275608
0.208373
0.015195
0.174450
0.023176
-0.234000
0.469901
0.013607
-0.022236
0.006333
-0.010882
0.236490
0.158078
-0.131824
0.239588
0.108176
-0.339137
-0.021570
0.290058
-0.119922
0.099843
-0.032196
0.173137
0.484470
-0.128726
0.310882
0.458117
-0.059745
0.285196
-0.518569
-0.069314
0.007568
0.309235
-0.054118
0.083647
0.432804
-0.290530
0.036529
0.444392
-0.310353
0.042470
-0.181883
0.024510
-0.318491
-0.213314
0.165725
-0.210314
0.064961
0.144157
-0.020647
-0.052549
0.143608
0.049960
0.118176
0.111059
-0.078765
0.429059
-0.047843
-0.038118
0.097235
0.050608
-0.208216
0.104412
0.460235
0.252666
0.288451
0.278039
0.064941
-0.292432
0.205411
-0.245804
0.365432
0.123921
0.295725
0.046941
-0.189785
-0.055569
-0.062981
0.394608
0.088980
-0.081609
-0.177373
0.232588
-0.033667
0.457822
-0.273373
-0.012432
0.271882
-0.221216
-0.050157
-0.148294
-0.170608
0.359039
-0.043883
-0.224981
-0.003687
0.146588
0.053059
0.061255
-0.047471
-0.360961
-0.186569
-0.297432
-0.335413
0.108765
0.366922
0.090196
0.053588
0.205569
-0.032608
0.041784
0.123961
0.307038
-0.242647
0.090294
0.149862
