0.481541
0.625675
0.499133
0.712529
0.162675
0.871682
0.410812
0.882012
0.390914
0.284537
0.545435
0.779867
0.626423
0.847604
0.649965
0.556357
0.293404
0.903686
0.634518
0.604275
0.546898
0.544051
0.329263
0.428541
0.634639
0.386557
0.538118
0.431498
0.507235
0.532306
0.398863
0.399922
0.746835
0.483376
0.110831
0.320208
0.465584
0.523263
0.313192
0.267196
0.507627
0.444008
0.045890
0.244576
0.287690
0.697027
0.687659
0.467094
0.597239
0.735624
0.660223
0.554835
0.391373
0.689314
0.572678
0.611392
0.188698
0.521494
0.454035
0.581486
0.641482
0.438278
0.393278
0.799463
0.333525
0.504557
0.115749
0.799110
0.613200
0.316796
0.955780
0.532698
0.460631
0.112196
0.663275
0.637796
0.694776
0.763933
0.690271
0.289267
0.611255
0.461020
0.429929
0.588455
0.563333
0.413306
0.496098
0.638757
0.636929
0.363133
0.330769
0.575835
0.686965
0.309875
0.671549
0.722620
0.517733
0.488745
0.819600
0.541631
0.805541
0.771459
0.372882
0.266173
0.769208
0.147855
0.789522
0.575682
0.497616
0.590318
0.450776
0.405122
0.465510
0.293706
0.404274
0.728671
0.408012
0.788675
0.363506
0.341192
0.851635
0.695447
0.616855
0.536298
0.416020
0.586275
0.669616
0.230004
0.187847
0.487596
0.660663
0.578769
0.369580
0.733820
0.730494
0.842090
0.767227
0.516094
0.414298
0.679016
0.520584
0.567204
0.195110
0.871647
0.560737
0.188239
0.596396
0.265000
0.087439
0.371773
0.309494
0.826247
0.178192
0.222600
0.473071
0.479765
0.396557
0.141067
0.413518
0.584404
0.330110
0.774008
0.461043
0.399518
0.503906
0.490090
0.352580
0.683451
0.418502
0.654733
0.472992
0.824639
0.332463
0.255784
0.692812
0.305071
0.330024
0.699906
0.455624
0.418635
0.657506
0.464945
0.355408
0.721251
0.576573
0.714031
0.315016
0.673404
0.855545
0.728533
0.555231
0.596353
0.499067
0.312525
0.584725
0.413671
0.502890
0.233557
0.507820
0.509075
0.889463
0.568941
0.444239
0.332451
0.711451
0.550051
0.523075
0.452173
0.247655
0.682000
0.571082
0.907463
0.443196
0.222741
0.625965
0.720043
0.233471
0.351678
0.690871
0.203016
0.376910
0.656800
0.384749
0.575804
0.557455
0.380173
0.285726
0.170871
0.617651
0.382847
0.681118
0.617639
0.248039
0.423910
0.249090
0.659318
0.560961
0.473165
0.223635
0.694169
0.451863
0.680271
0.712157
0.308059
0.789737
0.636675
0.325525
0.723035
0.688180
0.718525
0.625878
0.652773
0.672024
0.310353
0.639274
0.340004
0.390800
0.225173
0.398729
0.419149
0.608020
0.075925
0.624471
0.555886
0.501008
0.574561
0.627075
0.358220
0.344424
0.436090
0.754518
0.209286
0.412612
0.462753
0.402898
0.313322
0.211125
0.314251
0.148055
0.198306
0.143302
0.662235
0.852251
0.403008
0.383286
0.602498
0.628565
0.660812
0.827671
0.728294
0.667643
0.431769
0.692075
0.704431
0.399525
0.304055
0.575243
0.611980
0.249957
0.805220
0.344769
0.415620
0.599886
0.757380
0.579373
0.703059
0.771702
0.678800
0.431482
0.808059
0.576933
0.160165
0.766545
0.839882
0.450345
0.736384
0.439631
0.491910
0.508169
0.565855
0.216729
0.286337
0.409494
0.909976
0.876322
0.396702
0.212412
0.448090
0.419827
0.463988
0.366137
0.766898
0.464988
0.852024
0.520357
0.340612
0.854808
0.405333
0.430110
0.396816
0.209471
0.304467
0.442533
0.087714
0.255322
0.595008
0.824098
0.697255
0.384788
0.328345
0.375255
0.487071
0.617431
0.370129
0.395427
0.491004
0.767278
0.309286
0.826949
0.774788
0.658827
0.305231
0.537765
0.420067
0.153333
0.168647
0.761851
0.118667
0.460706
0.190788
0.100863
0.670177
0.495255
0.246698
0.643443
0.453878
0.138404
0.578514
0.147659
0.408745
0.319859
0.408467
0.596816
0.824016
0.478424
0.577624
0.311545
0.544255
0.772463
0.549192
0.315122
0.541816
0.439804
0.738439
0.373753
0.596612
0.908706
0.723733
0.715278
0.367792
0.325220
0.519443
0.923969
0.521474
0.652141
0.566965
0.561180
0.790545
0.441729
0.708839
0.785843
0.463035
0.229004
0.378737
0.283129
0.595282
0.658490
0.596976
0.840984
0.543098
0.142694
0.452357
0.383467
0.585973
0.302941
0.343047
0.293557
0.207725
0.477478
0.594216
0.575518
0.503698
-0.011196
-0.089800
0.105588
-0.202106
-0.016337
-0.222451
-0.125000
-0.215973
-0.103651
-0.068514
0.131106
-0.277671
-0.061184
0.063447
0.104765
-0.084725
0.156714
-0.029827
-0.264078
0.042361
-0.211337
-0.057306
-0.019106
-0.058408
0.090992
0.049067
-0.042957
-0.152533
-0.106875
0.187725
0.041169
0.173773
-0.193918
-0.143376
-0.029467
0.079878
0.071882
-0.153333
0.303325
0.258365
-0.074271
0.144298
-0.018729
0.302255
0.207745
0.085459
-0.220757
-0.071541
0.057341
-0.194126
-0.321024
0.136137
0.185702
-0.192553
-0.212404
-0.013439
0.293090
0.034773
0.125871
-0.251494
-0.068769
-0.123094
0.211835
0.029157
0.023086
0.184078
0.109035
0.094969
-0.259388
-0.026482
-0.084376
-0.044102
0.265392
0.334604
-0.177847
0.035427
-0.017647
-0.109604
-0.326247
0.039118
0.133404
-0.209561
-0.113169
0.030682
-0.113114
-0.035439
-0.130333
-0.258310
0.145776
0.284537
-0.072094
-0.071145
-0.276267
-0.148682
-0.189565
-0.106737
0.181263
0.068180
-0.158212
0.212008
0.041698
-0.242588
0.019196
0.307090
-0.345694
0.278482
-0.095192
0.073792
-0.119545
0.016271
-0.175514
-0.133718
0.095133
0.000318
0.187098
0.129596
0.111878
-0.380369
-0.128714
0.110078
0.051745
-0.201384
0.186510
-0.223388
-0.059933
-0.149498
-0.039992
-0.026247
0.355259
-0.199337
-0.253659
0.106824
-0.004216
-0.085176
-0.023796
-0.204043
-0.244404
-0.118988
-0.128541
-0.075525
0.185706
-0.157612
0.230176
-0.156871
-0.009718
0.125431
-0.027275
-0.045416
0.182773
0.133569
0.210529
-0.202059
0.371604
0.249463
0.012263
-0.126039
-0.191302
-0.028863
-0.004710
0.163957
-0.079490
-0.110792
0.124337
0.063871
-0.195969
-0.048169
0.299247
-0.149106
0.124110
-0.268137
0.213078
-0.127894
0.011961
0.151988
-0.283055
0.291800
-0.158580
-0.020196
-0.191326
0.023616
-0.175051
0.166780
0.259267
-0.241157
-0.023177
-0.166180
0.068804
-0.065192
-0.193333
0.064094
-0.049388
0.017310
-0.044988
-0.072627
-0.210663
0.049176
0.028490
-0.058992
0.190204
-0.138667
-0.327706
0.113725
0.171149
0.121965
-0.172573
0.177094
-0.023945
-0.041020
0.158031
-0.069404
0.131882
-0.018153
-0.050200
0.243573
-0.259886
0.075910
-0.068475
0.099051
-0.137435
0.174192
0.017278
0.103310
-0.098631
0.119867
-0.258875
-0.019161
0.021467
0.207325
-0.078153
-0.078463
0.068082
0.031851
-0.112314
0.090522
0.006816
-0.137310
-0.021384
0.129871
0.260514
-0.301063
-0.085400
-0.045314
0.118494
0.153400
-0.240027
-0.290102
0.081157
-0.160925
-0.043475
0.090165
0.160843
-0.317463
0.047608
-0.087075
0.092537
0.226443
0.043051
-0.033573
-0.005075
0.255031
-0.112035
0.063008
-0.004384
-0.076773
0.152953
0.149431
0.075475
-0.016008
0.133435
0.045855
-0.170627
0.337035
-0.147035
-0.052133
0.052725
0.052357
0.094898
-0.154541
0.328565
-0.095576
0.373333
0.052275
-0.413616
0.129674
0.255333
0.118341
-0.081592
-0.139902
0.084769
0.060333
-0.176137
-0.027267
-0.315502
0.110745
0.185518
0.276871
0.112600
-0.029141
-0.030404
-0.191675
-0.129153
0.090812
-0.144773
-0.276188
0.185678
0.057239
-0.076831
-0.156557
0.191122
-0.185400
-0.104557
0.274322
-0.280702
-0.228039
-0.032580
-0.316078
-0.110275
0.174827
-0.016561
-0.174216
0.236871
0.245012
0.088075
-0.079208
-0.081953
-0.017675
0.196529
0.032357
0.245027
0.167259
0.277259
0.114741
-0.032063
-0.303514
-0.161447
0.006039
-0.395561
0.200008
0.139616
0.233271
0.014608
-0.113094
0.069882
0.171039
0.098286
0.183745
-0.145039
-0.013122
0.212129
-0.161600
0.251506
0.011290
0.083988
0.049447
-0.069051
0.001459
0.033482
0.276188
-0.405027
-0.012757
0.005737
0.311074
0.101984
-0.173902
0.007561
0.378247
-0.168439
0.049710
0.139969
-0.028247
-0.007153
0.154576
-0.141341
0.208596
-0.112094
0.102812
0.246475
0.182286
0.091400
0.020894
0.309686
-0.094804
0.179184
-0.044612
0.102220
-0.180000
-0.041443
-0.013008
-0.341522
-0.156337
-0.025765
0.101925
-0.135396
-0.361490
0.217580
-0.129545
0.017890
-0.240416
-0.079835
0.156725
0.021471
0.058878
-0.124698
0.027129
-0.168525
-0.238502
-0.158482
0.077949
-0.203792
-0.067082
-0.191867
0.254604
0.275247
-0.012682
0.209992
-0.061376
-0.046239
0.167416
0.074325
0.051082
0.012788
-0.099016
0.004298
-0.124318
-0.021663
-0.066545
0.185557
-0.003773
-0.016827
-0.184412
0.152953
0.151643
-0.068098
0.132294
-0.076647
-0.229471
0.135961
0.112569
-0.105824
0.038137
-0.201902
0.455667
0.161412
-0.095882
0.283020
0.119941
0.210765
-0.247275
0.169216
-0.125373
-0.267686
0.323098
-0.386922
0.320882
0.505882
0.109137
-0.150804
-0.029490
-0.313843
-0.037961
-0.269549
0.080039
0.341608
0.178980
-0.304294
-0.252059
-0.052510
0.348686
-0.239882
-0.156314
0.286039
0.075235
-0.318059
-0.069569
-0.023059
-0.135431
0.050373
0.190118
-0.279902
0.319588
0.064353
-0.032980
0.126059
0.194451
0.189922
0.014529
-0.213431
-0.477902
-0.117373
-0.010255
0.000765
-0.286529
-0.449255
-0.174647
0.411882
-0.236922
0.092726
0.358980
0.111765
-0.147157
-0.314353
0.496177
0.028471
-0.112980
-0.190804
-0.094980
-0.148412
-0.040039
0.195529
0.086686
-0.237471
0.262294
-0.044275
-0.211804
-0.060667
-0.371765
0.317726
0.242922
-0.232255
0.303157
-0.386765
0.283510
-0.083765
-0.216196
0.209255
-0.189294
0.164294
-0.317451
-0.447333
-0.339333
0.154824
-0.244667
0.156843
0.183294
0.257745
-0.033961
0.188706
0.011353
0.026392
0.286255
-0.419373
-0.311471
0.031137
0.153765
-0.005863
0.485471
0.299020
-0.305549
0.113392
0.164745
-0.002392
0.344039
-0.169157
-0.083745
-0.489569
0.042118
0.243980
0.294157
0.241686
0.414059
-0.147588
0.394490
0.270177
-0.507765
0.477392
-0.089882
-0.441333
0.049078
0.021863
-0.414941
0.334941
0.119902
-0.209000
-0.253353
0.172882
-0.114471
-0.385294
-0.044725
-0.420020
0.345510
0.019627
0.097020
0.072529
-0.047118
-0.087510
0.200373
-0.105392
0.256863
-0.024510
0.134275
0.053510
-0.172098
-0.086627
-0.293725
-0.060431
-0.226647
-0.383608
0.113627
-0.278353
0.157294
0.217726
0.154961
0.176804
0.109118
-0.198784
-0.169353
-0.005745
-0.064647
-0.114078
0.091255
0.381255
-0.092039
-0.329137
-0.163627
-0.239549
-0.316255
0.137529
-0.244549
-0.159392
-0.504784
-0.110667
-0.105882
-0.057059
0.319726
-0.400000
0.499922
-0.423549
-0.266588
-0.004255
-0.084490
0.407725
-0.305569
0.072882
0.065098
-0.296843
-0.226294
-0.001451
0.212412
-0.190549
0.401490
0.305686
-0.426314
-0.308353
-0.025471
0.027471
0.069510
-0.339314
-0.452804
0.441980
0.018314
-0.337765
0.231314
0.529451
0.122196
0.034020
-0.487961
0.102686
0.127490
-0.137137
-0.001961
0.043000
-0.246431
-0.305118
0.015490
0.436078
0.013431
0.404196
-0.182784
-0.289157
-0.401353
0.120333
0.116922
-0.210647
-0.087627
-0.008941
0.331824
0.084686
0.267137
0.498843
-0.090745
-0.331961
-0.458353
-0.476843
-0.321549
0.280863
0.174980
-0.292490
0.283157
-0.315333
0.187784
0.379569
0.244686
-0.058647
0.074451
-0.258863
-0.239980
0.090294
-0.469667
0.096667
0.418549
-0.254000
-0.300020
-0.083961
0.050353
0.229765
-0.092902
0.482569
0.213667
0.076255
0.464000
0.024941
0.359294
-0.094745
-0.353922
0.040157
-0.332922
0.338078
-0.353118
0.050627
0.125549
-0.165333
-0.184804
-0.148804
-0.223980
-0.011980
0.111373
0.055471
-0.022471
0.259118
-0.364882
-0.122961
0.105510
-0.047882
0.309706
-0.361157
0.181882
-0.398196
-0.496392
-0.219451
-0.223961
0.485020
-0.096529
-0.482078
-0.126745
0.166961
0.075098
-0.357255
-0.009569
-0.275608
0.208373
0.015196
0.174451
0.023176
-0.234000
0.469902
0.013608
-0.022235
0.006333
-0.010882
0.236490
0.158078
-0.131824
0.239588
0.108176
-0.339137
-0.021569
0.290059
-0.119922
0.099843
-0.032196
0.173137
0.484471
-0.128725
0.310882
0.458118
-0.059745
0.285196
-0.518569
-0.069314
0.007569
0.309235
-0.054118
0.083647
0.432804
-0.290529
0.036529
0.444392
-0.310353
0.042471
-0.181882
0.024510
-0.318490
-0.213314
0.165725
-0.210314
0.064961
0.144157
-0.020647
-0.052549
0.143608
0.049961
0.118176
0.111059
-0.078765
0.429059
-0.047843
-0.038118
0.097235
0.050608
-0.208216
0.104412
0.460235
0.252667
0.288451
0.278039
0.064941
-0.292431
0.205412
-0.245804
0.365431
0.123922
0.295725
0.046941
-0.189784
-0.055569
-0.062980
0.394608
0.088980
-0.081608
-0.177373
0.232588
-0.033667
0.457824
-0.273373
-0.012431
0.271882
-0.221216
-0.050157
-0.148294
-0.170608
0.359039
-0.043882
-0.224980
-0.003686
0.146588
0.053059
0.061255
-0.047471
-0.360961
-0.186569
-0.297431
-0.335412
0.108765
0.366922
0.090196
0.053588
0.205569
-0.032608
0.041784
0.123961
0.307039
-0.242647
0.090294
0.149863
