0.660889
0.369385
0.661621
0.697510
0.364136
0.619873
0.397827
0.667236
0.548828
0.698486
0.534668
0.484985
0.521973
0.583740
0.514893
0.491455
0.359619
0.513184
0.446777
0.423584
0.283325
0.832764
0.590332
0.614990
0.513428
0.389648
0.260864
0.388672
0.653320
0.477905
0.703613
0.613525
0.433838
0.476074
0.421509
0.797852
0.206970
0.706543
0.578125
0.758301
0.401367
0.223389
0.353638
0.623291
0.392700
0.755371
0.414307
0.752686
0.379639
0.861572
0.877441
0.548828
0.691895
0.466064
0.161316
0.316650
0.441162
0.422241
0.590820
0.393433
0.488037
0.405396
0.418823
0.332520
0.770508
0.726562
0.243835
0.273804
0.429321
0.707275
0.329468
0.242676
0.516602
0.268677
0.279419
0.321289
0.435181
0.693604
0.773682
0.401489
0.552734
0.649658
0.538086
0.355713
0.412109
0.699219
0.560303
0.854492
0.234924
0.562012
0.358765
0.609619
0.855469
0.477539
0.353149
0.736816
0.201416
0.183594
0.308228
0.630615
0.890869
0.340332
0.875977
0.519531
0.608887
0.152832
0.727051
0.747559
0.432007
0.614014
0.734131
0.281494
0.561523
0.683594
0.522949
0.673584
0.496826
0.493896
0.524414
0.617188
0.758057
0.297607
0.337769
0.610840
0.660889
0.577881
0.758545
0.864746
0.463623
0.766846
0.792969
0.465332
0.692627
0.665283
0.284058
0.415649
0.818115
0.121643
0.748779
0.548096
0.622070
0.593994
0.415039
0.479980
0.390015
0.051971
0.150024
0.772705
0.245789
0.677979
0.387573
0.301514
0.675537
0.725586
0.612305
0.632324
0.299561
0.367310
0.494385
0.173706
0.248474
0.400757
0.528320
0.640869
0.176697
0.697998
0.642090
0.884277
0.706299
0.801758
0.428467
0.741699
0.394409
0.545654
0.218201
0.671387
0.597656
0.370605
0.855225
0.255127
0.159119
0.239258
0.144409
0.720215
0.376587
0.167419
0.464111
0.261963
0.537109
0.257690
0.439087
0.671143
0.358276
0.853027
0.309448
0.420532
0.661865
0.365112
0.600830
0.478882
0.464233
0.617188
0.217102
0.558594
0.574707
0.437622
0.641113
0.468384
0.509033
0.493408
0.309082
0.553955
0.732666
0.453491
0.385742
0.695312
0.623779
0.735352
0.371460
0.747314
0.878662
0.696045
0.529297
0.347534
0.660400
0.249634
0.656494
0.432861
0.501221
0.254761
0.324219
0.668457
0.872314
0.429199
0.637451
0.443115
0.567871
0.278564
0.498657
0.488037
0.068787
0.810303
0.627197
0.803955
0.561768
0.423706
0.910889
0.770996
0.155273
0.278809
0.628906
0.147278
0.385986
0.570068
0.380371
0.746582
0.408081
0.334229
0.475830
0.320190
0.591553
0.387817
0.688477
0.460327
0.229065
0.326172
0.317627
0.796875
0.490356
0.516113
0.280884
0.558838
0.623047
0.608154
0.773926
0.298096
0.618408
0.683838
0.066223
0.773926
0.548340
0.697510
0.808105
0.636719
0.564697
0.301392
0.679688
0.384277
0.521484
0.269653
0.292358
0.223877
0.657959
0.278687
0.687500
0.586670
0.490479
0.590576
0.380371
0.391479
0.403687
0.661621
0.653076
0.325317
0.267212
0.423462
0.324463
0.296143
0.404663
0.276245
0.066376
0.065948
0.384277
0.876953
0.703857
0.537842
0.175781
0.679932
0.622070
0.697266
0.649658
0.500244
0.810303
0.719727
0.781006
0.493896
0.302612
0.382080
0.495239
0.684326
0.475708
0.784180
0.342285
0.425049
0.809570
0.609619
0.735352
0.719482
0.791260
0.842285
0.108551
0.747070
0.908447
0.079956
0.734375
0.608887
0.617676
0.795654
0.700684
0.352905
0.490479
0.648926
0.263916
0.411255
0.364746
0.631592
0.790771
0.371216
0.427002
0.396851
0.351685
0.489258
0.179565
0.581543
0.500244
0.689453
0.488892
0.346069
0.823242
0.393433
0.299316
0.228455
0.551025
0.205566
0.308350
0.282837
0.110901
0.628174
0.664551
0.699463
0.277710
0.565674
0.460815
0.428467
0.564941
0.525391
0.173096
0.766113
0.782227
0.485718
0.750977
0.722168
0.675293
0.341675
0.715576
0.587402
0.328613
0.201233
0.819092
0.147888
-0.139893
-0.115997
-0.306396
-0.020958
-0.030579
-0.210510
0.153625
-0.152771
-0.264282
-0.035049
-0.237915
-0.172974
-0.231689
-0.150146
-0.073822
0.153809
0.122192
0.007965
0.011765
-0.042343
0.271606
-0.193726
-0.143677
-0.001471
0.005882
0.259766
-0.099487
0.102020
0.145325
0.218384
-0.045105
-0.141785
-0.188416
0.087921
0.275024
-0.218994
0.315063
-0.008087
0.064941
0.049637
-0.043198
0.264526
0.314209
-0.127258
-0.175842
-0.197937
-0.122864
-0.051956
0.249329
-0.109436
0.052689
0.083221
-0.303833
-0.092194
0.082764
0.141418
-0.122589
-0.016670
-0.194336
-0.126038
-0.089569
0.198120
0.021751
0.012070
-0.153503
-0.139404
0.231262
0.013939
-0.147583
-0.141541
-0.084747
0.098724
-0.165588
-0.060822
0.261963
-0.051895
0.033020
0.139221
0.043747
-0.008396
0.029167
0.095215
-0.216553
0.164612
-0.144775
-0.133728
-0.133057
-0.267944
0.287720
-0.037262
0.045349
-0.240112
-0.277954
0.214600
0.063660
0.007843
0.074585
0.004229
-0.126404
-0.073029
-0.137390
-0.063110
0.026344
0.134216
-0.123962
0.287598
-0.353882
0.055023
0.136719
0.126343
-0.243652
0.019791
0.074890
-0.168396
-0.253418
0.077698
0.133850
-0.096252
-0.188721
-0.016174
0.012867
0.145081
0.183105
-0.265991
-0.078064
-0.191528
0.032104
-0.002941
-0.040985
0.054901
-0.224121
0.259277
-0.298462
-0.198059
0.246338
0.013603
0.089569
0.330078
-0.219910
0.079773
0.018013
-0.025917
-0.190735
-0.054718
0.242126
-0.008186
0.024574
-0.060043
0.043076
-0.165710
-0.076813
-0.092285
0.126953
0.106262
-0.210510
-0.098785
-0.085602
-0.176941
-0.102386
0.163513
0.313843
0.111511
-0.014950
0.163086
0.351074
-0.206482
-0.113495
0.003064
-0.314819
-0.043259
0.082611
-0.007843
-0.068695
0.038361
-0.060959
-0.264893
0.030144
-0.037506
-0.034683
0.362793
0.234314
-0.110016
-0.020927
-0.076599
0.285767
0.058578
0.261719
-0.088379
-0.119415
0.012226
0.073395
-0.243408
0.271362
-0.379272
-0.080902
0.184814
-0.148193
0.096313
0.040192
-0.025368
-0.095245
-0.168518
-0.031586
-0.016418
0.159180
-0.093689
0.010662
0.041733
0.015747
-0.024818
0.114166
-0.187500
-0.134888
0.093262
0.172974
-0.137756
0.152466
-0.003064
0.062317
-0.257812
-0.428589
-0.302124
-0.061768
0.280518
-0.242004
0.147400
0.028183
0.047363
-0.194580
0.067657
0.313354
-0.141724
-0.099274
-0.157104
0.131958
0.059799
-0.103973
0.140808
-0.187561
0.201965
-0.029976
-0.074524
-0.275879
-0.165894
-0.127747
0.187195
-0.014091
-0.265503
0.184204
0.048096
-0.085724
0.193848
0.037811
0.142090
0.036697
-0.056747
-0.000123
-0.083405
-0.156921
0.095337
-0.015133
-0.135010
0.101227
-0.114563
-0.002635
0.233093
0.233704
-0.106506
-0.063843
0.193604
0.095367
-0.093811
-0.026840
-0.032898
0.032104
0.281982
-0.136414
0.016670
0.015686
0.049515
-0.223511
-0.071136
-0.194946
-0.039398
-0.075134
0.278320
-0.243652
0.214294
-0.241211
0.035294
0.018318
0.181274
-0.097992
-0.026993
0.064941
0.046997
-0.231506
0.008457
-0.057938
-0.005270
0.056183
0.037384
0.049026
-0.119476
0.005514
0.081116
0.309448
0.159241
-0.050369
-0.112671
0.208557
0.162476
0.106323
0.012501
0.122559
-0.260620
0.291748
-0.268921
0.101105
0.050491
-0.084381
-0.169067
-0.207520
0.107239
-0.197144
-0.142700
0.154114
0.008823
0.155884
0.095581
0.150085
-0.225708
0.134644
0.051407
-0.197693
0.140076
-0.305786
-0.178467
-0.138489
-0.208069
0.145325
-0.367676
-0.045593
-0.037430
0.082489
0.078430
-0.298096
-0.063477
0.099030
0.241150
-0.013542
-0.134155
0.362305
0.216492
-0.026901
-0.125793
-0.364014
0.274780
0.172119
0.231323
0.222534
0.031372
0.004259
-0.081726
-0.205688
-0.044113
-0.089905
-0.073792
0.065796
0.209778
0.155762
0.065186
0.132202
0.111145
0.027756
0.213989
0.041977
-0.123962
-0.137939
-0.297974
-0.030396
0.138611
0.006924
-0.106506
0.065552
0.127563
0.204285
-0.008457
-0.035538
-0.061340
-0.068390
-0.102570
0.119232
0.227600
0.105133
0.203064
0.035233
0.016884
-0.308472
0.100983
-0.225342
0.357178
-0.219238
-0.216248
-0.040802
0.333252
-0.094391
0.226624
-0.340454
0.092407
0.170898
0.162720
0.374512
0.351318
0.329346
-0.190247
0.111023
0.217163
-0.102936
0.481445
-0.155762
0.067352
0.276978
-0.054321
-0.044586
-0.032196
-0.070618
-0.000536
-0.398071
0.127747
0.074371
-0.008411
-0.029671
-0.245789
-0.325073
-0.070465
-0.012989
-0.317139
0.053650
-0.355469
-0.224854
0.123932
-0.293091
-0.467651
-0.041641
0.138977
-0.040131
0.069000
0.255127
-0.143494
-0.064484
0.199768
-0.073853
0.210388
0.147400
-0.219299
-0.338867
0.076782
-0.119476
-0.121460
-0.314453
-0.145691
0.389404
0.172791
-0.290649
0.164429
-0.000613
0.313721
-0.153015
0.153381
0.577881
0.141479
-0.240051
-0.232239
0.188416
0.237610
0.423340
0.148254
-0.310791
0.163818
0.007076
-0.377319
-0.155457
-0.167664
0.450317
-0.007950
-0.288574
0.114014
-0.034073
0.108948
-0.108337
-0.245728
0.061554
-0.336426
0.443481
-0.329956
-0.169800
-0.071625
0.603516
-0.322754
0.081818
0.561768
-0.183655
-0.256348
0.329590
0.006954
0.081299
0.135559
-0.361816
-0.332153
-0.217529
0.262207
-0.090027
0.143433
0.194885
-0.257080
0.035446
0.423340
-0.143555
0.101715
-0.087250
0.265259
-0.244751
-0.023361
0.029335
0.301514
0.163574
-0.142761
-0.389404
0.149414
0.154053
-0.408203
0.193909
-0.029709
-0.049606
0.423096
-0.022797
-0.068848
0.041367
0.234802
-0.298218
-0.276611
-0.020020
0.229065
-0.235596
0.074829
-0.028397
-0.100159
-0.119232
-0.171509
0.004005
0.413208
-0.523438
-0.240784
-0.227539
0.123047
0.060745
-0.064209
-0.017479
0.188171
-0.015011
0.033707
-0.119537
-0.438477
-0.096497
-0.068909
-0.532471
-0.018814
-0.034729
0.025917
0.215881
0.181885
-0.253174
-0.423584
0.410645
-0.385986
-0.348755
0.380127
0.031006
0.051315
0.108093
0.034409
-0.054474
-0.315063
0.312866
0.234985
-0.290161
-0.143738
0.168762
0.307251
0.044785
0.254272
-0.276489
0.025581
-0.182068
-0.272583
-0.143799
-0.199829
0.325806
-0.279053
0.445679
0.022797
-0.097595
-0.424805
0.118530
0.311035
-0.294067
0.387085
0.076172
-0.260986
-0.078552
0.284668
-0.226685
-0.132996
-0.128540
-0.431152
0.099670
-0.318359
-0.057526
-0.246155
0.089142
0.087585
-0.092957
-0.287598
0.012302
0.242004
-0.462280
-0.231995
0.145020
-0.134033
0.007996
-0.028969
-0.111542
0.008751
0.063202
0.006817
-0.295166
-0.230652
-0.121002
0.297974
0.125366
-0.201599
0.065613
-0.103180
0.284790
0.454224
-0.014950
-0.132874
0.135559
-0.072510
-0.479370
0.121948
0.531494
-0.053040
-0.065338
-0.073547
-0.330566
0.092102
0.311768
0.331543
-0.044312
-0.199280
-0.314941
-0.155945
0.328979
-0.251709
0.368164
0.033630
-0.381836
-0.370361
0.331543
-0.256592
0.044983
-0.220276
0.156860
0.227173
-0.281006
0.139954
0.096680
-0.145813
-0.450073
-0.384644
0.078918
-0.538086
0.179016
-0.088837
0.005829
0.368042
0.103241
0.217590
0.180420
-0.041580
0.018089
0.485107
-0.197205
-0.270508
0.333496
-0.346069
-0.237427
0.468628
-0.099457
0.094025
-0.407837
0.560791
-0.124329
-0.250977
0.172913
0.111633
0.508545
0.370117
-0.034164
-0.044098
0.502197
0.042770
-0.579590
0.164795
-0.044113
0.043533
-0.084717
0.059219
-0.356567
-0.421631
0.118256
0.180542
0.061234
-0.078857
-0.089966
0.294312
0.091980
-0.324951
0.143494
0.092957
-0.231445
0.352905
0.036285
-0.355713
0.204529
-0.307739
-0.143616
0.093323
-0.040161
-0.077454
0.049423
-0.052963
-0.135071
-0.530762
0.111816
-0.078796
0.032104
-0.075806
-0.017235
0.290649
0.019485
0.000490
0.471191
-0.433716
0.021980
-0.236206
0.375366
0.013081
0.056122
0.004320
0.103851
-0.076874
-0.160156
-0.477661
0.187134
-0.055939
-0.268066
-0.059464
-0.063049
0.308838
0.380005
-0.011795
0.255737
0.247192
0.074738
-0.251831
-0.348999
0.205139
0.289551
0.150635
0.397461
0.411865
-0.368408
0.251221
-0.124329
0.170837
0.115417
0.351562
-0.335205
-0.347900
-0.262085
0.285278
0.094421
0.097046
0.427368
0.281006
0.141541
0.159180
