0.660950
0.369370
0.661652
0.697510
0.364197
0.620148
0.397888
0.667297
0.548950
0.698639
0.534668
0.485031
0.522064
0.583893
0.514923
0.491409
0.359711
0.513428
0.446777
0.423615
0.283417
0.833130
0.590302
0.614899
0.513641
0.389694
0.260925
0.388916
0.653717
0.477936
0.703644
0.613617
0.433868
0.476288
0.421661
0.798065
0.206970
0.706696
0.578186
0.758209
0.401428
0.223396
0.353775
0.623322
0.392670
0.755432
0.414444
0.752808
0.379807
0.861633
0.877441
0.548767
0.692078
0.466080
0.161369
0.316666
0.441177
0.422287
0.591156
0.393417
0.487915
0.405334
0.418900
0.332504
0.770630
0.726562
0.243843
0.273849
0.429352
0.707581
0.329468
0.242645
0.516815
0.268646
0.279419
0.321335
0.435165
0.693848
0.773987
0.401550
0.552765
0.649780
0.538025
0.355820
0.412140
0.699402
0.560364
0.854462
0.234924
0.562164
0.358856
0.609558
0.855347
0.477600
0.353210
0.736969
0.201416
0.183601
0.308243
0.630798
0.891174
0.340302
0.876160
0.519745
0.608948
0.152832
0.727051
0.747437
0.432083
0.613892
0.734344
0.281555
0.561554
0.683502
0.522949
0.673523
0.496872
0.493973
0.524506
0.617340
0.758270
0.297546
0.337921
0.610931
0.660736
0.577820
0.758575
0.864899
0.463593
0.767090
0.793060
0.465317
0.692810
0.665314
0.284027
0.415710
0.818176
0.121616
0.748962
0.548096
0.622223
0.593842
0.415024
0.480011
0.390152
0.051966
0.150055
0.773041
0.245781
0.678070
0.387634
0.301498
0.675385
0.725555
0.612244
0.632385
0.299484
0.367371
0.494492
0.173752
0.248474
0.400833
0.528534
0.641113
0.176659
0.698090
0.642181
0.884247
0.706451
0.801849
0.428467
0.741669
0.394516
0.545654
0.218231
0.671387
0.597565
0.370590
0.855072
0.255234
0.159142
0.239273
0.144440
0.720123
0.376678
0.167397
0.464203
0.261993
0.537079
0.257660
0.439209
0.671112
0.358307
0.853271
0.309448
0.420532
0.661957
0.365082
0.601074
0.478928
0.464371
0.617218
0.217133
0.558716
0.574768
0.437668
0.641205
0.468582
0.509247
0.493576
0.309204
0.553955
0.732849
0.453644
0.385757
0.695374
0.623810
0.735504
0.371521
0.747437
0.878723
0.696259
0.529480
0.347580
0.660583
0.249634
0.656433
0.433044
0.501434
0.254745
0.324295
0.668396
0.872406
0.429291
0.637787
0.443222
0.567963
0.278549
0.498810
0.487900
0.068810
0.810303
0.627228
0.803925
0.561859
0.423691
0.911194
0.771027
0.155289
0.278793
0.628998
0.147285
0.386230
0.570312
0.380402
0.746674
0.408066
0.334274
0.475937
0.320221
0.591766
0.387909
0.688446
0.460266
0.229065
0.326233
0.317642
0.797028
0.490326
0.516296
0.281006
0.559143
0.623322
0.608093
0.774231
0.297974
0.618317
0.683838
0.066242
0.774078
0.548401
0.697479
0.808075
0.636841
0.564484
0.301315
0.679718
0.384445
0.521606
0.269638
0.292358
0.223854
0.657990
0.278656
0.687592
0.586914
0.490448
0.590637
0.380447
0.391434
0.403595
0.661469
0.653168
0.325455
0.267227
0.423462
0.324417
0.296249
0.404694
0.276230
0.066391
0.065956
0.384415
0.876770
0.703949
0.537781
0.175789
0.679871
0.622101
0.697388
0.649780
0.500275
0.810272
0.719666
0.781219
0.493927
0.302628
0.382187
0.495239
0.684265
0.475769
0.784363
0.342255
0.425156
0.809692
0.609497
0.735321
0.719482
0.791260
0.842621
0.108547
0.747192
0.908569
0.079975
0.734436
0.609039
0.617767
0.795807
0.700806
0.353088
0.490417
0.649109
0.264053
0.411194
0.364853
0.631836
0.790680
0.371231
0.426987
0.396881
0.351761
0.489319
0.179634
0.581848
0.500305
0.689575
0.488754
0.346191
0.823212
0.393326
0.299332
0.228477
0.551208
0.205620
0.308456
0.282867
0.110909
0.628326
0.664520
0.699554
0.277679
0.565613
0.460815
0.428467
0.564911
0.525482
0.173119
0.766296
0.782288
0.485672
0.750854
0.722168
0.675232
0.341614
0.715881
0.587433
0.328629
0.201180
0.819183
0.147934
-0.140045
-0.116077
-0.306366
-0.021017
-0.030645
-0.210556
0.153488
-0.152725
-0.264435
-0.035004
-0.238007
-0.173042
-0.231758
-0.150230
-0.073845
0.153770
0.122143
0.007927
0.011688
-0.042395
0.271561
-0.193855
-0.143753
-0.001562
0.005813
0.259811
-0.099476
0.101959
0.145233
0.218353
-0.045221
-0.141808
-0.188438
0.087852
0.274887
-0.219078
0.315002
-0.008195
0.064781
0.049433
-0.043215
0.264496
0.314087
-0.127380
-0.175880
-0.198044
-0.122910
-0.052023
0.249298
-0.109512
0.052589
0.083149
-0.303940
-0.092308
0.082737
0.141312
-0.122631
-0.016744
-0.194443
-0.126099
-0.089661
0.198051
0.021676
0.012033
-0.153526
-0.139450
0.231239
0.013909
-0.147644
-0.141701
-0.084816
0.098698
-0.165619
-0.060850
0.262039
-0.051945
0.032967
0.139122
0.043612
-0.008448
0.029021
0.095066
-0.216553
0.164520
-0.144821
-0.133820
-0.133018
-0.268021
0.287735
-0.037338
0.045305
-0.240227
-0.278122
0.214561
0.063663
0.007782
0.074528
0.004194
-0.126465
-0.073116
-0.137497
-0.063126
0.026149
0.134026
-0.123974
0.287613
-0.353943
0.054855
0.136604
0.126259
-0.243706
0.019750
0.074871
-0.168434
-0.253448
0.077633
0.133743
-0.096325
-0.188698
-0.016238
0.012776
0.145042
0.182968
-0.265915
-0.078110
-0.191673
0.032001
-0.003002
-0.041023
0.054810
-0.224281
0.259186
-0.298431
-0.198128
0.246185
0.013587
0.089478
0.329971
-0.219971
0.079643
0.017954
-0.025980
-0.190742
-0.054764
0.242172
-0.008188
0.024573
-0.060095
0.043060
-0.165817
-0.076900
-0.092319
0.126808
0.106068
-0.210663
-0.098881
-0.085606
-0.176956
-0.102474
0.163498
0.313858
0.111534
-0.015035
0.163017
0.351135
-0.206543
-0.113525
0.002910
-0.314865
-0.043367
0.082539
-0.007920
-0.068756
0.038235
-0.060984
-0.264877
0.030055
-0.037539
-0.034834
0.362671
0.234352
-0.110027
-0.020918
-0.076546
0.285599
0.058559
0.261703
-0.088440
-0.119522
0.012220
0.073353
-0.243370
0.271332
-0.379410
-0.080925
0.184746
-0.148239
0.096272
0.040058
-0.025398
-0.095261
-0.168655
-0.031614
-0.016444
0.159134
-0.093727
0.010524
0.041605
0.015732
-0.024885
0.114136
-0.187637
-0.134911
0.093212
0.172951
-0.137741
0.152359
-0.003064
0.062246
-0.257874
-0.428574
-0.302109
-0.061819
0.280472
-0.242104
0.147392
0.028094
0.047373
-0.194641
0.067589
0.313232
-0.141747
-0.099342
-0.157234
0.131958
0.059788
-0.103951
0.140778
-0.187614
0.201904
-0.029977
-0.074600
-0.275864
-0.166016
-0.127823
0.187233
-0.014185
-0.265594
0.184151
0.048046
-0.085762
0.193871
0.037775
0.141975
0.036634
-0.056755
-0.000191
-0.083424
-0.156952
0.095306
-0.015250
-0.134987
0.101151
-0.114601
-0.002650
0.233101
0.233612
-0.106602
-0.063831
0.193573
0.095306
-0.093811
-0.026892
-0.032982
0.032017
0.281860
-0.136467
0.016697
0.015669
0.049402
-0.223686
-0.071232
-0.195007
-0.039469
-0.075123
0.278198
-0.243797
0.214241
-0.241226
0.035255
0.018283
0.181236
-0.098022
-0.027022
0.064919
0.046906
-0.231636
0.008395
-0.057993
-0.005331
0.056105
0.037315
0.049004
-0.119507
0.005480
0.081036
0.309341
0.159157
-0.050444
-0.112698
0.208557
0.162453
0.106197
0.012408
0.122410
-0.260773
0.291748
-0.268967
0.101055
0.050520
-0.084396
-0.169090
-0.207657
0.107140
-0.197243
-0.142731
0.154045
0.008839
0.155807
0.095482
0.149956
-0.225815
0.134514
0.051386
-0.197746
0.139999
-0.305862
-0.178535
-0.138557
-0.208168
0.145348
-0.367706
-0.045712
-0.037439
0.082397
0.078415
-0.298203
-0.063557
0.099018
0.241142
-0.013618
-0.134117
0.362183
0.216438
-0.026976
-0.125763
-0.364014
0.274628
0.172066
0.231201
0.222549
0.031311
0.004259
-0.081795
-0.205727
-0.044195
-0.089958
-0.073887
0.065701
0.209770
0.155670
0.065186
0.132187
0.111099
0.027750
0.214020
0.041931
-0.124004
-0.137970
-0.297897
-0.030446
0.138542
0.006832
-0.106552
0.065418
0.127419
0.204269
-0.008471
-0.035646
-0.061382
-0.068535
-0.102665
0.119209
0.227592
0.105103
0.203049
0.035233
0.016850
-0.308533
0.100925
-0.225479
0.357147
-0.219254
-0.216316
-0.040852
0.333206
-0.094479
0.226509
-0.340561
0.092358
0.170815
0.162773
0.374557
0.351288
0.329208
-0.190277
0.111031
0.217003
-0.102985
0.481552
-0.155754
0.067249
0.276871
-0.054358
-0.044659
-0.032242
-0.070656
-0.000592
-0.398056
0.127716
0.074181
-0.008529
-0.029738
-0.245834
-0.325211
-0.070587
-0.012982
-0.317261
0.053516
-0.355545
-0.224892
0.123978
-0.293167
-0.467743
-0.041733
0.138847
-0.040207
0.068890
0.255112
-0.143585
-0.064499
0.199753
-0.073921
0.210365
0.147430
-0.219337
-0.338898
0.076778
-0.119545
-0.121544
-0.314545
-0.145737
0.389374
0.172752
-0.290771
0.164154
-0.000617
0.313644
-0.153069
0.153305
0.577942
0.141479
-0.240128
-0.232239
0.188370
0.237579
0.423248
0.148163
-0.310928
0.163788
0.007008
-0.377426
-0.155518
-0.167671
0.450363
-0.008079
-0.288635
0.113873
-0.034081
0.108845
-0.108425
-0.245811
0.061499
-0.336441
0.443573
-0.330048
-0.169823
-0.071629
0.603455
-0.322906
0.081657
0.561584
-0.183823
-0.256409
0.329285
0.006981
0.081154
0.135567
-0.361893
-0.332153
-0.217667
0.262177
-0.090137
0.143471
0.194885
-0.257172
0.035425
0.423279
-0.143669
0.101723
-0.087284
0.265350
-0.244850
-0.023374
0.029293
0.301529
0.163605
-0.142937
-0.389526
0.149261
0.154022
-0.408234
0.193794
-0.029813
-0.049633
0.423141
-0.022824
-0.068840
0.041311
0.234749
-0.298187
-0.276733
-0.020085
0.229095
-0.235641
0.074821
-0.028436
-0.100208
-0.119297
-0.171692
0.003954
0.413254
-0.523743
-0.240898
-0.227516
0.122963
0.060658
-0.064281
-0.017536
0.188171
-0.015001
0.033678
-0.119656
-0.438599
-0.096489
-0.068897
-0.532471
-0.018918
-0.034946
0.025869
0.215858
0.181877
-0.253220
-0.423645
0.410629
-0.386047
-0.348846
0.380173
0.030760
0.051306
0.108093
0.034346
-0.054476
-0.315277
0.312897
0.235031
-0.290253
-0.143852
0.168724
0.307220
0.044724
0.254120
-0.276505
0.025465
-0.182037
-0.272629
-0.143814
-0.199890
0.325882
-0.279114
0.445831
0.022717
-0.097610
-0.424805
0.118492
0.310989
-0.294205
0.387100
0.076160
-0.261017
-0.078609
0.284653
-0.226654
-0.133087
-0.128586
-0.431152
0.099529
-0.318451
-0.057600
-0.246323
0.089165
0.087509
-0.092979
-0.287735
0.012197
0.242020
-0.462357
-0.231987
0.144928
-0.134048
0.007931
-0.029046
-0.111740
0.008697
0.063183
0.006788
-0.295319
-0.230614
-0.121109
0.297913
0.125412
-0.201744
0.065529
-0.103271
0.284607
0.453979
-0.014997
-0.132866
0.135559
-0.072571
-0.479568
0.121941
0.531586
-0.053083
-0.065403
-0.073627
-0.330490
0.092068
0.311798
0.331467
-0.044390
-0.199287
-0.315002
-0.156082
0.328857
-0.251785
0.368118
0.033552
-0.382019
-0.370392
0.331467
-0.256592
0.044899
-0.220406
0.156784
0.227127
-0.281021
0.139786
0.096706
-0.145851
-0.450195
-0.384872
0.078907
-0.538055
0.179077
-0.088886
0.005757
0.368011
0.103176
0.217583
0.180443
-0.041571
0.017905
0.484879
-0.197258
-0.270630
0.333511
-0.346161
-0.237457
0.468521
-0.099495
0.094013
-0.407883
0.560822
-0.124355
-0.251114
0.172951
0.111660
0.508484
0.370056
-0.034157
-0.044096
0.502197
0.042740
-0.579712
0.164658
-0.044117
0.043423
-0.084736
0.059065
-0.356781
-0.421707
0.118267
0.180588
0.061180
-0.078972
-0.090050
0.294296
0.091911
-0.325089
0.143394
0.092804
-0.231453
0.352936
0.036222
-0.355820
0.204636
-0.307846
-0.143768
0.093323
-0.040176
-0.077526
0.049223
-0.052961
-0.135170
-0.530914
0.111691
-0.078892
0.031986
-0.075829
-0.017413
0.290619
0.019508
0.000506
0.471207
-0.433914
0.021924
-0.236237
0.375412
0.013074
0.056082
0.004205
0.103874
-0.077000
-0.160263
-0.477692
0.187027
-0.056013
-0.268112
-0.059509
-0.063061
0.308746
0.379974
-0.011807
0.255768
0.247246
0.074726
-0.251968
-0.349045
0.205078
0.289642
0.150574
0.397339
0.411957
-0.368347
0.251144
-0.124355
0.170609
0.115280
0.351425
-0.335358
-0.348038
-0.262146
0.285172
0.094425
0.097027
0.427307
0.281067
0.141411
0.159218
