0.660919
0.369377
0.661636
0.697540
0.364197
0.620163
0.397888
0.667313
0.548965
0.698654
0.534668
0.485039
0.522079
0.583878
0.514923
0.491394
0.359718
0.513412
0.446800
0.423622
0.283417
0.833160
0.590286
0.614899
0.513641
0.389694
0.260925
0.388908
0.653702
0.477959
0.703674
0.613617
0.433876
0.476288
0.421661
0.798096
0.206966
0.706711
0.578201
0.758209
0.401428
0.223404
0.353775
0.623337
0.392654
0.755432
0.414436
0.752808
0.379807
0.861694
0.877441
0.548782
0.692062
0.466095
0.161369
0.316673
0.441170
0.422287
0.591141
0.393425
0.487923
0.405334
0.418915
0.332489
0.770645
0.726578
0.243843
0.273849
0.429359
0.707611
0.329491
0.242649
0.516815
0.268639
0.279419
0.321350
0.435196
0.693863
0.773987
0.401550
0.552795
0.649796
0.538025
0.355827
0.412140
0.699387
0.560364
0.854492
0.234936
0.562195
0.358871
0.609589
0.855392
0.477608
0.353218
0.736984
0.201412
0.183605
0.308250
0.630783
0.891220
0.340302
0.876190
0.519730
0.608948
0.152843
0.727066
0.747406
0.432076
0.613892
0.734344
0.281563
0.561554
0.683502
0.522934
0.673508
0.496872
0.493988
0.524521
0.617371
0.758316
0.297546
0.337914
0.610916
0.660721
0.577866
0.758606
0.864868
0.463577
0.767105
0.793076
0.465309
0.692795
0.665314
0.284027
0.415726
0.818161
0.121618
0.748962
0.548096
0.622223
0.593826
0.415047
0.480034
0.390160
0.051969
0.150063
0.773041
0.245781
0.678055
0.387642
0.301506
0.675430
0.725555
0.612259
0.632370
0.299477
0.367378
0.494492
0.173756
0.248482
0.400826
0.528534
0.641113
0.176662
0.698120
0.642181
0.884293
0.706467
0.801865
0.428467
0.741684
0.394501
0.545639
0.218227
0.671387
0.597610
0.370590
0.855118
0.255257
0.159153
0.239273
0.144440
0.720123
0.376701
0.167393
0.464188
0.261993
0.537064
0.257675
0.439224
0.671097
0.358330
0.853317
0.309448
0.420547
0.661942
0.365097
0.601074
0.478935
0.464363
0.617233
0.217140
0.558701
0.574738
0.437668
0.641220
0.468582
0.509247
0.493584
0.309212
0.553955
0.732864
0.453659
0.385773
0.695374
0.623810
0.735504
0.371529
0.747421
0.878723
0.696304
0.529495
0.347580
0.660583
0.249638
0.656433
0.433060
0.501450
0.254745
0.324295
0.668396
0.872421
0.429291
0.637772
0.443237
0.567963
0.278557
0.498810
0.487907
0.068815
0.810333
0.627243
0.803970
0.561844
0.423714
0.911194
0.771011
0.155285
0.278801
0.628952
0.147289
0.386246
0.570312
0.380432
0.746643
0.408081
0.334259
0.475952
0.320229
0.591751
0.387932
0.688446
0.460258
0.229080
0.326218
0.317657
0.797028
0.490318
0.516281
0.281006
0.559128
0.623322
0.608078
0.774246
0.297981
0.618317
0.683807
0.066244
0.774063
0.548431
0.697510
0.808090
0.636795
0.564514
0.301323
0.679703
0.384460
0.521591
0.269638
0.292366
0.223858
0.658005
0.278671
0.687592
0.586899
0.490440
0.590622
0.380463
0.391449
0.403610
0.661469
0.653152
0.325470
0.267235
0.423470
0.324432
0.296257
0.404701
0.276230
0.066393
0.065956
0.384430
0.876770
0.703934
0.537796
0.175789
0.679871
0.622070
0.697372
0.649780
0.500259
0.810257
0.719650
0.781235
0.493919
0.302635
0.382187
0.495239
0.684265
0.475761
0.784378
0.342255
0.425171
0.809662
0.609482
0.735352
0.719498
0.791306
0.842651
0.108543
0.747147
0.908600
0.079973
0.734451
0.609055
0.617767
0.795792
0.700790
0.353104
0.490425
0.649124
0.264053
0.411201
0.364861
0.631836
0.790649
0.371239
0.427017
0.396866
0.351761
0.489326
0.179630
0.581863
0.500305
0.689590
0.488770
0.346184
0.823242
0.393326
0.299339
0.228485
0.551193
0.205620
0.308449
0.282890
0.110907
0.628357
0.664505
0.699539
0.277695
0.565628
0.460815
0.428474
0.564941
0.525513
0.173122
0.766296
0.782288
0.485680
0.750854
0.722168
0.675278
0.341629
0.715912
0.587433
0.328629
0.201191
0.819183
0.147938
-0.140034
-0.116074
-0.306374
-0.021032
-0.030641
-0.210556
0.153481
-0.152718
-0.264435
-0.035010
-0.237999
-0.173042
-0.231747
-0.150238
-0.073847
0.153751
0.122135
0.007920
0.011684
-0.042387
0.271553
-0.193840
-0.143753
-0.001555
0.005825
0.259811
-0.099472
0.101950
0.145237
0.218342
-0.045205
-0.141796
-0.188442
0.087841
0.274895
-0.219082
0.315002
-0.008203
0.064775
0.049425
-0.043210
0.264488
0.314095
-0.127377
-0.175873
-0.198036
-0.122911
-0.052030
0.249302
-0.109512
0.052581
0.083149
-0.303940
-0.092304
0.082733
0.141304
-0.122623
-0.016736
-0.194443
-0.126095
-0.089661
0.198048
0.021664
0.012033
-0.153522
-0.139446
0.231243
0.013907
-0.147648
-0.141693
-0.084814
0.098698
-0.165627
-0.060847
0.262024
-0.051940
0.032962
0.139107
0.043605
-0.008444
0.029029
0.095060
-0.216560
0.164513
-0.144817
-0.133823
-0.133018
-0.268021
0.287720
-0.037335
0.045305
-0.240219
-0.278122
0.214546
0.063660
0.007774
0.074528
0.004192
-0.126461
-0.073120
-0.137501
-0.063120
0.026156
0.134014
-0.123974
0.287605
-0.353935
0.054849
0.136589
0.126247
-0.243721
0.019753
0.074869
-0.168434
-0.253448
0.077627
0.133743
-0.096327
-0.188686
-0.016245
0.012776
0.145050
0.182961
-0.265915
-0.078114
-0.191666
0.031985
-0.003010
-0.041035
0.054818
-0.224281
0.259178
-0.298439
-0.198128
0.246189
0.013595
0.089483
0.329971
-0.219971
0.079634
0.017946
-0.025980
-0.190746
-0.054768
0.242168
-0.008188
0.024571
-0.060087
0.043056
-0.165825
-0.076902
-0.092314
0.126801
0.106050
-0.210655
-0.098886
-0.085604
-0.176949
-0.102472
0.163490
0.313866
0.111534
-0.015035
0.163006
0.351120
-0.206558
-0.113527
0.002895
-0.314865
-0.043367
0.082537
-0.007927
-0.068762
0.038236
-0.060982
-0.264877
0.030047
-0.037542
-0.034835
0.362656
0.234344
-0.110023
-0.020917
-0.076563
0.285583
0.058559
0.261688
-0.088438
-0.119520
0.012220
0.073345
-0.243359
0.271324
-0.379395
-0.080929
0.184746
-0.148247
0.096254
0.040073
-0.025406
-0.095255
-0.168659
-0.031618
-0.016441
0.159138
-0.093731
0.010524
0.041609
0.015728
-0.024885
0.114138
-0.187637
-0.134911
0.093222
0.172939
-0.137741
0.152351
-0.003079
0.062247
-0.257874
-0.428566
-0.302116
-0.061818
0.280479
-0.242096
0.147396
0.028087
0.047365
-0.194637
0.067591
0.313225
-0.141739
-0.099356
-0.157223
0.131954
0.059781
-0.103952
0.140770
-0.187607
0.201908
-0.029977
-0.074602
-0.275856
-0.166019
-0.127831
0.187218
-0.014200
-0.265610
0.184147
0.048049
-0.085773
0.193874
0.037776
0.141964
0.036634
-0.056747
-0.000191
-0.083420
-0.156956
0.095304
-0.015257
-0.134987
0.101141
-0.114605
-0.002650
0.233097
0.233604
-0.106609
-0.063837
0.193562
0.095306
-0.093815
-0.026896
-0.032973
0.032008
0.281845
-0.136467
0.016682
0.015670
0.049395
-0.223686
-0.071228
-0.195023
-0.039473
-0.075130
0.278198
-0.243790
0.214233
-0.241222
0.035257
0.018279
0.181240
-0.098017
-0.027020
0.064920
0.046906
-0.231628
0.008395
-0.057985
-0.005327
0.056101
0.037316
0.049005
-0.119505
0.005480
0.081028
0.309341
0.159153
-0.050441
-0.112694
0.208557
0.162449
0.106205
0.012408
0.122404
-0.260765
0.291733
-0.268959
0.101057
0.050513
-0.084414
-0.169094
-0.207661
0.107122
-0.197247
-0.142731
0.154037
0.008839
0.155800
0.095474
0.149956
-0.225811
0.134506
0.051386
-0.197739
0.139992
-0.305870
-0.178532
-0.138565
-0.208160
0.145351
-0.367714
-0.045711
-0.037439
0.082399
0.078409
-0.298195
-0.063564
0.099012
0.241142
-0.013626
-0.134113
0.362175
0.216431
-0.026980
-0.125774
-0.364014
0.274635
0.172070
0.231205
0.222534
0.031315
0.004259
-0.081799
-0.205723
-0.044202
-0.089958
-0.073885
0.065695
0.209766
0.155666
0.065182
0.132183
0.111099
0.027746
0.214012
0.041933
-0.124020
-0.137978
-0.297905
-0.030446
0.138542
0.006832
-0.106552
0.065411
0.127426
0.204258
-0.008464
-0.035639
-0.061381
-0.068527
-0.102665
0.119217
0.227573
0.105101
0.203053
0.035229
0.016850
-0.308540
0.100924
-0.225468
0.357162
-0.219231
-0.216286
-0.040843
0.333252
-0.094467
0.226517
-0.340546
0.092379
0.170845
0.162788
0.374573
0.351326
0.329239
-0.190273
0.111036
0.217018
-0.102980
0.481598
-0.155743
0.067253
0.276894
-0.054353
-0.044645
-0.032232
-0.070646
-0.000585
-0.398041
0.127728
0.074194
-0.008507
-0.029723
-0.245823
-0.325203
-0.070559
-0.012981
-0.317253
0.053536
-0.355553
-0.224876
0.123983
-0.293159
-0.467728
-0.041726
0.138893
-0.040196
0.068933
0.255127
-0.143574
-0.064486
0.199772
-0.073895
0.210377
0.147430
-0.219337
-0.338890
0.076788
-0.119532
-0.121527
-0.314529
-0.145725
0.389389
0.172764
-0.290756
0.164204
-0.000609
0.313675
-0.153057
0.153313
0.577942
0.141495
-0.240116
-0.232235
0.188370
0.237591
0.423271
0.148178
-0.310898
0.163788
0.007022
-0.377403
-0.155491
-0.167671
0.450378
-0.008057
-0.288628
0.113911
-0.034077
0.108862
-0.108410
-0.245804
0.061514
-0.336433
0.443596
-0.330040
-0.169823
-0.071627
0.603439
-0.322884
0.081692
0.561584
-0.183804
-0.256416
0.329346
0.006980
0.081177
0.135601
-0.361862
-0.332138
-0.217648
0.262184
-0.090117
0.143486
0.194912
-0.257156
0.035434
0.423309
-0.143642
0.101746
-0.087271
0.265358
-0.244839
-0.023343
0.029315
0.301552
0.163628
-0.142914
-0.389503
0.149273
0.154030
-0.408218
0.193829
-0.029783
-0.049628
0.423164
-0.022802
-0.068844
0.041333
0.234772
-0.298180
-0.276711
-0.020074
0.229122
-0.235630
0.074825
-0.028431
-0.100193
-0.119291
-0.171680
0.003965
0.413261
-0.523743
-0.240879
-0.227505
0.122986
0.060671
-0.064274
-0.017522
0.188179
-0.014999
0.033689
-0.119646
-0.438591
-0.096491
-0.068882
-0.532440
-0.018899
-0.034914
0.025915
0.215866
0.181908
-0.253220
-0.423653
0.410622
-0.386040
-0.348831
0.380180
0.030790
0.051311
0.108099
0.034354
-0.054471
-0.315254
0.312904
0.235046
-0.290260
-0.143841
0.168747
0.307220
0.044726
0.254143
-0.276520
0.025465
-0.182037
-0.272614
-0.143799
-0.199883
0.325897
-0.279121
0.445839
0.022733
-0.097607
-0.424782
0.118515
0.310997
-0.294197
0.387093
0.076180
-0.261009
-0.078604
0.284676
-0.226643
-0.133080
-0.128571
-0.431152
0.099550
-0.318428
-0.057586
-0.246304
0.089182
0.087528
-0.092957
-0.287720
0.012219
0.242020
-0.462349
-0.231979
0.144939
-0.134037
0.007943
-0.029032
-0.111698
0.008708
0.063202
0.006810
-0.295288
-0.230610
-0.121094
0.297905
0.125408
-0.201725
0.065552
-0.103254
0.284637
0.454010
-0.014966
-0.132843
0.135571
-0.072569
-0.479546
0.121944
0.531601
-0.053069
-0.065390
-0.073608
-0.330490
0.092081
0.311836
0.331474
-0.044368
-0.199280
-0.314980
-0.156075
0.328865
-0.251785
0.368134
0.033574
-0.382004
-0.370377
0.331474
-0.256584
0.044930
-0.220390
0.156788
0.227142
-0.280998
0.139790
0.096706
-0.145817
-0.450203
-0.384857
0.078930
-0.538040
0.179081
-0.088882
0.005764
0.368019
0.103197
0.217598
0.180454
-0.041567
0.017928
0.484909
-0.197258
-0.270630
0.333519
-0.346138
-0.237450
0.468536
-0.099487
0.094021
-0.407875
0.560837
-0.124353
-0.251099
0.172955
0.111670
0.508514
0.370064
-0.034157
-0.044099
0.502228
0.042747
-0.579712
0.164673
-0.044118
0.043453
-0.084723
0.059086
-0.356758
-0.421692
0.118290
0.180592
0.061203
-0.078957
-0.090038
0.294327
0.091923
-0.325073
0.143414
0.092827
-0.231453
0.352943
0.036244
-0.355804
0.204651
-0.307823
-0.143742
0.093340
-0.040176
-0.077505
0.049244
-0.052961
-0.135147
-0.530884
0.111715
-0.078876
0.032008
-0.075823
-0.017391
0.290634
0.019512
0.000513
0.471222
-0.433899
0.021947
-0.236237
0.375412
0.013084
0.056105
0.004218
0.103884
-0.076979
-0.160252
-0.477692
0.187046
-0.055997
-0.268089
-0.059507
-0.063059
0.308754
0.380005
-0.011803
0.255783
0.247257
0.074728
-0.251938
-0.349045
0.205101
0.289650
0.150589
0.397354
0.411964
-0.368332
0.251167
-0.124353
0.170635
0.115324
0.351463
-0.335335
-0.348015
-0.262131
0.285179
0.094442
0.097044
0.427330
0.281082
0.141430
0.159218
