390.283234
399.876221
481.392761
478.050201
479.304718
460.674500
452.620148
470.380707
439.870422
323.196533
519.199402
357.140015
450.103333
322.172302
452.445587
533.642212
317.653900
454.970337
445.564819
374.387512
517.138306
429.779022
443.086914
535.808716
511.839813
452.562714
448.922028
336.593231
472.219238
391.095886
402.694672
419.572388
287.871490
422.177673
422.457092
349.032959
339.945587
361.040161
441.661621
327.180389
413.007263
372.181396
475.451355
407.090912
411.968445
355.876373
460.648468
404.732025
421.767700
340.818146
516.034912
373.987976
469.505066
327.007660
328.569641
489.413940
405.742523
413.568604
385.382935
410.817474
410.892944
495.731781
356.468781
394.706207
306.040833
268.533051
484.146667
378.718903
353.297333
352.927765
439.822693
463.335724
485.995880
368.663818
410.752960
428.433197
334.245422
312.789062
437.783051
409.663269
401.713837
417.123474
421.217285
348.113495
408.646545
411.336853
313.569763
388.090210
405.356628
461.441223
353.114716
399.362000
