0.690552
0.786377
0.575500
0.732361
0.738098
0.403259
0.629211
0.894043
0.331238
0.570801
0.611572
0.496582
0.325378
0.719177
0.754517
0.387848
0.291779
0.898865
0.436005
0.633301
0.371887
0.496216
0.683716
0.351257
0.480591
0.578064
0.649658
0.248489
0.582947
0.391846
0.533142
0.569763
0.289948
0.219131
0.414978
0.324371
0.210480
0.456543
0.803711
0.427277
0.614990
0.413788
0.624146
0.640198
0.243469
0.790527
0.325470
0.535706
0.685547
0.649353
0.755493
0.354126
0.257233
0.435303
0.408691
0.323608
0.601013
0.354584
0.572144
0.480713
0.331818
0.101326
0.464691
0.507263
0.324402
0.765686
0.531982
0.420410
0.218307
0.631958
0.848816
0.245193
0.156738
0.583496
0.770874
0.289276
0.670349
0.509460
0.410309
0.353607
0.859680
0.278687
0.407562
0.113037
0.599976
0.701843
0.438965
0.612854
0.166946
0.421783
0.206436
0.385498
0.525879
0.256958
0.892761
0.435638
0.134308
0.422028
0.857239
0.352600
0.467499
0.702148
0.485657
0.325226
0.696899
0.368286
0.614441
0.364502
0.463043
0.727356
0.417877
0.619080
0.303467
0.711060
0.734314
0.488770
0.526855
0.584473
0.804260
0.579346
0.591675
0.308136
0.077698
0.704102
0.450623
0.382843
0.435974
0.584961
0.392517
0.289246
0.824341
0.559875
0.691650
0.420471
0.181351
0.385773
0.791077
0.383911
0.450104
0.551575
0.408722
0.568237
0.283417
0.712219
0.392090
0.604797
0.197510
0.804993
0.299835
0.299194
0.496002
0.778320
0.307159
0.459717
0.481232
0.643860
0.544739
0.616943
0.340485
0.233536
0.609985
0.278046
0.205734
0.412170
0.398346
0.387085
0.500061
0.487274
0.657715
0.360870
0.626465
0.477142
0.516785
0.610168
0.889587
0.206833
0.625732
0.385712
0.308044
0.223007
0.384766
0.503906
0.586670
0.579773
0.377808
0.478516
0.335266
0.507935
0.509033
0.678406
0.743042
0.529663
0.541931
0.834351
0.642883
0.236496
0.217484
0.439209
0.611633
0.577820
0.689087
0.349152
0.165482
0.316925
0.371216
0.353668
0.409271
0.882507
0.440399
0.418365
0.216049
0.825134
0.218521
0.688232
0.517029
0.296600
0.580261
0.265350
0.691223
0.790283
0.829407
0.730530
0.316010
0.481812
0.675415
0.255157
0.604309
0.595459
0.697876
0.327667
0.470673
0.497498
0.676758
0.636230
0.699951
0.633423
0.576843
0.106514
0.627563
0.428009
0.524902
0.729187
0.251953
0.629395
0.832092
0.769043
0.929382
0.408386
0.619751
0.616760
0.309204
0.560120
0.760803
0.626343
0.338165
0.432281
0.581360
0.356689
0.438477
0.575439
0.684753
0.494568
0.772766
0.474396
0.545410
0.470428
0.405701
0.532959
0.576965
0.146072
0.548645
0.398529
0.761230
0.500427
0.440918
0.703857
0.381165
0.366486
0.223999
0.299866
0.683044
0.418762
0.861206
0.439972
0.341400
0.197723
0.285767
0.811829
0.554810
0.310791
0.497803
0.350159
0.808167
0.570374
0.711304
0.349640
0.451508
0.229782
0.582397
0.327454
0.261902
0.541809
0.425812
0.433899
0.629211
0.452087
0.726624
0.308960
0.705322
0.836182
0.308655
0.386780
0.553467
0.580505
0.239075
0.595886
0.365234
0.410400
0.518250
0.330780
0.423309
0.014423
0.569946
0.528931
0.584717
0.277374
0.578308
0.736450
0.393127
0.572693
0.649292
0.655029
0.113312
0.373657
0.676514
0.742554
0.826965
0.399261
0.462189
0.530640
0.231476
0.658020
0.917358
0.485931
0.236908
0.152542
0.380402
0.602112
0.566406
0.598389
0.636169
0.875732
0.612854
0.316681
0.515198
0.194855
0.479980
0.205658
0.933655
0.575317
0.663879
0.580261
0.226364
0.662720
0.653748
0.602783
0.705017
0.479004
0.299408
0.163727
0.709412
0.533142
0.824036
0.624573
0.429840
0.761902
0.187790
0.395660
0.475037
0.640198
0.407104
0.521912
0.627686
0.906738
0.424377
0.842590
0.214371
0.792358
0.933838
0.444733
0.478088
0.596497
0.610352
0.704407
0.671143
0.678650
0.606934
0.372711
0.568359
0.606201
0.538696
0.275543
0.435638
0.474457
0.310822
0.454346
0.232468
0.384155
0.849976
0.707458
0.727600
0.254364
0.229431
0.465851
0.159424
0.539429
0.307281
0.259338
0.443420
0.238388
0.403931
0.921448
0.245621
0.312164
0.625488
0.504883
0.690613
0.228531
0.877563
0.255157
0.720276
0.413574
0.416260
0.268738
0.587891
0.727112
0.422943
0.820251
0.700562
0.570435
0.526672
0.538635
0.526917
0.641602
0.301300
0.686279
0.292725
0.608582
0.645447
0.738403
0.734802
0.346100
0.656006
0.681885
0.358093
0.277618
0.483032
0.347260
0.506104
0.360199
0.603577
0.339233
0.473572
0.608032
0.609192
0.359985
0.332336
0.617493
0.176392
0.443573
0.298431
0.402893
0.393402
0.710815
0.156189
0.396820
0.393250
0.451233
0.890869
0.334991
0.775024
0.737427
0.567810
0.427124
0.417633
0.813660
0.708130
0.786255
0.272736
0.324860
0.256958
0.762329
0.665283
0.732849
0.480835
0.859802
0.203339
0.226135
0.587830
0.380219
0.670166
0.186035
0.672119
0.651245
0.193161
0.414062
0.344299
0.589905
0.750793
0.821777
0.925354
0.636841
0.557556
0.491547
0.362518
0.271942
0.417419
0.181717
0.758057
0.690125
0.507690
0.604248
0.562988
0.761108
0.747803
0.342438
0.731445
0.838318
0.455719
0.732727
0.803894
0.711304
0.804260
0.472046
0.474213
0.109665
0.299164
0.403870
0.585144
0.750244
0.638611
0.623291
0.685730
0.306732
0.816284
0.159943
0.278564
0.529968
0.341644
0.334473
0.330658
0.435211
0.349457
0.779724
0.606995
0.682617
0.232666
0.336853
0.631470
0.273773
0.656189
0.434937
0.399231
0.871643
0.492828
0.873413
0.866882
0.793152
0.575867
0.564819
0.541870
0.326233
0.775208
0.639404
0.218826
0.887695
0.799805
0.498535
0.528259
0.137558
0.532776
0.558716
0.573975
0.770081
0.334534
0.179352
0.563660
0.455505
0.403381
0.194687
0.730408
0.470245
0.515625
0.540833
0.337982
0.419220
0.412659
0.316589
0.325226
0.688721
0.581665
0.754150
0.600342
0.653137
0.504211
0.231094
0.651367
0.414551
0.730103
0.290070
0.438110
0.559204
0.734375
0.308319
0.440186
0.482361
0.374847
0.416840
0.638855
0.778259
0.497101
0.780029
0.359009
0.712585
0.319183
0.282806
0.543701
0.432098
0.601685
0.454681
0.116966
0.480835
0.619690
0.718506
0.836060
0.234406
0.360779
0.484619
0.534973
0.676208
0.476776
0.859863
0.531616
0.623474
0.281006
0.673889
0.805664
0.655823
0.676147
0.440582
0.546936
0.285431
0.333466
0.491730
0.294312
0.653076
0.663513
0.538208
0.670654
0.375763
0.292694
0.788757
0.742554
0.612183
0.503296
0.575867
0.435486
0.864075
0.473907
0.381165
0.536316
0.361420
0.239410
0.479156
0.570251
0.221863
0.449371
0.375519
0.463043
0.536682
0.816101
0.307861
0.707642
0.447418
0.387238
0.588562
0.685974
0.161316
0.539795
0.468201
0.423828
0.532288
0.553162
0.276886
0.441956
0.467255
0.741028
0.288574
0.327881
0.325531
0.257416
0.864319
0.573669
0.198288
0.341858
0.729797
0.305695
0.491486
0.215805
0.179474
0.615845
0.031925
0.189438
0.620972
0.479340
0.577881
0.322296
0.278137
0.739197
0.748108
0.631897
0.574219
0.692200
0.297974
0.737854
0.720032
0.350616
0.589417
0.710632
0.566345
0.212357
0.264374
0.427185
0.371857
0.462616
0.769043
0.514587
0.768372
0.559143
0.617126
0.649292
0.586853
0.649109
0.249420
0.793152
0.830566
0.713379
0.526611
0.693970
0.564209
0.385193
0.437653
0.134445
0.662720
0.435486
0.875061
0.795837
0.675476
0.461700
0.502563
0.352448
0.562378
0.468353
0.780823
0.344910
0.816528
0.548706
0.444916
0.697083
0.219543
0.764160
0.342438
0.506653
0.409729
0.479706
0.410370
0.350830
0.604919
0.824768
0.457245
0.167938
0.320496
0.596985
0.302429
0.872742
0.329163
0.174667
0.664673
0.415436
0.524658
0.465118
0.654663
0.497742
0.633301
0.548706
0.428040
0.560425
0.207993
0.760803
0.253540
0.427551
0.636658
0.595947
0.819702
0.342651
0.373566
0.641235
0.697388
0.091316
0.462158
0.150696
0.259247
0.371979
0.633301
0.562134
0.655396
0.260986
0.624634
0.316193
0.262970
0.559998
0.481079
0.620117
0.757507
0.410614
0.465179
0.296112
0.268860
0.673096
0.468781
0.522400
0.687256
0.691223
0.416260
0.803711
0.332489
0.792175
0.442322
0.440552
0.883545
0.606628
0.476807
0.439453
0.389313
0.108902
0.586975
0.155273
0.371063
0.623474
0.358612
0.520020
0.294434
0.539551
0.250702
0.752930
0.248001
0.415649
0.348114
0.216705
0.674194
0.402252
0.739075
0.657776
0.392059
0.740784
0.573242
0.726135
0.643494
0.128372
0.752075
0.523560
0.735413
0.226593
0.548340
0.422119
0.335510
0.549500
0.577820
0.592163
0.283447
0.521851
0.814270
0.279999
0.358795
0.650330
0.329651
0.306610
0.364563
0.564453
0.523315
0.450684
0.668884
0.259003
0.407471
0.358856
0.297241
0.680542
0.195496
0.643311
0.694824
0.243851
0.464325
0.727722
0.470459
0.425720
0.849670
0.394867
0.860718
0.423615
0.283661
0.254791
0.646423
0.798889
0.421936
0.116234
0.862671
0.753845
0.308380
0.224503
0.314453
0.832092
0.675598
0.395233
0.087273
0.668457
0.339447
0.386871
0.648743
0.420471
0.327606
0.454071
0.664856
0.377319
0.180176
0.724060
0.688599
0.441010
0.530090
0.661072
0.453491
0.513611
0.329285
0.096489
0.310852
0.636841
0.100571
0.170776
0.387939
0.408966
0.395721
0.404541
0.239548
0.367645
0.685364
0.326843
0.738159
0.138046
0.300629
0.497437
0.558594
0.628235
0.249390
0.222916
0.893860
0.429565
0.647278
0.692993
0.459442
0.173462
0.767517
0.498779
0.572632
0.094101
0.595276
0.470001
0.430664
0.695801
0.526794
0.820923
0.517761
0.333221
0.337128
0.457642
0.288513
0.433197
0.669983
0.437408
0.157776
0.269196
0.521362
0.719055
0.597717
0.656311
0.527405
0.487671
0.674011
0.585388
0.594910
0.833252
0.644409
0.472992
0.442535
0.214294
0.567017
0.334076
0.687012
0.295197
0.731934
0.624512
0.226654
0.246338
0.545410
0.449371
0.704041
0.719421
0.471802
0.671448
0.856750
0.629578
0.640930
0.374176
0.344757
0.538330
0.441620
0.284485
0.436798
0.816528
0.755371
0.142212
0.645935
0.697754
0.502319
0.386322
0.614197
0.365723
0.422546
0.597473
0.363525
0.266663
0.518250
0.176682
0.513000
0.059692
0.628784
0.214218
0.779175
0.396912
0.470978
0.631897
0.726257
0.524963
0.418396
0.371277
0.359589
0.447662
0.655701
0.382904
0.260345
0.409576
0.527832
0.320465
0.217880
0.326477
0.292175
0.128769
0.395538
0.715149
0.726196
0.344391
0.867310
0.357727
0.521484
0.377625
0.302979
0.447754
0.591858
0.195404
0.544434
0.061256
0.828430
0.270325
0.472168
0.359711
0.641541
0.532715
0.692871
0.293396
0.326813
0.065010
0.703430
0.440002
0.271484
0.221054
0.469757
0.565979
0.349823
0.450653
0.391663
0.665344
0.795471
0.373016
0.319366
0.614441
0.450470
0.323334
0.764343
0.930176
0.518738
0.419281
0.577271
0.460510
0.689514
0.460144
0.705750
0.742249
0.103416
0.510925
0.148499
0.315735
0.575989
0.738647
0.459045
0.435089
0.960144
0.225128
0.112038
0.308350
0.561829
0.503662
0.384430
0.768005
0.462555
0.404785
0.378540
0.211609
0.728638
0.253387
0.727661
0.360138
0.676147
0.715576
0.407227
0.661926
0.287445
0.524231
0.403809
0.276398
0.734924
0.552734
0.593811
0.306946
0.287506
0.463531
0.742493
0.246048
0.274475
0.554321
0.556030
0.836304
0.357788
0.525818
0.600403
0.520142
0.630859
0.093018
0.618896
0.469940
0.346405
0.757202
0.716797
0.318848
0.470062
0.535217
0.684082
0.757507
0.759216
0.198898
0.444611
0.491455
0.337036
0.626038
0.686218
0.511292
0.200592
0.540466
0.757690
0.362946
0.393372
0.309875
0.309845
0.336975
0.536682
0.324463
0.743896
0.578247
0.417480
0.475677
0.637024
0.349274
0.229019
0.464874
0.671570
0.701416
0.298645
0.351776
0.454987
0.643250
0.550659
0.199799
0.547729
0.183990
0.825867
0.345703
0.395508
0.323914
0.471985
0.567444
0.386688
0.450745
0.577148
0.700012
0.788879
0.226624
0.609863
0.646118
0.691956
0.727112
0.117844
0.439575
0.487091
0.347290
0.203003
0.744080
0.635315
0.201477
0.506958
0.503662
0.844788
0.643066
0.703491
0.389740
0.828674
0.526672
0.321289
0.637146
0.550781
0.795593
0.789978
0.350586
0.242386
0.364380
0.636414
0.144592
0.476532
0.356781
0.676270
0.281403
0.080421
0.794067
0.606995
0.454254
0.138657
0.809998
0.311615
0.187378
0.308197
0.519592
0.576721
0.152512
0.275452
0.391907
0.542725
0.100197
0.329254
0.566101
0.738586
0.765686
0.357788
0.639038
0.816528
0.600098
0.416412
0.750366
0.631409
0.594482
0.217651
0.418274
0.172119
0.184784
0.210052
0.782593
0.341644
0.351044
0.589233
0.653198
0.423950
0.900879
0.758179
0.700439
0.638733
0.331055
0.388580
0.291962
0.434021
0.303650
0.743652
0.757996
0.480011
0.397644
0.397003
0.296112
0.700378
0.398834
0.746216
0.328003
0.403992
0.852234
0.750122
0.465637
0.447723
0.256500
0.358765
0.489197
0.307343
0.244202
0.139679
0.617310
0.730408
0.785645
0.428253
0.780212
0.113289
0.818481
0.370789
0.548462
0.118233
0.225449
0.304810
0.301605
0.325256
0.701843
0.598145
0.323059
0.212799
0.640747
0.651550
0.502319
0.489044
0.397797
0.667786
0.640503
0.656555
0.912476
0.425964
0.849426
0.745605
0.453949
0.579590
0.586975
0.351349
0.594849
0.781433
0.464600
0.411682
0.852051
0.600708
0.529968
0.374939
0.492554
0.242218
0.286011
0.605103
0.725891
0.609070
0.403290
0.365448
0.260162
0.792786
0.555542
0.657898
0.458954
0.192062
0.311737
0.783386
0.620789
0.274506
0.525513
0.661255
0.440643
0.525452
0.712463
0.446198
0.302917
0.473785
0.154190
0.266693
0.661011
0.686401
0.527649
0.564392
0.815796
0.515808
0.165985
0.540100
0.422272
0.570435
0.606567
0.382690
0.013235
-0.240341
-0.188675
-0.146225
-0.100891
0.042923
-0.263428
0.038666
0.165009
0.072319
0.046417
-0.118904
-0.049984
-0.010355
-0.021997
0.065781
-0.137756
-0.067986
0.179108
0.163177
0.083260
-0.170776
0.014798
0.033669
0.207367
0.155487
0.154968
-0.027697
0.023745
0.127579
0.067711
-0.110603
0.324402
0.316742
0.179764
0.075890
0.070114
0.207596
-0.175583
-0.202591
-0.011367
-0.130295
-0.172195
0.086243
0.297058
0.095406
0.003875
0.161026
0.027390
-0.255859
0.033485
-0.035240
0.010509
0.048298
0.144302
-0.070549
-0.087456
0.151688
-0.098221
-0.209595
-0.010877
-0.030533
-0.031757
-0.124222
0.286224
-0.288025
0.100983
-0.081421
-0.080399
-0.222214
-0.284515
0.197800
0.086922
-0.019041
-0.153656
-0.055439
-0.071243
0.139221
-0.184555
-0.042740
0.030361
0.285492
0.069595
0.040878
-0.102173
-0.223801
-0.030806
0.099876
0.365601
0.161087
0.326874
-0.083580
0.131134
0.006679
-0.207809
0.127197
0.155807
-0.107414
0.045219
0.075417
-0.038895
-0.239349
-0.165619
0.195038
0.033455
0.117828
0.139587
-0.038387
-0.033058
0.103188
0.066467
-0.150253
0.240540
-0.301666
-0.110512
-0.151810
-0.089462
0.150528
0.096230
-0.161575
0.021477
0.274933
0.191422
-0.138092
-0.156113
0.274872
-0.158493
-0.000306
-0.123787
-0.113266
-0.363159
-0.015120
-0.203293
-0.091103
0.032352
-0.170456
0.025644
-0.117615
-0.061245
-0.155594
-0.162598
0.154526
0.130722
0.077972
0.289459
-0.268799
-0.072136
-0.235992
0.319427
-0.124062
0.039570
-0.097366
0.298431
-0.205017
-0.234894
-0.293640
0.216293
-0.245804
0.143188
-0.055065
-0.211487
0.218323
0.221100
0.022886
0.274780
0.253418
-0.001118
0.153976
-0.302460
0.227783
-0.292877
-0.174911
0.091042
-0.012868
0.052330
0.234039
0.008487
-0.168503
-0.149551
0.179749
-0.144989
0.037590
-0.207748
-0.285400
0.121002
-0.152542
-0.141891
0.047180
-0.107628
0.001899
-0.006771
-0.028982
-0.069946
-0.223358
0.140900
0.057278
0.030056
-0.007782
-0.227600
-0.124268
-0.219421
-0.081047
0.138535
0.311035
0.195633
0.042171
0.107323
-0.233582
0.020695
0.104782
0.383850
-0.124329
-0.005201
-0.261597
0.029198
0.265076
-0.123405
0.176315
-0.126038
-0.084038
-0.259491
-0.280396
-0.113045
0.108253
-0.066071
-0.119713
-0.270508
0.112144
-0.129196
-0.060936
-0.160278
0.089081
-0.141998
-0.021721
-0.037590
-0.236511
-0.268555
0.069145
-0.032951
0.042278
0.173935
-0.086761
-0.081444
-0.267242
-0.058243
-0.052269
-0.003891
-0.181656
-0.166122
-0.129929
0.172012
0.013786
-0.119621
0.058395
-0.025551
-0.185684
0.086243
-0.007613
0.216568
-0.190536
-0.066849
-0.233826
0.046108
0.227722
0.034588
0.009635
-0.155197
0.056190
0.078766
0.248459
-0.192795
0.106834
-0.274323
-0.126648
0.128586
0.105179
0.258240
0.124680
0.360657
-0.054878
0.142334
0.094948
-0.041668
0.022701
0.005760
-0.068352
0.127731
-0.347382
-0.074249
0.053585
-0.100258
0.296600
-0.179642
-0.203430
0.086060
-0.145050
0.096336
0.367432
0.058716
0.028111
0.179901
0.156067
0.282532
0.195709
-0.259583
0.120972
0.009068
-0.150070
-0.192627
-0.067986
-0.057384
-0.051479
-0.121750
0.191086
0.262512
0.031004
-0.166290
-0.047504
0.121307
0.049603
0.152527
0.019922
-0.093216
-0.175293
-0.183487
-0.007154
-0.172760
0.062134
-0.075699
0.175522
-0.199875
0.104225
0.332184
-0.066078
0.008671
0.072578
0.054321
0.017738
0.212585
-0.139465
-0.050262
-0.281372
-0.190933
-0.025015
-0.091423
0.071571
-0.142746
-0.257721
0.022350
0.126129
-0.062225
-0.261108
0.146072
0.282288
0.001302
-0.038013
-0.160889
0.267365
0.022978
-0.090134
0.005177
-0.177475
0.014063
-0.100380
-0.096001
0.170334
-0.177139
-0.042801
0.039890
0.037186
-0.034649
-0.011519
-0.245346
-0.224442
0.253601
-0.189728
0.137238
-0.179276
-0.008027
-0.276398
0.235870
0.219879
-0.100380
-0.056374
0.213730
0.048470
0.342224
-0.386017
-0.121811
0.219330
-0.038464
-0.116066
-0.248322
-0.024387
0.073097
-0.054165
-0.003370
-0.102325
0.193176
0.184097
-0.066269
0.159653
0.025015
0.125534
0.225311
-0.013250
-0.064194
-0.075142
-0.192505
-0.072227
-0.205673
0.042778
0.147675
0.131622
-0.014732
-0.076347
0.180695
-0.110237
-0.025215
0.058289
0.256653
-0.063667
0.232346
-0.138107
-0.089752
0.015886
-0.044670
-0.093147
-0.086426
0.148499
-0.346741
-0.153305
-0.129578
0.114830
0.119804
0.095741
0.249176
0.055637
-0.269562
-0.091515
-0.015993
-0.037498
0.097733
-0.306061
-0.051731
0.082962
0.054764
0.128983
0.120346
0.028400
-0.251556
0.231094
-0.035263
0.129471
0.240601
-0.125031
-0.002221
0.047180
-0.218155
-0.090363
0.195099
-0.128342
-0.096092
-0.223999
-0.014063
-0.124969
-0.128845
-0.055038
-0.069359
-0.108238
0.291168
0.062210
0.146103
-0.048836
0.193298
0.240860
0.034145
0.246918
-0.067894
0.006893
-0.014767
0.117645
-0.200302
-0.050030
0.246002
-0.398529
-0.176743
-0.193909
0.085754
0.042816
0.153397
-0.155151
-0.086090
0.056190
0.058578
-0.390289
0.368896
0.218719
-0.007659
0.301300
0.112190
0.134216
-0.075966
-0.032967
-0.062202
-0.171051
0.060310
-0.029779
-0.361847
-0.298279
-0.021139
0.062836
-0.181778
-0.222580
-0.135941
-0.081619
-0.182281
0.126740
-0.127960
-0.096504
0.168961
-0.264679
0.186066
-0.206665
0.081619
0.095924
-0.159286
0.013970
-0.121941
0.123772
0.025061
-0.299866
-0.179703
-0.050858
0.104317
0.196915
0.067101
-0.125488
-0.270569
-0.145432
-0.134811
0.144882
-0.231323
0.121162
0.071014
0.069870
0.187134
-0.258820
0.196609
-0.087280
0.082367
0.077164
-0.061840
-0.167572
0.160614
-0.270355
0.366058
0.000230
0.181335
-0.046017
-0.166718
0.204697
-0.057468
-0.054565
-0.134552
0.046844
-0.295380
-0.068016
-0.227371
-0.129303
-0.214615
0.074951
-0.273438
-0.156387
-0.092293
-0.350006
-0.084831
0.094238
-0.171112
0.111763
0.154556
0.058853
0.188354
-0.346130
-0.108719
0.347900
-0.177048
-0.179794
-0.088493
0.002581
-0.226379
0.034943
-0.228699
0.007997
-0.019638
-0.073120
0.053692
0.122139
0.295441
-0.024387
0.142120
-0.355774
-0.239563
-0.278931
-0.074448
-0.042309
-0.191208
0.278442
0.053646
0.075417
-0.045818
0.060631
-0.303497
-0.005024
0.153885
-0.121475
-0.093735
0.265839
-0.154282
-0.182236
-0.169281
-0.090530
0.290436
-0.250397
-0.083679
-0.017639
-0.033947
0.119316
0.103340
-0.026960
0.094925
0.097305
-0.092613
-0.145203
-0.035141
0.270660
0.104301
-0.226929
0.113083
-0.132172
-0.005086
-0.371002
-0.219116
-0.017309
0.060539
0.081223
0.008823
-0.033241
0.056923
-0.145462
0.221130
0.326538
0.200607
0.223129
-0.071472
0.118629
-0.233917
0.043842
-0.052189
0.307129
-0.132401
0.042156
-0.031525
-0.077393
-0.103065
-0.067291
-0.098602
0.001256
-0.003523
0.304596
-0.130920
0.281525
-0.067574
-0.058197
-0.025904
0.141663
-0.124573
-0.018780
-0.181686
0.224228
-0.164261
-0.106987
0.112991
-0.110092
-0.175110
-0.249176
-0.281555
0.028669
0.083672
0.103371
-0.102478
0.098869
-0.002053
0.303680
-0.126709
0.185028
-0.200745
0.066528
0.187973
0.233475
0.079849
0.057076
0.076714
0.160995
-0.002267
-0.237595
-0.135040
0.022472
0.181320
-0.026581
-0.044594
0.017099
0.012883
-0.079735
-0.092987
-0.162811
0.107674
0.062008
-0.134155
-0.244644
-0.272369
0.055241
0.143753
0.162201
-0.079384
-0.271362
0.057091
0.157593
-0.058395
-0.193771
0.242920
-0.126129
-0.134979
0.031204
0.034866
-0.137253
0.082596
-0.100166
-0.263519
-0.174362
0.021936
-0.018536
-0.157257
0.324982
-0.388428
-0.103798
-0.273865
0.011090
-0.331940
0.029152
0.204163
-0.167130
0.084358
0.057812
0.142685
0.005545
0.075432
-0.237946
0.162552
0.017035
0.005990
-0.031693
0.039616
-0.129547
0.289642
-0.363220
-0.266205
0.082108
-0.024570
-0.092583
0.054195
-0.002620
0.038143
-0.101349
-0.116493
0.087456
0.232574
-0.100784
-0.340271
0.191910
-0.071075
0.301605
0.171234
0.013281
-0.078308
0.168015
0.018251
-0.002849
0.220200
-0.256317
-0.132278
-0.212097
0.002129
0.054932
0.096657
0.001654
0.129395
0.268127
-0.355072
0.104828
0.175568
0.136246
0.102219
-0.223984
-0.112671
-0.160736
0.155304
0.119881
0.175049
-0.184952
0.311829
0.103973
-0.173477
0.045311
0.118965
0.038357
0.064629
-0.301666
0.035492
-0.005882
-0.267822
0.050781
-0.069839
-0.118088
-0.041882
-0.120750
0.321259
-0.058914
0.147400
0.255737
0.045925
0.032230
0.103554
0.001670
-0.337616
-0.157822
-0.160202
-0.182892
0.252197
0.014859
-0.221420
0.126282
-0.027021
-0.104736
0.172180
-0.198196
0.371368
0.236221
-0.210281
-0.029749
-0.205643
-0.038666
0.168625
0.162277
-0.009773
-0.019691
0.189087
0.164505
0.068962
0.046322
0.130081
0.114891
-0.069008
0.084953
-0.173553
0.030514
-0.071724
0.103951
0.284210
-0.109650
0.120529
0.064522
0.017776
-0.196625
-0.188370
0.189987
-0.106384
0.184647
-0.011519
0.121063
-0.135208
-0.070709
0.228867
-0.114738
-0.198593
0.073219
0.013128
-0.158188
-0.200577
0.082108
0.177689
0.076012
0.198715
-0.038280
0.014491
-0.123032
0.139801
0.380493
0.129074
-0.012010
0.123245
0.101440
-0.095619
0.141006
0.193832
-0.136398
0.039139
-0.350281
0.048267
-0.118233
0.208496
0.060047
-0.041943
0.000781
0.384705
0.050213
0.072853
-0.039829
-0.108589
-0.127686
0.043964
0.070831
0.237854
0.242691
-0.257599
-0.037785
0.118507
-0.267059
-0.095009
0.099419
0.158646
0.029932
-0.089264
0.061871
-0.120911
-0.333160
0.217316
0.210068
-0.246292
-0.026272
0.239410
0.252930
0.035484
0.196335
-0.184036
-0.018633
0.245972
-0.111725
-0.058472
0.139130
-0.092972
-0.015640
0.062363
-0.292816
0.227051
-0.048775
0.107674
0.056541
0.121857
0.012653
0.156006
0.134033
0.040886
-0.370422
0.195923
0.069298
-0.265869
0.121384
0.279358
-0.221436
-0.193314
0.081070
0.030916
-0.157822
-0.013281
-0.005530
-0.176483
-0.203323
-0.118355
0.054043
0.225922
0.225784
0.187714
-0.002964
0.223099
-0.022947
0.238373
0.040058
-0.115128
0.069519
0.053310
0.190170
-0.234161
-0.195969
-0.180252
-0.327789
0.163467
-0.157669
-0.058853
0.005086
0.058594
0.185532
0.085587
0.089508
-0.119896
0.072884
-0.064156
-0.149902
0.159683
0.255219
-0.094154
0.094345
0.043259
0.093567
-0.346344
-0.023775
-0.077545
0.039616
0.016298
-0.043350
0.109146
0.069595
-0.002512
0.166824
0.164902
0.107368
-0.013970
-0.109344
0.387421
-0.072838
-0.250702
0.009421
-0.033749
-0.018658
-0.048622
-0.007200
-0.093384
0.035385
0.281738
-0.081253
-0.000146
0.187576
0.013083
0.043690
0.280579
-0.333252
-0.127670
-0.087120
-0.293671
0.036213
0.158524
0.106773
-0.041805
0.008410
-0.017677
0.123100
-0.174927
-0.031647
0.012608
0.213058
0.183929
0.199631
0.074890
-0.139954
0.035076
0.172150
-0.145416
-0.058304
-0.082626
-0.301422
0.298706
-0.081047
-0.114403
-0.125900
-0.185516
0.166214
-0.020872
-0.165619
0.077942
-0.315063
-0.131134
-0.199539
0.228271
-0.172913
-0.044132
-0.227112
-0.049847
0.072807
0.178360
-0.035538
-0.004274
-0.073715
0.014783
0.216492
-0.214813
0.049862
0.098480
0.077484
-0.298584
0.017555
0.212082
-0.147430
-0.211670
0.245285
-0.126312
-0.250763
-0.027420
-0.147217
0.021370
-0.237885
-0.023989
-0.109772
-0.147308
-0.233429
0.009161
0.246307
-0.021721
0.395874
-0.118614
0.156616
-0.077942
0.022978
-0.208344
-0.061459
0.091881
0.016291
-0.012737
-0.245651
0.093765
-0.021185
0.062042
0.017418
-0.021614
-0.149597
0.113991
-0.146225
0.037369
-0.201828
0.143143
0.057014
-0.149567
-0.171555
-0.200287
0.140259
-0.113159
-0.192856
-0.051163
0.012714
0.204727
-0.168625
0.169327
0.126785
0.144455
-0.037315
0.064201
-0.052090
0.126556
0.052605
-0.297729
0.071045
-0.258698
-0.235657
0.236053
-0.131042
0.050720
-0.086502
0.160461
0.088097
0.001808
-0.134659
-0.002466
-0.148376
-0.014384
-0.056892
-0.008119
0.020037
0.189667
0.230835
0.032169
0.104256
-0.229080
-0.237350
-0.207245
0.354797
0.162521
-0.141327
-0.136124
0.140350
-0.088722
0.003860
-0.077011
-0.200439
0.056602
-0.279236
-0.041328
0.107323
0.070831
-0.172699
-0.094719
0.072586
0.132034
-0.098869
-0.076912
-0.031052
-0.155777
-0.085045
-0.301178
0.033901
-0.001777
0.020006
-0.009414
-0.230865
0.219803
-0.067360
-0.024204
0.093887
0.079750
-0.012730
-0.055897
0.138596
-0.010570
-0.133499
0.374756
-0.244095
0.025551
-0.103142
0.010754
0.096375
0.161850
0.206207
0.170685
0.145187
-0.182846
-0.196945
0.261688
-0.046768
0.008717
-0.039429
-0.302979
0.006955
-0.019991
-0.311279
-0.224487
-0.088615
-0.089645
-0.099388
0.004136
-0.300018
0.176849
-0.051754
-0.161972
-0.122154
0.253052
-0.224930
0.071434
-0.159103
0.108513
0.083916
-0.062714
-0.165619
-0.148193
0.107399
-0.020435
0.107277
0.201157
0.095428
0.207504
-0.227798
0.054287
0.341095
0.216232
0.035999
0.029802
0.281891
0.093826
-0.060417
-0.255219
0.097977
0.077271
0.070923
0.046200
0.204285
-0.199387
-0.139008
0.128082
0.309784
0.139618
0.089027
-0.044613
0.078033
-0.078308
-0.044647
0.184311
-0.097031
0.062622
-0.052235
-0.003309
-0.019976
-0.132477
-0.239166
0.172943
-0.063812
0.234528
0.203339
-0.070335
-0.109329
-0.147232
-0.035431
-0.158936
-0.069946
0.033779
0.035416
-0.155777
-0.018045
-0.103577
0.262451
-0.145401
0.036060
-0.086243
0.100121
-0.033508
0.273132
0.203064
0.298340
0.028530
0.265137
-0.189865
-0.264954
-0.193726
0.115379
-0.212250
-0.019064
0.052696
-0.126434
0.183670
-0.017654
0.203659
0.035309
0.092781
0.191162
-0.034649
0.128281
0.078445
0.248444
-0.037300
-0.023407
0.073158
-0.182724
0.012623
0.134491
0.064949
-0.022028
-0.028370
0.120453
-0.161346
-0.291656
-0.051563
0.085358
-0.117188
0.191864
-0.088280
-0.041054
0.172791
-0.036720
-0.019915
0.065193
-0.054367
0.035599
-0.188477
0.328552
-0.061665
0.067032
0.019117
0.016788
0.025337
-0.017647
-0.008341
-0.338074
-0.053371
0.004259
-0.204697
0.011612
-0.018337
0.056465
0.132660
0.258606
-0.233536
-0.209641
0.053249
-0.061718
0.129807
0.255127
-0.102745
0.156723
0.070824
0.314514
-0.068764
0.015319
-0.085876
0.032890
-0.092705
-0.001103
0.101639
-0.074738
-0.132492
0.126404
0.054626
0.008471
-0.251495
-0.008726
-0.143661
-0.246841
-0.368958
0.523621
-0.297485
0.027597
-0.149551
0.204529
0.103340
0.152634
0.547119
0.232605
0.119034
-0.099434
0.170639
-0.121208
-0.093513
0.297638
-0.233383
0.362823
0.194901
0.176910
-0.015656
-0.197525
-0.411713
0.122604
-0.335999
0.203217
0.223801
0.029921
0.096565
-0.020220
-0.319336
0.345032
-0.016085
-0.097786
-0.144394
-0.065247
-0.412292
-0.043056
-0.530396
-0.482544
0.089149
0.108063
0.037853
0.259369
-0.013121
0.042698
0.042431
0.370483
0.307556
0.237350
-0.069572
-0.225464
-0.479156
0.136154
-0.102882
-0.198120
-0.177567
0.120987
0.349213
0.019363
0.100746
0.129868
-0.253387
0.185074
0.032101
0.219635
0.122269
0.139282
0.075798
-0.508545
-0.242874
0.265747
0.216919
0.309998
0.008128
0.205841
-0.262299
-0.051815
-0.041054
0.045326
0.285614
-0.010244
-0.182144
0.325867
0.025574
0.232010
0.025330
-0.049217
0.350616
-0.142883
-0.029840
-0.065659
-0.110962
-0.280853
0.121796
-0.078842
0.453400
0.244080
0.158783
-0.085777
0.252167
-0.182053
0.179962
0.471558
-0.389069
-0.431702
0.059963
-0.033947
0.136307
0.119331
0.009375
-0.095139
0.009088
0.343811
-0.389099
0.135056
0.058899
0.256073
-0.016548
-0.105133
0.213593
0.472595
0.446686
0.102638
-0.327209
0.568481
0.126602
-0.491211
0.194794
0.185013
0.040443
0.449402
0.000950
-0.299011
0.303558
0.231735
-0.110878
-0.254303
0.095390
0.025414
-0.237350
-0.410248
-0.070084
-0.128265
-0.166733
0.160645
-0.091133
-0.005036
-0.200668
-0.007684
-0.112541
0.112946
-0.154480
-0.283264
0.117592
0.135712
-0.332214
0.141388
0.163574
-0.237762
-0.290985
0.204010
-0.407776
0.329407
0.007788
0.412781
0.042084
0.413940
-0.360504
-0.480286
-0.178436
0.021545
-0.373505
0.366882
0.510803
0.079582
-0.089844
-0.197845
-0.442505
-0.192154
0.311890
-0.037971
-0.177170
-0.359589
0.193390
-0.062019
-0.221878
0.378174
-0.437622
0.042107
-0.474579
-0.111168
0.246109
-0.264923
0.316620
-0.365875
0.248642
0.257904
-0.052296
-0.212662
0.297028
0.384644
-0.090729
0.023893
0.136566
-0.195007
0.003125
0.046700
0.224579
-0.338898
-0.243759
-0.081314
0.137711
0.094055
-0.338104
-0.283875
0.132462
0.057453
0.094315
-0.405518
-0.000808
0.237152
-0.416656
-0.374512
-0.027382
-0.198029
-0.120544
0.120888
0.059921
-0.172852
0.008605
-0.160049
-0.303131
-0.079689
-0.234116
0.350464
-0.274689
-0.130569
0.394806
0.049889
0.047504
0.151016
-0.031036
0.185272
-0.271942
-0.369110
-0.199020
-0.240250
0.202957
-0.102325
-0.028336
0.202133
-0.482544
0.072395
0.344666
0.107521
-0.126007
-0.292877
-0.389008
-0.168503
0.051331
-0.378326
0.290894
0.265228
-0.458038
-0.045589
0.096626
-0.115685
-0.076149
-0.125977
0.449158
-0.128983
-0.072906
0.418213
-0.041695
0.270172
-0.568298
-0.140320
0.032314
-0.365387
0.374786
0.001999
0.351410
-0.006973
0.074005
0.181473
0.000184
-0.152374
-0.113831
0.228989
-0.218079
-0.062477
0.367706
-0.029573
-0.414673
0.524719
0.024832
0.198990
-0.208420
0.465698
-0.441986
-0.276215
-0.179901
0.100525
0.244766
-0.121178
-0.246704
-0.325592
0.353912
0.302643
-0.171906
0.113686
-0.210342
0.279907
0.006357
0.380707
-0.158081
0.004549
0.329102
0.347961
0.233551
0.111046
-0.331909
-0.016544
0.181473
-0.227173
-0.008871
0.206345
-0.030588
0.398102
0.153015
-0.472534
0.124321
-0.026876
0.145004
0.367096
-0.148056
0.000686
0.041451
-0.409119
0.301361
-0.130386
0.319977
0.090996
0.149872
-0.291077
-0.145309
0.091774
-0.286560
0.083412
0.339325
-0.050552
0.294525
-0.090965
-0.069145
-0.143478
-0.217758
-0.075546
0.062874
-0.147934
-0.294891
-0.401520
-0.002707
-0.172546
0.191452
0.141907
-0.422913
0.041359
0.140579
-0.379364
0.149261
-0.173035
0.007273
-0.047791
-0.182800
0.257172
0.176102
0.188919
0.250977
-0.007613
-0.245071
-0.027082
-0.160538
0.147781
-0.017647
0.387390
-0.096046
-0.237808
-0.205231
-0.033165
0.133636
0.016973
0.183136
0.130600
0.361450
-0.242844
0.270538
-0.059418
0.415955
0.313110
0.078255
0.048603
0.140091
0.185913
0.000808
-0.042721
-0.173965
0.179398
0.146194
-0.023376
0.169769
0.001520
-0.052834
0.109619
0.051365
-0.068085
-0.120415
-0.044685
0.211151
0.293854
-0.077469
-0.174622
-0.306610
0.105698
-0.044003
0.054829
-0.036743
0.228928
0.095795
0.276825
-0.075356
0.174088
-0.291931
0.064728
-0.157013
0.328735
0.019615
-0.431335
-0.111320
0.266235
0.162308
0.058449
0.169785
0.109451
-0.449341
0.219177
0.139755
0.047295
0.174454
-0.264496
-0.276276
0.097054
0.178314
0.032478
0.202744
0.134689
0.089722
0.063606
-0.253784
-0.333862
0.342896
0.286255
-0.157379
-0.466095
0.351013
0.202637
-0.237747
-0.246811
0.287872
-0.248718
-0.078529
-0.169205
-0.190216
0.089241
0.040642
-0.022093
-0.208633
0.082405
0.127975
-0.034126
-0.184097
-0.049931
0.063324
0.094604
-0.115410
0.165680
0.128937
0.074356
0.231705
-0.126862
-0.359924
0.057610
0.058998
-0.002298
-0.508911
0.409607
0.199905
-0.128799
0.263580
-0.031193
0.239944
-0.332367
0.416992
0.050121
-0.142685
-0.056984
0.027636
-0.452118
0.023426
0.153610
0.129181
0.456360
0.005328
0.091743
-0.066406
-0.110069
0.259857
-0.454498
-0.136154
-0.027838
-0.064316
0.119347
-0.070618
0.097069
0.219421
-0.064880
-0.010332
-0.097633
-0.093277
0.253265
-0.226822
0.048290
0.435944
-0.326813
0.198807
-0.324554
0.131180
0.124046
-0.161240
0.054268
-0.337708
-0.129990
-0.106743
0.285004
-0.038273
0.446259
0.074554
-0.295837
0.508850
0.038368
0.193390
-0.072495
0.057362
0.120766
-0.075798
-0.240204
-0.458740
-0.085709
0.179596
-0.035393
-0.349854
-0.047226
0.113281
0.088524
0.241333
0.209732
-0.238022
0.274567
-0.181213
0.120209
-0.188553
0.098495
-0.010202
-0.292877
0.283112
-0.048435
-0.463989
-0.259674
-0.341827
0.143219
-0.221268
-0.150467
-0.030073
-0.065933
0.072716
-0.105461
-0.303711
0.131042
-0.091194
0.392517
0.095688
0.076035
0.343292
0.111031
0.062172
-0.033188
-0.297028
-0.073425
-0.275574
0.139206
-0.053616
0.055290
0.137299
-0.164169
-0.237991
0.320099
-0.112610
-0.084564
0.160751
0.162994
-0.042141
0.454163
0.114967
0.442810
-0.226776
0.187683
0.437714
-0.013469
0.218307
-0.270874
0.377075
-0.203400
0.324677
0.102577
-0.094376
-0.130585
0.069412
0.228424
0.312988
-0.203781
-0.251801
0.159027
0.368134
-0.112076
0.094872
-0.386871
-0.411469
0.085098
0.145996
0.268372
0.145676
-0.515564
0.105118
0.260590
-0.589844
-0.121658
0.345886
-0.250427
-0.237503
0.046837
0.096169
0.139191
-0.055771
-0.196976
-0.275269
-0.250549
0.290222
-0.203430
0.077873
-0.014177
-0.407196
-0.171509
-0.371765
-0.039055
0.231033
0.240128
-0.425903
0.336639
0.323181
0.236725
0.088005
-0.146469
0.338593
0.193512
-0.402863
0.265442
0.071831
0.562500
0.115402
0.453735
0.090302
-0.303040
0.075974
-0.065849
0.014989
-0.297241
-0.213577
-0.312195
0.116714
-0.236053
0.293457
0.226532
-0.309601
0.438354
0.187103
-0.178940
0.159485
-0.238754
0.260498
-0.132660
-0.004036
-0.168945
-0.178757
-0.283264
-0.075783
-0.064568
-0.536865
-0.003922
-0.121490
0.198395
0.449890
-0.028780
-0.207062
0.423431
-0.094604
-0.092072
0.226593
0.208450
0.115143
0.240906
0.075134
-0.108749
-0.049576
-0.334808
-0.289795
0.235931
0.106125
0.487091
-0.003238
-0.150772
0.354401
-0.007322
0.195312
0.175705
0.324860
0.222351
-0.504211
0.307404
0.218414
-0.108727
-0.011238
0.048855
-0.037498
0.298309
-0.044701
-0.230072
0.105904
0.083916
-0.021633
-0.295959
-0.292572
0.051170
0.110306
-0.241776
-0.281189
-0.179443
-0.106247
-0.077095
-0.307709
-0.107063
0.289185
0.147095
-0.116776
-0.032513
0.224411
0.110115
-0.429596
-0.279785
-0.200241
-0.211563
-0.290161
-0.311859
-0.263062
0.191772
0.084824
0.211273
-0.040688
0.090401
-0.324249
-0.062321
-0.105164
0.000207
-0.008745
0.005201
0.275452
-0.191971
0.445190
0.272003
0.247955
-0.479889
0.062180
0.020144
-0.433167
-0.154968
0.085999
-0.208679
-0.044838
-0.441559
-0.488495
-0.144684
-0.035717
-0.159180
0.060104
-0.298767
-0.069786
0.144989
-0.087471
-0.110481
-0.281647
-0.311310
-0.173187
0.130219
0.304291
-0.083565
0.135468
0.065170
0.241516
-0.036755
-0.282623
-0.127930
0.100769
0.396973
-0.208176
0.287079
0.242035
0.397247
0.078354
-0.317444
-0.561768
0.209335
0.154938
0.017942
0.048126
0.217438
0.236206
-0.021637
-0.256989
0.249100
0.484924
-0.021568
-0.064568
-0.205307
0.008295
0.242172
0.230545
0.246170
0.407318
0.371338
-0.407959
0.024330
-0.371643
0.312256
-0.196106
0.035194
-0.018099
-0.471100
-0.084557
0.060257
-0.171097
-0.030886
-0.247421
-0.114166
-0.010919
-0.299683
0.000919
-0.291718
-0.321716
-0.256470
-0.040558
-0.353790
0.341827
-0.105125
-0.041729
0.349701
0.237411
0.088478
0.078873
0.025284
-0.159637
0.290710
-0.467346
0.085770
-0.014430
-0.048061
0.223770
-0.032528
0.000276
-0.480194
0.027359
0.444183
0.108360
0.399750
-0.287384
-0.002918
-0.519714
-0.186493
0.322754
-0.221603
0.176895
0.282227
-0.060425
-0.098679
-0.339539
-0.001728
0.251068
0.514954
-0.013626
-0.285034
-0.074738
-0.070862
-0.095085
-0.027504
0.012898
-0.009110
-0.073120
0.236725
-0.042004
-0.073227
0.275970
-0.014626
-0.146088
-0.132675
0.383087
0.184357
-0.035213
0.483215
-0.102486
0.287201
-0.255371
0.072426
0.052799
-0.215393
0.490448
0.229904
-0.315094
0.224838
0.127457
0.185883
-0.060570
0.050697
0.215454
-0.057278
0.025652
0.230759
-0.066383
-0.047863
-0.151917
-0.110405
0.496368
0.224396
-0.125031
-0.269196
-0.011022
-0.256897
-0.185242
-0.046204
0.226318
0.331696
0.241348
0.068970
0.404144
-0.323639
-0.246780
0.377930
-0.093704
-0.047234
0.085342
0.134125
0.141068
0.024786
-0.329773
-0.260864
-0.032467
-0.204132
-0.032120
0.416138
0.265015
-0.282013
-0.312042
0.242325
0.459473
-0.336670
0.490143
-0.066185
0.021839
-0.209717
-0.114822
-0.369598
0.222336
-0.390442
-0.300568
0.107094
-0.197052
-0.029963
-0.132401
-0.190399
-0.177567
-0.147430
-0.053825
-0.036510
0.494781
-0.385956
0.322418
-0.157104
-0.073112
0.189926
0.258667
-0.327087
0.008299
-0.053379
0.015589
-0.049274
0.229782
-0.111679
-0.115448
-0.366211
-0.321411
-0.230240
-0.117973
0.417633
-0.101654
0.098465
-0.090279
-0.198349
-0.031860
-0.222656
0.230713
-0.107048
0.249359
-0.442535
0.473907
0.124756
-0.211105
0.176529
-0.130722
0.333191
-0.148148
0.127945
0.006117
-0.142212
0.076973
0.021698
0.425934
-0.210281
-0.089958
-0.306915
-0.061451
0.107704
0.080254
0.438019
0.006311
-0.021408
0.021887
-0.083923
-0.221725
-0.012408
0.210861
-0.091377
0.497986
-0.056820
0.083145
0.354858
0.067543
-0.128006
0.014384
0.037163
0.102440
-0.134125
0.167557
0.208939
0.343445
0.244568
0.127884
0.151947
0.032276
0.040337
-0.154602
0.070816
0.045650
-0.074333
-0.106171
0.152359
-0.095711
0.432343
-0.029507
-0.317871
-0.097046
0.281342
0.208603
-0.216064
0.222473
0.291718
-0.378174
0.189651
-0.353241
-0.364227
0.126862
0.366608
0.121460
-0.322968
-0.039417
-0.154510
0.019938
0.088455
-0.102928
-0.465179
0.026011
-0.257507
0.122681
0.172089
0.184799
-0.083839
0.226074
-0.013288
0.448914
0.196594
-0.228317
-0.265137
-0.041126
-0.020105
0.136215
0.080612
0.269623
-0.141983
0.270294
0.433350
0.010838
-0.120285
0.185028
0.132324
0.172180
0.145218
-0.122566
-0.325287
0.131287
-0.225082
-0.273438
-0.357300
0.134842
-0.248749
0.331421
0.320068
-0.232178
-0.059933
0.306366
0.218750
0.136673
0.078064
0.470642
0.095161
0.055943
0.089447
-0.441681
0.327576
-0.052551
0.446411
0.243942
-0.041721
-0.291229
-0.188797
-0.009356
-0.016647
-0.143936
-0.131912
0.175125
0.090118
0.260406
-0.095909
0.249481
-0.221756
-0.344635
-0.036526
-0.002470
-0.059795
-0.093994
-0.213120
-0.360077
0.141068
-0.032272
0.009804
0.138245
0.023285
0.197632
0.312012
0.350891
0.044693
0.241028
-0.020170
0.520386
0.052605
0.308044
0.511108
-0.066406
-0.352478
-0.137833
0.108711
-0.363098
0.122978
0.010780
0.501770
-0.098770
-0.333832
-0.051758
-0.101242
0.223785
0.369232
0.303040
-0.136276
0.412323
-0.347015
0.493317
0.033157
0.193665
0.073578
-0.171844
-0.072830
0.118713
0.071648
-0.195374
0.122086
0.021469
0.215118
0.015755
-0.044903
-0.237747
0.394958
0.063431
0.014557
0.000888
-0.440369
-0.101067
0.418762
-0.259583
-0.152817
-0.199493
-0.035824
0.218842
0.105576
-0.169647
0.113792
0.273560
-0.294098
0.144913
-0.049747
0.294525
-0.026884
-0.120155
-0.104195
-0.058037
-0.215118
-0.082504
0.063820
-0.102386
-0.067116
0.018934
-0.240128
0.430634
0.084778
-0.225586
0.328735
0.159027
0.290405
0.132477
-0.000190
0.138000
-0.169403
-0.133942
0.356445
-0.063828
0.213455
-0.149200
0.212173
0.019749
-0.004247
0.062035
-0.303528
-0.031113
0.456909
0.212112
0.013660
-0.373596
0.029251
-0.022909
0.141418
0.064934
-0.001949
-0.098312
-0.124268
0.080803
-0.324280
0.204437
0.340240
-0.033463
-0.180084
-0.277405
-0.412476
0.270355
0.206100
-0.156372
0.204102
-0.097855
-0.205200
-0.100754
0.438965
0.407990
-0.038681
0.135864
-0.242935
-0.098785
-0.269440
-0.229294
0.044647
-0.142197
-0.252167
0.286499
0.439789
0.363312
0.087799
-0.301910
-0.173279
0.380951
-0.095001
0.266907
-0.169479
-0.176712
-0.110809
-0.065315
0.093269
0.097313
0.393707
0.299805
-0.000514
0.087784
0.197052
-0.178574
-0.123627
0.158371
-0.043114
0.253265
-0.038742
0.304932
0.023586
0.106285
0.162735
-0.228607
-0.224640
-0.014935
0.132690
-0.036804
0.300598
0.059792
-0.172455
0.303619
0.224335
-0.442719
0.028929
-0.401489
0.009398
0.122223
-0.306152
-0.214294
-0.097015
-0.306671
0.493347
-0.414948
0.031788
-0.147720
0.260437
0.089066
0.105568
-0.295349
0.391571
0.129578
-0.086594
-0.060726
-0.099022
-0.313232
-0.075615
0.036106
0.169357
0.222595
-0.006886
-0.003443
0.011612
-0.297150
0.068855
-0.576904
-0.181610
0.078270
0.162384
0.129639
-0.233978
-0.449280
-0.179047
0.359344
-0.347198
-0.044853
-0.407806
-0.087143
0.042213
0.317627
-0.380066
-0.181213
-0.170639
