0.690613
0.786392
0.575485
0.732330
0.738174
0.403229
0.629242
0.894028
0.331253
0.570801
0.611633
0.496597
0.325363
0.719193
0.754532
0.387856
0.291763
0.898911
0.436005
0.633255
0.371887
0.496201
0.683731
0.351280
0.480598
0.578079
0.649628
0.248482
0.582962
0.391861
0.533112
0.569824
0.289940
0.219131
0.414970
0.324371
0.210487
0.456543
0.803787
0.427292
0.615021
0.413780
0.624176
0.640213
0.243488
0.790558
0.325470
0.535690
0.685562
0.649338
0.755524
0.354134
0.257233
0.435303
0.408714
0.323647
0.601074
0.354599
0.572113
0.480721
0.331833
0.101320
0.464706
0.507324
0.324371
0.765671
0.531967
0.420418
0.218292
0.631989
0.848892
0.245182
0.156742
0.583572
0.770950
0.289253
0.670395
0.509399
0.410332
0.353607
0.859741
0.278671
0.407570
0.113035
0.599976
0.701859
0.438980
0.612900
0.166950
0.421799
0.206432
0.385506
0.525864
0.256958
0.892838
0.435616
0.134331
0.422050
0.857193
0.352623
0.467476
0.702164
0.485664
0.325226
0.696854
0.368286
0.614471
0.364487
0.463066
0.727371
0.417915
0.619049
0.303459
0.711029
0.734406
0.488808
0.526871
0.584518
0.804276
0.579376
0.591690
0.308128
0.077694
0.704102
0.450645
0.382843
0.435974
0.584961
0.392570
0.289253
0.824295
0.559875
0.691681
0.420479
0.181347
0.385796
0.791077
0.383949
0.450073
0.551559
0.408737
0.568253
0.283432
0.712204
0.392128
0.604828
0.197525
0.804993
0.299858
0.299217
0.496040
0.778259
0.307167
0.459740
0.481194
0.643814
0.544708
0.617004
0.340462
0.233532
0.609985
0.278038
0.205730
0.412186
0.398346
0.387077
0.500107
0.487282
0.657745
0.360878
0.626511
0.477165
0.516815
0.610214
0.889648
0.206821
0.625732
0.385712
0.308052
0.223015
0.384758
0.503922
0.586670
0.579773
0.377831
0.478561
0.335281
0.507904
0.509003
0.678497
0.743057
0.529694
0.541916
0.834366
0.642883
0.236507
0.217487
0.439224
0.611649
0.577805
0.689117
0.349129
0.165493
0.316925
0.371216
0.353683
0.409309
0.882523
0.440384
0.418343
0.216045
0.825150
0.218521
0.688263
0.517059
0.296616
0.580276
0.265350
0.691254
0.790268
0.829391
0.730576
0.316025
0.481827
0.675430
0.255150
0.604340
0.595490
0.697845
0.327667
0.470718
0.497498
0.676788
0.636215
0.699966
0.633392
0.576889
0.106518
0.627594
0.427979
0.524872
0.729202
0.251953
0.629379
0.832077
0.769028
0.929474
0.408424
0.619751
0.616821
0.309212
0.560104
0.760818
0.626404
0.338181
0.432312
0.581375
0.356682
0.438499
0.575470
0.684799
0.494598
0.772797
0.474419
0.545425
0.470459
0.405670
0.532990
0.576981
0.146091
0.548645
0.398537
0.761307
0.500443
0.440926
0.703888
0.381149
0.366470
0.223999
0.299896
0.683121
0.418762
0.861176
0.440002
0.341415
0.197716
0.285751
0.811829
0.554840
0.310806
0.497826
0.350166
0.808151
0.570328
0.711304
0.349640
0.451477
0.229797
0.582458
0.327446
0.261887
0.541809
0.425804
0.433868
0.629242
0.452095
0.726608
0.308929
0.705322
0.836166
0.308655
0.386780
0.553467
0.580521
0.239090
0.595901
0.365234
0.410400
0.518234
0.330772
0.423325
0.014424
0.569962
0.528885
0.584747
0.277336
0.578354
0.736496
0.393127
0.572693
0.649307
0.655029
0.113310
0.373665
0.676559
0.742554
0.826950
0.399254
0.462196
0.530624
0.231483
0.658005
0.917404
0.485954
0.236904
0.152550
0.380394
0.602142
0.566422
0.598450
0.636215
0.875748
0.612885
0.316681
0.515167
0.194874
0.480011
0.205654
0.933670
0.575272
0.663895
0.580231
0.226368
0.662766
0.653717
0.602753
0.705017
0.479034
0.299431
0.163731
0.709488
0.533234
0.824051
0.624557
0.429863
0.761948
0.187790
0.395645
0.475029
0.640228
0.407082
0.521942
0.627670
0.906693
0.424431
0.842636
0.214386
0.792313
0.933838
0.444748
0.478111
0.596558
0.610352
0.704468
0.671173
0.678696
0.606934
0.372696
0.568420
0.606201
0.538727
0.275566
0.435669
0.474464
0.310814
0.454384
0.232468
0.384163
0.850037
0.707489
0.727661
0.254349
0.229427
0.465851
0.159412
0.539413
0.307297
0.259354
0.443405
0.238384
0.403931
0.921509
0.245628
0.312149
0.625519
0.504913
0.690659
0.228531
0.877609
0.255142
0.720276
0.413582
0.416267
0.268768
0.587845
0.727081
0.422974
0.820328
0.700546
0.570404
0.526657
0.538727
0.526886
0.641632
0.301254
0.686310
0.292732
0.608566
0.645477
0.738449
0.734802
0.346107
0.656006
0.681870
0.358070
0.277603
0.483032
0.347290
0.506134
0.360191
0.603607
0.339241
0.473579
0.608002
0.609177
0.359985
0.332314
0.617523
0.176392
0.443550
0.298454
0.402870
0.393417
0.710892
0.156185
0.396812
0.393257
0.451225
0.890915
0.334999
0.775040
0.737427
0.567825
0.427132
0.417671
0.813751
0.708191
0.786240
0.272736
0.324852
0.256958
0.762329
0.665253
0.732849
0.480843
0.859802
0.203354
0.226158
0.587860
0.380188
0.670151
0.186039
0.672089
0.651245
0.193176
0.414093
0.344307
0.589920
0.750870
0.821777
0.925354
0.636871
0.557587
0.491562
0.362541
0.271950
0.417450
0.181709
0.758026
0.690186
0.507736
0.604294
0.563019
0.761124
0.747818
0.342415
0.731445
0.838364
0.455742
0.732773
0.803925
0.711273
0.804367
0.472084
0.474220
0.109667
0.299164
0.403900
0.585144
0.750290
0.638657
0.623322
0.685730
0.306770
0.816315
0.159950
0.278542
0.530014
0.341652
0.334435
0.330696
0.435204
0.349419
0.779739
0.607025
0.682617
0.232658
0.336861
0.631500
0.273781
0.656189
0.434959
0.399216
0.871689
0.492851
0.873444
0.866898
0.793198
0.575851
0.564850
0.541870
0.326241
0.775146
0.639450
0.218834
0.887711
0.799850
0.498550
0.528214
0.137562
0.532806
0.558746
0.573944
0.770081
0.334549
0.179348
0.563675
0.455505
0.403381
0.194706
0.730453
0.470253
0.515656
0.540817
0.337990
0.419212
0.412628
0.316582
0.325226
0.688766
0.581696
0.754242
0.600388
0.653091
0.504227
0.231094
0.651321
0.414574
0.730087
0.290077
0.438133
0.559143
0.734375
0.308334
0.440201
0.482361
0.374840
0.416862
0.638870
0.778229
0.497124
0.780029
0.358994
0.712616
0.319206
0.282814
0.543686
0.432114
0.601700
0.454735
0.116966
0.480812
0.619675
0.718536
0.836029
0.234421
0.360771
0.484604
0.535004
0.676224
0.476807
0.859863
0.531616
0.623505
0.281006
0.673950
0.805679
0.655853
0.676178
0.440620
0.546906
0.285439
0.333458
0.491722
0.294296
0.653107
0.663559
0.538269
0.670624
0.375771
0.292709
0.788757
0.742584
0.612213
0.503357
0.575867
0.435486
0.864120
0.473915
0.381180
0.536407
0.361412
0.239410
0.479172
0.570282
0.221859
0.449356
0.375511
0.463089
0.536682
0.816147
0.307854
0.707672
0.447449
0.387245
0.588531
0.685944
0.161324
0.539764
0.468246
0.423820
0.532303
0.553238
0.276924
0.441940
0.467270
0.741104
0.288574
0.327911
0.325523
0.257431
0.864304
0.573654
0.198284
0.341866
0.729782
0.305702
0.491501
0.215801
0.179482
0.615875
0.031922
0.189461
0.620956
0.479370
0.577896
0.322296
0.278122
0.739212
0.748077
0.631927
0.574173
0.692230
0.297974
0.737823
0.720001
0.350632
0.589432
0.710709
0.566391
0.212368
0.264374
0.427208
0.371849
0.462662
0.769073
0.514618
0.768356
0.559113
0.617142
0.649277
0.586838
0.649063
0.249432
0.793152
0.830566
0.713318
0.526611
0.694077
0.564209
0.385178
0.437668
0.134460
0.662811
0.435471
0.875031
0.795807
0.675568
0.461693
0.502579
0.352463
0.562363
0.468384
0.780853
0.344917
0.816605
0.548737
0.444901
0.697067
0.219563
0.764175
0.342445
0.506668
0.409760
0.479729
0.410355
0.350838
0.604919
0.824799
0.457214
0.167938
0.320511
0.597015
0.302406
0.872787
0.329178
0.174679
0.664642
0.415436
0.524673
0.465073
0.654633
0.497742
0.633286
0.548737
0.428032
0.560394
0.208012
0.760803
0.253563
0.427574
0.636658
0.596008
0.819794
0.342659
0.373581
0.641296
0.697418
0.091314
0.462181
0.150696
0.259262
0.371979
0.633255
0.562103
0.655457
0.260986
0.624634
0.316177
0.262970
0.559998
0.481079
0.620163
0.757568
0.410614
0.465157
0.296127
0.268883
0.673172
0.468781
0.522446
0.687286
0.691254
0.416298
0.803787
0.332466
0.792191
0.442314
0.440582
0.883514
0.606613
0.476822
0.439461
0.389290
0.108900
0.586945
0.155270
0.371056
0.623444
0.358620
0.520020
0.294418
0.539520
0.250702
0.752991
0.248009
0.415680
0.348099
0.216713
0.674240
0.402267
0.739151
0.657761
0.392075
0.740829
0.573242
0.726151
0.643539
0.128372
0.752106
0.523560
0.735443
0.226612
0.548386
0.422142
0.335518
0.549515
0.577850
0.592133
0.283455
0.521866
0.814240
0.279999
0.358803
0.650345
0.329681
0.306625
0.364578
0.564514
0.523331
0.450676
0.668900
0.259010
0.407448
0.358826
0.297249
0.680496
0.195503
0.643356
0.694885
0.243855
0.464348
0.727722
0.470467
0.425735
0.849716
0.394821
0.860794
0.423630
0.283638
0.254761
0.646469
0.798904
0.421936
0.116232
0.862701
0.753906
0.308411
0.224514
0.314484
0.832199
0.675644
0.395248
0.087271
0.668457
0.339455
0.386833
0.648682
0.420509
0.327614
0.454086
0.664810
0.377327
0.180195
0.724106
0.688629
0.441032
0.530106
0.661102
0.453506
0.513565
0.329300
0.096491
0.310844
0.636765
0.100578
0.170780
0.387924
0.408989
0.395744
0.404533
0.239552
0.367622
0.685333
0.326820
0.738220
0.138054
0.300652
0.497429
0.558563
0.628265
0.249371
0.222923
0.893906
0.429565
0.647324
0.693024
0.459435
0.173489
0.767563
0.498756
0.572617
0.094099
0.595261
0.470001
0.430695
0.695831
0.526764
0.820923
0.517838
0.333206
0.337158
0.457642
0.288513
0.433182
0.670029
0.437424
0.157787
0.269218
0.521378
0.719101
0.597748
0.656311
0.527390
0.487709
0.673996
0.585419
0.594910
0.833267
0.644455
0.472992
0.442543
0.214294
0.567093
0.334045
0.687042
0.295197
0.732010
0.624512
0.226646
0.246338
0.545395
0.449356
0.703979
0.719467
0.471832
0.671417
0.856689
0.629608
0.640915
0.374161
0.344795
0.538391
0.441612
0.284500
0.436798
0.816605
0.755463
0.142220
0.645920
0.697784
0.502396
0.386353
0.614182
0.365715
0.422516
0.597488
0.363503
0.266670
0.518250
0.176693
0.513000
0.059695
0.628799
0.214230
0.779160
0.396873
0.471031
0.631943
0.726318
0.524933
0.418396
0.371269
0.359558
0.447693
0.655762
0.382896
0.260361
0.409599
0.527863
0.320473
0.217884
0.326485
0.292198
0.128769
0.395515
0.715164
0.726257
0.344383
0.867386
0.357750
0.521530
0.377632
0.302994
0.447739
0.591873
0.195415
0.544434
0.061255
0.828506
0.270294
0.472183
0.359718
0.641571
0.532745
0.692963
0.293404
0.326790
0.065016
0.703445
0.440010
0.271484
0.221046
0.469810
0.565979
0.349815
0.450691
0.391670
0.665375
0.795532
0.373039
0.319366
0.614456
0.450485
0.323349
0.764328
0.930206
0.518768
0.419289
0.577286
0.460541
0.689590
0.460152
0.705826
0.742279
0.103420
0.510925
0.148502
0.315758
0.575928
0.738678
0.459084
0.435097
0.960159
0.225136
0.112043
0.308365
0.561829
0.503708
0.384422
0.768051
0.462570
0.404778
0.378578
0.211597
0.728577
0.253410
0.727615
0.360153
0.676163
0.715576
0.407257
0.661972
0.287430
0.524216
0.403809
0.276405
0.734955
0.552765
0.593781
0.306953
0.287498
0.463547
0.742493
0.246044
0.274513
0.554367
0.556015
0.836349
0.357796
0.525833
0.600464
0.520187
0.630875
0.093019
0.618942
0.469963
0.346420
0.757263
0.716858
0.318840
0.470093
0.535233
0.684128
0.757538
0.759277
0.198906
0.444626
0.491463
0.337044
0.626099
0.686279
0.511276
0.200603
0.540451
0.757767
0.362976
0.393379
0.309860
0.309837
0.337006
0.536682
0.324448
0.743896
0.578232
0.417473
0.475685
0.637039
0.349274
0.229019
0.464859
0.671585
0.701431
0.298645
0.351784
0.455009
0.643280
0.550690
0.199810
0.547745
0.183975
0.825882
0.345703
0.395523
0.323921
0.472000
0.567444
0.386719
0.450760
0.577133
0.700012
0.788925
0.226627
0.609833
0.646103
0.692032
0.727142
0.117851
0.439606
0.487091
0.347313
0.203011
0.744049
0.635284
0.201477
0.507004
0.503738
0.844757
0.643066
0.703537
0.389755
0.828659
0.526672
0.321281
0.637177
0.550858
0.795593
0.789993
0.350571
0.242409
0.364380
0.636414
0.144596
0.476562
0.356781
0.676254
0.281418
0.080429
0.794098
0.607025
0.454262
0.138660
0.810028
0.311600
0.187386
0.308205
0.519592
0.576660
0.152508
0.275475
0.391899
0.542709
0.100199
0.329269
0.566116
0.738541
0.765686
0.357773
0.639084
0.816513
0.600189
0.416451
0.750351
0.631516
0.594467
0.217648
0.418274
0.172131
0.184803
0.210060
0.782623
0.341637
0.351028
0.589188
0.653214
0.423958
0.900864
0.758194
0.700439
0.638748
0.331070
0.388588
0.291969
0.434021
0.303673
0.743652
0.757950
0.480057
0.397675
0.397011
0.296127
0.700409
0.398849
0.746292
0.327995
0.404007
0.852249
0.750198
0.465599
0.447746
0.256500
0.358765
0.489197
0.307343
0.244183
0.139668
0.617310
0.730423
0.785690
0.428261
0.780304
0.113291
0.818481
0.370834
0.548477
0.118229
0.225441
0.304802
0.301582
0.325241
0.701828
0.598145
0.323074
0.212799
0.640717
0.651520
0.502365
0.489021
0.397789
0.667786
0.640518
0.656586
0.912552
0.425972
0.849472
0.745575
0.453941
0.579590
0.586945
0.351334
0.594849
0.781433
0.464630
0.411713
0.852097
0.600784
0.529953
0.374939
0.492584
0.242218
0.286003
0.605103
0.725937
0.609085
0.403282
0.365448
0.260155
0.792801
0.555466
0.657944
0.458969
0.192066
0.311783
0.783386
0.620789
0.274529
0.525482
0.661270
0.440674
0.525436
0.712433
0.446228
0.302933
0.473763
0.154190
0.266716
0.661087
0.686447
0.527649
0.564377
0.815811
0.515793
0.165993
0.540115
0.422287
0.570435
0.606567
0.382721
0.013243
-0.240330
-0.188686
-0.146244
-0.100893
0.042927
-0.263420
0.038649
0.165028
0.072315
0.046400
-0.118908
-0.049983
-0.010348
-0.021990
0.065783
-0.137756
-0.067999
0.179104
0.163181
0.083258
-0.170765
0.014813
0.033667
0.207359
0.155483
0.154957
-0.027690
0.023744
0.127567
0.067701
-0.110580
0.324371
0.316734
0.179752
0.075899
0.070099
0.207600
-0.175579
-0.202572
-0.011351
-0.130306
-0.172195
0.086245
0.297058
0.095373
0.003879
0.161011
0.027382
-0.255852
0.033471
-0.035236
0.010510
0.048304
0.144295
-0.070549
-0.087484
0.151680
-0.098238
-0.209599
-0.010884
-0.030533
-0.031759
-0.124218
0.286201
-0.288002
0.100962
-0.081411
-0.080402
-0.222195
-0.284569
0.197807
0.086924
-0.019049
-0.153652
-0.055440
-0.071247
0.139225
-0.184559
-0.042737
0.030362
0.285492
0.069605
0.040877
-0.102198
-0.223808
-0.030806
0.099878
0.365578
0.161087
0.326851
-0.083584
0.131134
0.006675
-0.207802
0.127197
0.155807
-0.107414
0.045213
0.075405
-0.038886
-0.239346
-0.165627
0.195030
0.033456
0.117849
0.139599
-0.038371
-0.033061
0.103178
0.066463
-0.150272
0.240532
-0.301636
-0.110523
-0.151798
-0.089445
0.150513
0.096231
-0.161572
0.021469
0.274933
0.191418
-0.138103
-0.156105
0.274879
-0.158478
-0.000299
-0.123800
-0.113262
-0.363174
-0.015112
-0.203331
-0.091095
0.032350
-0.170448
0.025628
-0.117613
-0.061244
-0.155582
-0.162575
0.154503
0.130726
0.077957
0.289444
-0.268799
-0.072136
-0.236000
0.319435
-0.124056
0.039557
-0.097380
0.298454
-0.205021
-0.234913
-0.293648
0.216305
-0.245811
0.143192
-0.055068
-0.211502
0.218304
0.221085
0.022894
0.274788
0.253433
-0.001111
0.153976
-0.302460
0.227772
-0.292877
-0.174904
0.091019
-0.012868
0.052343
0.234024
0.008471
-0.168503
-0.149551
0.179756
-0.144981
0.037584
-0.207767
-0.285370
0.120995
-0.152534
-0.141880
0.047158
-0.107632
0.001884
-0.006771
-0.028995
-0.069944
-0.223396
0.140900
0.057273
0.030049
-0.007782
-0.227596
-0.124256
-0.219425
-0.081049
0.138554
0.311012
0.195641
0.042184
0.107334
-0.233585
0.020684
0.104788
0.383881
-0.124300
-0.005201
-0.261597
0.029174
0.265076
-0.123419
0.176296
-0.126053
-0.084053
-0.259529
-0.280396
-0.113045
0.108234
-0.066069
-0.119717
-0.270485
0.112129
-0.129215
-0.060949
-0.160271
0.089069
-0.141987
-0.021722
-0.037615
-0.236481
-0.268532
0.069145
-0.032935
0.042279
0.173935
-0.086769
-0.081438
-0.267273
-0.058234
-0.052267
-0.003899
-0.181652
-0.166103
-0.129944
0.172005
0.013787
-0.119619
0.058387
-0.025549
-0.185684
0.086241
-0.007613
0.216583
-0.190540
-0.066847
-0.233822
0.046109
0.227734
0.034594
0.009628
-0.155186
0.056192
0.078768
0.248451
-0.192791
0.106836
-0.274307
-0.126656
0.128571
0.105162
0.258209
0.124670
0.360649
-0.054883
0.142311
0.094944
-0.041667
0.022687
0.005756
-0.068354
0.127712
-0.347412
-0.074257
0.053588
-0.100241
0.296600
-0.179649
-0.203423
0.086060
-0.145061
0.096338
0.367447
0.058708
0.028113
0.179909
0.156052
0.282532
0.195728
-0.259590
0.120964
0.009053
-0.150085
-0.192642
-0.068007
-0.057389
-0.051467
-0.121759
0.191074
0.262482
0.030997
-0.166279
-0.047507
0.121292
0.049598
0.152519
0.019922
-0.093210
-0.175282
-0.183498
-0.007154
-0.172771
0.062132
-0.075705
0.175507
-0.199894
0.104204
0.332138
-0.066072
0.008670
0.072542
0.054319
0.017731
0.212601
-0.139458
-0.050267
-0.281364
-0.190926
-0.025031
-0.091423
0.071569
-0.142738
-0.257698
0.022354
0.126129
-0.062240
-0.261124
0.146057
0.282265
0.001306
-0.038016
-0.160892
0.267380
0.022978
-0.090151
0.005178
-0.177490
0.014059
-0.100391
-0.095980
0.170303
-0.177124
-0.042792
0.039889
0.037182
-0.034666
-0.011512
-0.245312
-0.224464
0.253601
-0.189743
0.137241
-0.179276
-0.008023
-0.276405
0.235863
0.219875
-0.100391
-0.056365
0.213711
0.048484
0.342186
-0.386017
-0.121838
0.219307
-0.038454
-0.116085
-0.248314
-0.024403
0.073086
-0.054163
-0.003378
-0.102324
0.193176
0.184097
-0.066280
0.159641
0.025008
0.125546
0.225319
-0.013243
-0.064192
-0.075146
-0.192516
-0.072212
-0.205692
0.042771
0.147663
0.131634
-0.014726
-0.076328
0.180702
-0.110241
-0.025207
0.058290
0.256638
-0.063656
0.232342
-0.138103
-0.089775
0.015878
-0.044692
-0.093143
-0.086458
0.148495
-0.346764
-0.153297
-0.129566
0.114826
0.119822
0.095749
0.249165
0.055630
-0.269524
-0.091501
-0.016008
-0.037497
0.097713
-0.306053
-0.051727
0.082981
0.054756
0.128975
0.120319
0.028416
-0.251579
0.231106
-0.035248
0.129475
0.240574
-0.125011
-0.002221
0.047177
-0.218151
-0.090378
0.195103
-0.128334
-0.096104
-0.224018
-0.014086
-0.124983
-0.128841
-0.055059
-0.069353
-0.108225
0.291153
0.062217
0.146126
-0.048843
0.193306
0.240837
0.034145
0.246929
-0.067900
0.006897
-0.014782
0.117655
-0.200287
-0.050027
0.246006
-0.398552
-0.176750
-0.193928
0.085766
0.042808
0.153412
-0.155136
-0.086098
0.056173
0.058556
-0.390312
0.368904
0.218712
-0.007663
0.301254
0.112194
0.134212
-0.075939
-0.032950
-0.062201
-0.171055
0.060317
-0.029764
-0.361832
-0.298286
-0.021163
0.062807
-0.181755
-0.222569
-0.135925
-0.081615
-0.182278
0.126751
-0.127960
-0.096516
0.168980
-0.264687
0.186062
-0.206673
0.081633
0.095913
-0.159275
0.013955
-0.121946
0.123783
0.025084
-0.299881
-0.179718
-0.050850
0.104305
0.196930
0.067097
-0.125507
-0.270546
-0.145454
-0.134792
0.144882
-0.231350
0.121159
0.071016
0.069857
0.187122
-0.258835
0.196606
-0.087284
0.082373
0.077168
-0.061831
-0.167564
0.160629
-0.270332
0.366051
0.000222
0.181335
-0.046017
-0.166710
0.204716
-0.057471
-0.054581
-0.134556
0.046837
-0.295357
-0.068037
-0.227379
-0.129322
-0.214615
0.074963
-0.273438
-0.156403
-0.092299
-0.349991
-0.084843
0.094248
-0.171112
0.111773
0.154537
0.058839
0.188358
-0.346130
-0.108725
0.347855
-0.177052
-0.179794
-0.088490
0.002579
-0.226387
0.034934
-0.228703
0.007985
-0.019642
-0.073124
0.053692
0.122135
0.295418
-0.024395
0.142097
-0.355766
-0.239563
-0.278915
-0.074459
-0.042306
-0.191196
0.278419
0.053646
0.075401
-0.045815
0.060612
-0.303467
-0.005025
0.153900
-0.121479
-0.093737
0.265854
-0.154274
-0.182232
-0.169273
-0.090525
0.290421
-0.250397
-0.083664
-0.017645
-0.033965
0.119312
0.103363
-0.026965
0.094913
0.097311
-0.092590
-0.145229
-0.035164
0.270653
0.104313
-0.226933
0.113068
-0.132168
-0.005090
-0.371025
-0.219131
-0.017287
0.060524
0.081211
0.008808
-0.033211
0.056939
-0.145462
0.221134
0.326500
0.200596
0.223129
-0.071470
0.118635
-0.233932
0.043850
-0.052183
0.307137
-0.132401
0.042157
-0.031549
-0.077425
-0.103064
-0.067287
-0.098612
0.001248
-0.003512
0.304596
-0.130920
0.281540
-0.067562
-0.058203
-0.025885
0.141666
-0.124567
-0.018781
-0.181679
0.224213
-0.164242
-0.106983
0.113005
-0.110085
-0.175114
-0.249165
-0.281578
0.028667
0.083681
0.103374
-0.102480
0.098854
-0.002041
0.303680
-0.126717
0.185024
-0.200741
0.066521
0.187984
0.233459
0.079849
0.057070
0.076712
0.160995
-0.002267
-0.237595
-0.135044
0.022449
0.181335
-0.026587
-0.044593
0.017098
0.012877
-0.079733
-0.092987
-0.162819
0.107672
0.062004
-0.134140
-0.244648
-0.272324
0.055216
0.143764
0.162201
-0.079382
-0.271370
0.057096
0.157581
-0.058410
-0.193756
0.242893
-0.126129
-0.134975
0.031185
0.034865
-0.137249
0.082594
-0.100176
-0.263504
-0.174355
0.021944
-0.018539
-0.157257
0.324951
-0.388412
-0.103807
-0.273857
0.011102
-0.331924
0.029136
0.204166
-0.167118
0.084356
0.057805
0.142658
0.005545
0.075428
-0.237961
0.162560
0.017031
0.006001
-0.031675
0.039610
-0.129555
0.289642
-0.363228
-0.266220
0.082108
-0.024563
-0.092587
0.054197
-0.002616
0.038158
-0.101349
-0.116501
0.087469
0.232559
-0.100792
-0.340271
0.191906
-0.071079
0.301605
0.171223
0.013278
-0.078293
0.168015
0.018250
-0.002857
0.220200
-0.256325
-0.132275
-0.212086
0.002133
0.054910
0.096645
0.001651
0.129383
0.268127
-0.355087
0.104828
0.175552
0.136253
0.102205
-0.223991
-0.112673
-0.160732
0.155315
0.119892
0.175053
-0.184956
0.311798
0.103973
-0.173481
0.045321
0.118961
0.038358
0.064627
-0.301620
0.035493
-0.005884
-0.267815
0.050793
-0.069822
-0.118103
-0.041865
-0.120741
0.321251
-0.058917
0.147388
0.255730
0.045902
0.032230
0.103561
0.001674
-0.337624
-0.157825
-0.160183
-0.182884
0.252205
0.014867
-0.221401
0.126293
-0.027018
-0.104740
0.172188
-0.198193
0.371323
0.236240
-0.210258
-0.029753
-0.205639
-0.038654
0.168617
0.162251
-0.009758
-0.019690
0.189083
0.164497
0.068968
0.046339
0.130096
0.114874
-0.068998
0.084949
-0.173576
0.030507
-0.071737
0.103945
0.284203
-0.109659
0.120527
0.064522
0.017774
-0.196621
-0.188362
0.189960
-0.106392
0.184673
-0.011500
0.121059
-0.135212
-0.070704
0.228851
-0.114744
-0.198578
0.073223
0.013139
-0.158203
-0.200558
0.082108
0.177704
0.075981
0.198696
-0.038293
0.014499
-0.123030
0.139797
0.380470
0.129066
-0.012002
0.123236
0.101440
-0.095623
0.141006
0.193817
-0.136417
0.039131
-0.350266
0.048258
-0.118233
0.208500
0.060049
-0.041935
0.000770
0.384727
0.050200
0.072863
-0.039845
-0.108576
-0.127689
0.043972
0.070833
0.237858
0.242668
-0.257599
-0.037780
0.118513
-0.267090
-0.095016
0.099426
0.158630
0.029932
-0.089262
0.061873
-0.120903
-0.333145
0.217308
0.210072
-0.246281
-0.026275
0.239418
0.252922
0.035486
0.196354
-0.184017
-0.018632
0.245972
-0.111723
-0.058475
0.139107
-0.092974
-0.015631
0.062366
-0.292831
0.227036
-0.048782
0.107679
0.056553
0.121845
0.012657
0.155983
0.134029
0.040885
-0.370422
0.195911
0.069271
-0.265846
0.121367
0.279350
-0.221428
-0.193329
0.081059
0.030921
-0.157845
-0.013297
-0.005522
-0.176472
-0.203320
-0.118382
0.054055
0.225925
0.225780
0.187702
-0.002976
0.223083
-0.022955
0.238377
0.040058
-0.115112
0.069515
0.053293
0.190151
-0.234158
-0.195953
-0.180264
-0.327805
0.163456
-0.157681
-0.058862
0.005093
0.058601
0.185524
0.085588
0.089521
-0.119890
0.072863
-0.064144
-0.149918
0.159683
0.255196
-0.094151
0.094339
0.043263
0.093559
-0.346329
-0.023782
-0.077551
0.039614
0.016276
-0.043379
0.109135
0.069572
-0.002508
0.166824
0.164890
0.107361
-0.013986
-0.109364
0.387390
-0.072836
-0.250694
0.009417
-0.033751
-0.018666
-0.048631
-0.007192
-0.093374
0.035375
0.281731
-0.081268
-0.000147
0.187592
0.013083
0.043689
0.280571
-0.333260
-0.127666
-0.087109
-0.293633
0.036190
0.158512
0.106764
-0.041806
0.008429
-0.017678
0.123085
-0.174919
-0.031656
0.012592
0.213043
0.183929
0.199608
0.074892
-0.139946
0.035074
0.172127
-0.145432
-0.058295
-0.082626
-0.301399
0.298729
-0.081066
-0.114395
-0.125904
-0.185524
0.166180
-0.020872
-0.165611
0.077938
-0.315086
-0.131126
-0.199547
0.228260
-0.172939
-0.044122
-0.227127
-0.049849
0.072805
0.178356
-0.035547
-0.004278
-0.073709
0.014781
0.216476
-0.214794
0.049850
0.098473
0.077486
-0.298584
0.017555
0.212078
-0.147427
-0.211658
0.245266
-0.126328
-0.250732
-0.027405
-0.147205
0.021369
-0.237881
-0.024001
-0.109762
-0.147301
-0.233444
0.009153
0.246284
-0.021726
0.395882
-0.118616
0.156635
-0.077950
0.022970
-0.208340
-0.061459
0.091875
0.016285
-0.012734
-0.245647
0.093773
-0.021178
0.062048
0.017429
-0.021607
-0.149601
0.113985
-0.146221
0.037374
-0.201836
0.143150
0.057032
-0.149586
-0.171555
-0.200298
0.140251
-0.113152
-0.192860
-0.051167
0.012699
0.204735
-0.168652
0.169331
0.126785
0.144455
-0.037301
0.064196
-0.052083
0.126568
0.052596
-0.297729
0.071053
-0.258705
-0.235683
0.236065
-0.131031
0.050717
-0.086527
0.160458
0.088089
0.001769
-0.134674
-0.002455
-0.148384
-0.014388
-0.056890
-0.008126
0.020037
0.189667
0.230843
0.032158
0.104271
-0.229073
-0.237347
-0.207230
0.354805
0.162491
-0.141319
-0.136120
0.140358
-0.088718
0.003856
-0.077015
-0.200424
0.056606
-0.279236
-0.041322
0.107319
0.070810
-0.172710
-0.094725
0.072592
0.132034
-0.098886
-0.076923
-0.031056
-0.155777
-0.085049
-0.301147
0.033893
-0.001781
0.020018
-0.009411
-0.230850
0.219810
-0.067354
-0.024194
0.093880
0.079752
-0.012745
-0.055894
0.138603
-0.010593
-0.133484
0.374756
-0.244122
0.025567
-0.103136
0.010777
0.096384
0.161861
0.206184
0.170689
0.145199
-0.182835
-0.196945
0.261719
-0.046768
0.008713
-0.039431
-0.303001
0.006932
-0.019995
-0.311287
-0.224495
-0.088608
-0.089642
-0.099407
0.004136
-0.300018
0.176857
-0.051753
-0.161980
-0.122158
0.253052
-0.224930
0.071430
-0.159096
0.108509
0.083918
-0.062706
-0.165627
-0.148182
0.107403
-0.020427
0.107273
0.201168
0.095421
0.207504
-0.227821
0.054281
0.341087
0.216244
0.035995
0.029799
0.281883
0.093830
-0.060416
-0.255226
0.097975
0.077282
0.070917
0.046224
0.204300
-0.199383
-0.139011
0.128075
0.309761
0.139603
0.089012
-0.044612
0.078033
-0.078316
-0.044641
0.184307
-0.097036
0.062630
-0.052237
-0.003324
-0.019991
-0.132488
-0.239170
0.172939
-0.063816
0.234531
0.203316
-0.070347
-0.109341
-0.147228
-0.035432
-0.158936
-0.069944
0.033785
0.035432
-0.155777
-0.018023
-0.103573
0.262436
-0.145401
0.036030
-0.086256
0.100115
-0.033505
0.273140
0.203056
0.298378
0.028523
0.265121
-0.189854
-0.264938
-0.193710
0.115364
-0.212257
-0.019063
0.052681
-0.126431
0.183674
-0.017656
0.203655
0.035317
0.092781
0.191154
-0.034636
0.128265
0.078444
0.248436
-0.037324
-0.023430
0.073162
-0.182728
0.012615
0.134483
0.064966
-0.022028
-0.028370
0.120451
-0.161354
-0.291687
-0.051558
0.085356
-0.117207
0.191856
-0.088270
-0.041039
0.172794
-0.036711
-0.019891
0.065205
-0.054370
0.035608
-0.188477
0.328537
-0.061658
0.067034
0.019110
0.016789
0.025333
-0.017640
-0.008347
-0.338074
-0.053367
0.004266
-0.204716
0.011606
-0.018327
0.056472
0.132637
0.258591
-0.233509
-0.209629
0.053247
-0.061711
0.129795
0.255119
-0.102745
0.156731
0.070822
0.314491
-0.068769
0.015311
-0.085896
0.032886
-0.092716
-0.001114
0.101631
-0.074732
-0.132481
0.126392
0.054626
0.008464
-0.251511
-0.008703
-0.143642
-0.246838
-0.368927
0.523575
-0.297462
0.027606
-0.149548
0.204533
0.103340
0.152649
0.547165
0.232613
0.119024
-0.099426
0.170647
-0.121168
-0.093508
0.297661
-0.233368
0.362862
0.194927
0.176918
-0.015644
-0.197502
-0.411667
0.122612
-0.335976
0.203255
0.223827
0.029928
0.096569
-0.020213
-0.319328
0.345055
-0.016077
-0.097765
-0.144371
-0.065229
-0.412270
-0.043057
-0.530396
-0.482536
0.089157
0.108063
0.037864
0.259422
-0.013111
0.042727
0.042479
0.370544
0.307610
0.237400
-0.069567
-0.225449
-0.479156
0.136181
-0.102842
-0.198120
-0.177589
0.120983
0.349220
0.019378
0.100767
0.129894
-0.253395
0.185081
0.032122
0.219646
0.122259
0.139278
0.075804
-0.508530
-0.242867
0.265747
0.216942
0.310005
0.008136
0.205845
-0.262268
-0.051802
-0.041039
0.045334
0.285591
-0.010215
-0.182140
0.325874
0.025570
0.232040
0.025333
-0.049215
0.350616
-0.142860
-0.029825
-0.065647
-0.110960
-0.280823
0.121849
-0.078844
0.453438
0.244095
0.158810
-0.085764
0.252205
-0.182037
0.179977
0.471558
-0.389061
-0.431702
0.059978
-0.033916
0.136314
0.119331
0.009398
-0.095119
0.009117
0.343887
-0.389069
0.135078
0.058904
0.256081
-0.016549
-0.105089
0.213608
0.472656
0.446671
0.102650
-0.327217
0.568512
0.126614
-0.491188
0.194813
0.185020
0.040450
0.449417
0.000965
-0.298996
0.303551
0.231731
-0.110880
-0.254272
0.095396
0.025433
-0.237354
-0.410210
-0.070076
-0.128235
-0.166729
0.160675
-0.091131
-0.005014
-0.200665
-0.007676
-0.112528
0.112947
-0.154465
-0.283272
0.117611
0.135731
-0.332176
0.141415
0.163570
-0.237762
-0.290977
0.204021
-0.407784
0.329414
0.007826
0.412796
0.042106
0.413971
-0.360535
-0.480316
-0.178417
0.021552
-0.373505
0.366905
0.510727
0.079588
-0.089844
-0.197826
-0.442451
-0.192135
0.311905
-0.037956
-0.177177
-0.359589
0.193375
-0.061977
-0.221844
0.378220
-0.437584
0.042116
-0.474556
-0.111158
0.246140
-0.264923
0.316620
-0.365860
0.248650
0.257950
-0.052295
-0.212669
0.297066
0.384689
-0.090721
0.023936
0.136593
-0.195000
0.003138
0.046750
0.224594
-0.338928
-0.243763
-0.081314
0.137730
0.094061
-0.338089
-0.283905
0.132473
0.057473
0.094313
-0.405518
-0.000801
0.237179
-0.416664
-0.374489
-0.027353
-0.198021
-0.120531
0.120905
0.059927
-0.172817
0.008633
-0.160034
-0.303139
-0.079687
-0.234081
0.350471
-0.274689
-0.130539
0.394806
0.049905
0.047561
0.151043
-0.031005
0.185276
-0.271919
-0.369118
-0.199020
-0.240231
0.202969
-0.102289
-0.028329
0.202156
-0.482529
0.072414
0.344688
0.107533
-0.125996
-0.292862
-0.388977
-0.168491
0.051337
-0.378334
0.290901
0.265221
-0.458031
-0.045588
0.096645
-0.115686
-0.076130
-0.125957
0.449211
-0.128983
-0.072899
0.418198
-0.041685
0.270172
-0.568329
-0.140312
0.032355
-0.365372
0.374809
0.002001
0.351395
-0.006935
0.074024
0.181477
0.000199
-0.152370
-0.113798
0.229031
-0.218052
-0.062471
0.367706
-0.029567
-0.414665
0.524673
0.024847
0.199005
-0.208408
0.465729
-0.441963
-0.276215
-0.179878
0.100531
0.244793
-0.121176
-0.246708
-0.325562
0.353905
0.302666
-0.171902
0.113705
-0.210335
0.279884
0.006373
0.380707
-0.158081
0.004549
0.329124
0.347939
0.233578
0.111059
-0.331940
-0.016521
0.181496
-0.227177
-0.008857
0.206333
-0.030589
0.398125
0.153030
-0.472549
0.124321
-0.026859
0.144997
0.367081
-0.148041
0.000709
0.041521
-0.409134
0.301353
-0.130394
0.319962
0.091022
0.149883
-0.291077
-0.145290
0.091808
-0.286530
0.083437
0.339371
-0.050548
0.294495
-0.090960
-0.069096
-0.143444
-0.217743
-0.075546
0.062883
-0.147942
-0.294846
-0.401505
-0.002686
-0.172546
0.191456
0.141926
-0.422890
0.041399
0.140621
-0.379356
0.149281
-0.173031
0.007275
-0.047784
-0.182800
0.257164
0.176140
0.188919
0.250992
-0.007587
-0.245060
-0.027068
-0.160549
0.147804
-0.017632
0.387375
-0.096037
-0.237801
-0.205189
-0.033154
0.133694
0.016981
0.183147
0.130608
0.361450
-0.242825
0.270515
-0.059410
0.415977
0.313148
0.078257
0.048630
0.140102
0.185921
0.000855
-0.042706
-0.173943
0.179394
0.146217
-0.023349
0.169788
0.001550
-0.052841
0.109631
0.051374
-0.068075
-0.120411
-0.044665
0.211136
0.293823
-0.077425
-0.174606
-0.306610
0.105707
-0.043993
0.054846
-0.036716
0.228928
0.095823
0.276848
-0.075348
0.174080
-0.291939
0.064754
-0.157024
0.328720
0.019637
-0.431351
-0.111313
0.266235
0.162312
0.058481
0.169804
0.109470
-0.449310
0.219154
0.139778
0.047295
0.174488
-0.264488
-0.276291
0.097061
0.178314
0.032494
0.202774
0.134712
0.089752
0.063633
-0.253784
-0.333862
0.342896
0.286263
-0.157368
-0.466087
0.351006
0.202629
-0.237743
-0.246784
0.287903
-0.248669
-0.078529
-0.169216
-0.190193
0.089252
0.040644
-0.022100
-0.208603
0.082447
0.128010
-0.034116
-0.184074
-0.049917
0.063343
0.094639
-0.115410
0.165710
0.128944
0.074333
0.231754
-0.126862
-0.359924
0.057611
0.059002
-0.002292
-0.508865
0.409607
0.199947
-0.128803
0.263611
-0.031188
0.239944
-0.332329
0.417000
0.050145
-0.142685
-0.056962
0.027658
-0.452080
0.023456
0.153629
0.129200
0.456398
0.005332
0.091747
-0.066387
-0.110073
0.259865
-0.454475
-0.136135
-0.027822
-0.064306
0.119335
-0.070604
0.097103
0.219460
-0.064861
-0.010315
-0.097628
-0.093271
0.253296
-0.226803
0.048294
0.435966
-0.326820
0.198830
-0.324516
0.131214
0.124060
-0.161213
0.054276
-0.337708
-0.129997
-0.106745
0.285042
-0.038253
0.446304
0.074575
-0.295799
0.508850
0.038439
0.193390
-0.072485
0.057374
0.120770
-0.075781
-0.240196
-0.458710
-0.085705
0.179592
-0.035338
-0.349823
-0.047215
0.113338
0.088560
0.241360
0.209747
-0.238003
0.274597
-0.181198
0.120224
-0.188545
0.098522
-0.010172
-0.292877
0.283165
-0.048431
-0.463997
-0.259689
-0.341820
0.143219
-0.221260
-0.150452
-0.030058
-0.065901
0.072725
-0.105450
-0.303680
0.131039
-0.091150
0.392540
0.095690
0.076044
0.343300
0.111044
0.062177
-0.033148
-0.297020
-0.073402
-0.275589
0.139206
-0.053584
0.055293
0.137321
-0.164158
-0.237984
0.320076
-0.112585
-0.084564
0.160786
0.163002
-0.042134
0.454155
0.114962
0.442810
-0.226761
0.187698
0.437752
-0.013430
0.218342
-0.270821
0.377083
-0.203388
0.324654
0.102573
-0.094374
-0.130589
0.069414
0.228432
0.313026
-0.203766
-0.251793
0.159046
0.368172
-0.112078
0.094887
-0.386841
-0.411430
0.085106
0.146008
0.268402
0.145691
-0.515564
0.105124
0.260643
-0.589783
-0.121649
0.345924
-0.250412
-0.237492
0.046850
0.096182
0.139202
-0.055764
-0.196980
-0.275246
-0.250526
0.290237
-0.203430
0.077913
-0.014156
-0.407188
-0.171494
-0.371742
-0.039042
0.231045
0.240158
-0.425880
0.336624
0.323235
0.236752
0.088001
-0.146469
0.338585
0.193512
-0.402840
0.265427
0.071871
0.562515
0.115412
0.453812
0.090315
-0.303024
0.075991
-0.065842
0.015003
-0.297256
-0.213570
-0.312180
0.116724
-0.236061
0.293503
0.226547
-0.309555
0.438370
0.187126
-0.178921
0.159492
-0.238762
0.260513
-0.132668
-0.004038
-0.168900
-0.178741
-0.283249
-0.075781
-0.064569
-0.536850
-0.003921
-0.121489
0.198372
0.449890
-0.028758
-0.207058
0.423454
-0.094608
-0.092056
0.226593
0.208454
0.115202
0.240910
0.075203
-0.108721
-0.049570
-0.334755
-0.289780
0.235924
0.106138
0.487122
-0.003235
-0.150764
0.354462
-0.007269
0.195335
0.175713
0.324875
0.222355
-0.504257
0.307426
0.218437
-0.108727
-0.011207
0.048892
-0.037485
0.298363
-0.044677
-0.230080
0.105907
0.083923
-0.021627
-0.295921
-0.292587
0.051163
0.110359
-0.241768
-0.281189
-0.179432
-0.106236
-0.077072
-0.307709
-0.107058
0.289177
0.147144
-0.116739
-0.032508
0.224472
0.110140
-0.429581
-0.279785
-0.200233
-0.211548
-0.290138
-0.311852
-0.263062
0.191814
0.084890
0.211296
-0.040687
0.090389
-0.324211
-0.062315
-0.105127
0.000216
-0.008745
0.005218
0.275475
-0.191959
0.445213
0.272049
0.247990
-0.479904
0.062179
0.020144
-0.433159
-0.154964
0.086014
-0.208691
-0.044819
-0.441566
-0.488464
-0.144657
-0.035702
-0.159180
0.060127
-0.298759
-0.069784
0.145000
-0.087469
-0.110470
-0.281631
-0.311287
-0.173176
0.130257
0.304321
-0.083544
0.135471
0.065178
0.241512
-0.036721
-0.282608
-0.127914
0.100784
0.396980
-0.208179
0.287056
0.242027
0.397255
0.078379
-0.317413
-0.561722
0.209332
0.154942
0.017964
0.048140
0.217472
0.236221
-0.021636
-0.256958
0.249138
0.484909
-0.021569
-0.064568
-0.205292
0.008293
0.242161
0.230598
0.246178
0.407349
0.371323
-0.407959
0.024333
-0.371613
0.312256
-0.196098
0.035219
-0.018097
-0.471092
-0.084547
0.060281
-0.171097
-0.030878
-0.247410
-0.114136
-0.010896
-0.299667
0.000923
-0.291702
-0.321709
-0.256424
-0.040550
-0.353821
0.341835
-0.105114
-0.041705
0.349724
0.237438
0.088491
0.078888
0.025343
-0.159626
0.290749
-0.467354
0.085785
-0.014407
-0.048060
0.223804
-0.032508
0.000280
-0.480179
0.027376
0.444183
0.108376
0.399796
-0.287369
-0.002922
-0.519714
-0.186443
0.322792
-0.221592
0.176952
0.282234
-0.060407
-0.098646
-0.339508
-0.001713
0.251083
0.514938
-0.013626
-0.285042
-0.074720
-0.070837
-0.095079
-0.027461
0.012929
-0.009096
-0.073116
0.236729
-0.041988
-0.073236
0.275986
-0.014627
-0.146076
-0.132668
0.383148
0.184364
-0.035195
0.483253
-0.102488
0.287209
-0.255348
0.072430
0.052815
-0.215370
0.490425
0.229923
-0.315071
0.224865
0.127453
0.185905
-0.060569
0.050709
0.215454
-0.057275
0.025647
0.230793
-0.066370
-0.047861
-0.151924
-0.110390
0.496315
0.224461
-0.125019
-0.269196
-0.011019
-0.256882
-0.185238
-0.046215
0.226387
0.331703
0.241379
0.069000
0.404144
-0.323631
-0.246761
0.377922
-0.093704
-0.047229
0.085375
0.134136
0.141079
0.024808
-0.329773
-0.260880
-0.032470
-0.204121
-0.032113
0.416168
0.265045
-0.282021
-0.312042
0.242313
0.459457
-0.336662
0.490135
-0.066177
0.021842
-0.209705
-0.114807
-0.369583
0.222397
-0.390457
-0.300583
0.107103
-0.197060
-0.029940
-0.132389
-0.190369
-0.177567
-0.147411
-0.053823
-0.036490
0.494804
-0.386002
0.322456
-0.157101
-0.073097
0.189945
0.258667
-0.327095
0.008315
-0.053369
0.015611
-0.049247
0.229786
-0.111664
-0.115431
-0.366165
-0.321373
-0.230236
-0.117956
0.417648
-0.101646
0.098476
-0.090252
-0.198307
-0.031864
-0.222641
0.230747
-0.107016
0.249378
-0.442505
0.473907
0.124746
-0.211094
0.176533
-0.130722
0.333221
-0.148136
0.127941
0.006118
-0.142235
0.076984
0.021728
0.425919
-0.210255
-0.089941
-0.306915
-0.061430
0.107729
0.080257
0.438026
0.006334
-0.021387
0.021887
-0.083920
-0.221722
-0.012385
0.210842
-0.091372
0.498009
-0.056805
0.083139
0.354889
0.067551
-0.127956
0.014392
0.037216
0.102457
-0.134129
0.167572
0.208965
0.343445
0.244556
0.127884
0.151974
0.032276
0.040352
-0.154564
0.070845
0.045672
-0.074308
-0.106131
0.152405
-0.095705
0.432373
-0.029510
-0.317818
-0.097036
0.281334
0.208611
-0.216053
0.222515
0.291748
-0.378197
0.189671
-0.353241
-0.364182
0.126888
0.366638
0.121496
-0.322960
-0.039410
-0.154488
0.019962
0.088470
-0.102919
-0.465172
0.026019
-0.257492
0.122688
0.172089
0.184826
-0.083843
0.226097
-0.013295
0.448921
0.196583
-0.228306
-0.265144
-0.041116
-0.020096
0.136215
0.080608
0.269638
-0.141972
0.270279
0.433426
0.010848
-0.120251
0.185043
0.132336
0.172180
0.145245
-0.122549
-0.325272
0.131294
-0.225079
-0.273430
-0.357292
0.134850
-0.248722
0.331429
0.320061
-0.232182
-0.059901
0.306389
0.218773
0.136688
0.078064
0.470665
0.095182
0.055942
0.089453
-0.441620
0.327599
-0.052526
0.446465
0.243984
-0.041684
-0.291206
-0.188774
-0.009353
-0.016625
-0.143940
-0.131901
0.175121
0.090162
0.260437
-0.095898
0.249485
-0.221745
-0.344627
-0.036503
-0.002469
-0.059783
-0.093996
-0.213112
-0.360054
0.141056
-0.032250
0.009804
0.138260
0.023300
0.197624
0.312027
0.350891
0.044705
0.241062
-0.020133
0.520432
0.052650
0.308113
0.511093
-0.066391
-0.352470
-0.137844
0.108730
-0.363098
0.122986
0.010808
0.501785
-0.098761
-0.333817
-0.051736
-0.101229
0.223804
0.369255
0.303062
-0.136246
0.412346
-0.347000
0.493385
0.033182
0.193710
0.073591
-0.171822
-0.072823
0.118690
0.071650
-0.195374
0.122107
0.021494
0.215137
0.015769
-0.044902
-0.237720
0.394936
0.063431
0.014571
0.000911
-0.440369
-0.101061
0.418770
-0.259590
-0.152794
-0.199482
-0.035783
0.218864
0.105598
-0.169628
0.113789
0.273598
-0.294067
0.144943
-0.049719
0.294533
-0.026884
-0.120134
-0.104189
-0.058041
-0.215118
-0.082487
0.063848
-0.102390
-0.067118
0.018949
-0.240120
0.430626
0.084787
-0.225544
0.328720
0.159023
0.290413
0.132496
-0.000175
0.137997
-0.169411
-0.133938
0.356483
-0.063824
0.213459
-0.149181
0.212173
0.019787
-0.004231
0.062065
-0.303482
-0.031116
0.456924
0.212151
0.013650
-0.373589
0.029257
-0.022896
0.141434
0.064945
-0.001939
-0.098291
-0.124254
0.080830
-0.324234
0.204479
0.340240
-0.033431
-0.180061
-0.277344
-0.412453
0.270355
0.206120
-0.156372
0.204121
-0.097843
-0.205151
-0.100723
0.438965
0.408020
-0.038664
0.135872
-0.242920
-0.098764
-0.269409
-0.229275
0.044667
-0.142170
-0.252174
0.286491
0.439789
0.363297
0.087801
-0.301880
-0.173294
0.380989
-0.095001
0.266953
-0.169472
-0.176678
-0.110802
-0.065289
0.093277
0.097347
0.393730
0.299797
-0.000509
0.087786
0.197060
-0.178570
-0.123625
0.158394
-0.043089
0.253281
-0.038745
0.304901
0.023614
0.106314
0.162731
-0.228565
-0.224602
-0.014901
0.132713
-0.036801
0.300636
0.059807
-0.172451
0.303604
0.224339
-0.442703
0.028943
-0.401474
0.009415
0.122217
-0.306160
-0.214272
-0.097017
-0.306664
0.493332
-0.414963
0.031784
-0.147701
0.260460
0.089077
0.105570
-0.295311
0.391571
0.129574
-0.086584
-0.060707
-0.098997
-0.313210
-0.075607
0.036121
0.169415
0.222607
-0.006880
-0.003428
0.011611
-0.297157
0.068869
-0.576859
-0.181602
0.078279
0.162373
0.129650
-0.233986
-0.449249
-0.179035
0.359352
-0.347191
-0.044838
-0.407776
-0.087135
0.042219
0.317612
-0.380035
-0.181221
-0.170628
