0.660889
0.369354
0.661560
0.697510
0.364227
0.620239
0.397888
0.667297
0.548950
0.698608
0.534668
0.485046
0.522034
0.583862
0.514954
0.491364
0.359741
0.513428
0.446777
0.423615
0.283386
0.833130
0.590210
0.614868
0.513672
0.389709
0.260895
0.388916
0.653687
0.477966
0.703674
0.613586
0.433899
0.476288
0.421661
0.798096
0.206955
0.706665
0.578186
0.758240
0.401398
0.223404
0.353760
0.623291
0.392609
0.755432
0.414429
0.752808
0.379852
0.861633
0.877380
0.548767
0.692078
0.466095
0.161362
0.316681
0.441132
0.422272
0.591125
0.393402
0.487885
0.405334
0.418915
0.332489
0.770569
0.726501
0.243835
0.273865
0.429382
0.707642
0.329498
0.242645
0.516785
0.268616
0.279419
0.321350
0.435211
0.693848
0.773987
0.401520
0.552734
0.649841
0.537964
0.355835
0.412170
0.699341
0.560364
0.854431
0.234924
0.562195
0.358856
0.609558
0.855408
0.477600
0.353210
0.737000
0.201416
0.183594
0.308228
0.630737
0.891174
0.340302
0.876099
0.519714
0.608948
0.152847
0.727112
0.747437
0.432037
0.613892
0.734314
0.281555
0.561523
0.683533
0.522949
0.673523
0.496887
0.493958
0.524536
0.617371
0.758301
0.297546
0.337891
0.610901
0.660706
0.577820
0.758606
0.864807
0.463531
0.767029
0.793091
0.465302
0.692810
0.665344
0.283997
0.415710
0.818115
0.121613
0.748962
0.548096
0.622253
0.593811
0.415009
0.480011
0.390167
0.051971
0.150040
0.772949
0.245773
0.678040
0.387634
0.301514
0.675354
0.725525
0.612244
0.632385
0.299469
0.367371
0.494446
0.173752
0.248505
0.400818
0.528503
0.641052
0.176651
0.698120
0.642151
0.884277
0.706421
0.801819
0.428467
0.741638
0.394440
0.545593
0.218231
0.671326
0.597595
0.370575
0.855103
0.255280
0.159164
0.239273
0.144440
0.720154
0.376709
0.167404
0.464142
0.261993
0.537048
0.257690
0.439209
0.671082
0.358307
0.853333
0.309448
0.420532
0.661865
0.365112
0.601074
0.478912
0.464355
0.617249
0.217133
0.558655
0.574768
0.437653
0.641174
0.468567
0.509277
0.493561
0.309235
0.553955
0.732849
0.453644
0.385742
0.695251
0.623779
0.735474
0.371521
0.747375
0.878723
0.696289
0.529541
0.347534
0.660522
0.249634
0.656372
0.433044
0.501465
0.254761
0.324310
0.668396
0.872437
0.429260
0.637756
0.443237
0.567932
0.278534
0.498810
0.487915
0.068817
0.810303
0.627197
0.803894
0.561890
0.423706
0.911194
0.770935
0.155289
0.278778
0.628906
0.147293
0.386230
0.570251
0.380432
0.746643
0.408020
0.334259
0.475952
0.320221
0.591736
0.387909
0.688477
0.460236
0.229080
0.326233
0.317657
0.797058
0.490326
0.516296
0.281036
0.559143
0.623291
0.608032
0.774231
0.297974
0.618347
0.683777
0.066246
0.774048
0.548401
0.697510
0.808105
0.636780
0.564514
0.301331
0.679749
0.384460
0.521545
0.269653
0.292328
0.223831
0.658020
0.278687
0.687561
0.586914
0.490448
0.590637
0.380463
0.391449
0.403595
0.661438
0.653198
0.325470
0.267212
0.423462
0.324463
0.296265
0.404724
0.276215
0.066391
0.065956
0.384430
0.876770
0.703857
0.537781
0.175781
0.679932
0.622009
0.697388
0.649780
0.500244
0.810242
0.719666
0.781250
0.493896
0.302643
0.382172
0.495209
0.684204
0.475769
0.784424
0.342255
0.425140
0.809631
0.609436
0.735413
0.719482
0.791260
0.842651
0.108551
0.747131
0.908569
0.079964
0.734436
0.609009
0.617798
0.795715
0.700806
0.353088
0.490417
0.649109
0.264069
0.411224
0.364868
0.631775
0.790649
0.371246
0.427032
0.396881
0.351746
0.489349
0.179642
0.581787
0.500305
0.689514
0.488770
0.346191
0.823242
0.393311
0.299316
0.228485
0.551208
0.205612
0.308441
0.282898
0.110909
0.628296
0.664490
0.699585
0.277740
0.565613
0.460846
0.428497
0.564941
0.525513
0.173111
0.766296
0.782227
0.485657
0.750793
0.722107
0.675232
0.341644
0.715881
0.587402
0.328613
0.201202
0.819092
0.147949
-0.140060
-0.116081
-0.306366
-0.021017
-0.030638
-0.210556
0.153473
-0.152740
-0.264465
-0.035019
-0.238007
-0.173035
-0.231750
-0.150223
-0.073868
0.153763
0.122124
0.007904
0.011688
-0.042385
0.271576
-0.193863
-0.143768
-0.001532
0.005836
0.259796
-0.099464
0.101959
0.145248
0.218353
-0.045219
-0.141785
-0.188431
0.087837
0.274872
-0.219086
0.315002
-0.008211
0.064766
0.049450
-0.043213
0.264496
0.314117
-0.127396
-0.175873
-0.198013
-0.122917
-0.052021
0.249329
-0.109497
0.052605
0.083153
-0.303955
-0.092293
0.082733
0.141327
-0.122627
-0.016743
-0.194443
-0.126099
-0.089661
0.198074
0.021675
0.012025
-0.153503
-0.139450
0.231232
0.013917
-0.147659
-0.141678
-0.084808
0.098701
-0.165619
-0.060844
0.262024
-0.051945
0.032967
0.139099
0.043629
-0.008456
0.029013
0.095070
-0.216568
0.164505
-0.144821
-0.133820
-0.133026
-0.268005
0.287750
-0.037331
0.045311
-0.240219
-0.278137
0.214539
0.063652
0.007782
0.074532
0.004189
-0.126465
-0.073112
-0.137497
-0.063118
0.026165
0.133987
-0.123970
0.287628
-0.353912
0.054840
0.136581
0.126282
-0.243713
0.019760
0.074860
-0.168427
-0.253418
0.077606
0.133728
-0.096336
-0.188675
-0.016268
0.012775
0.145035
0.182953
-0.265900
-0.078110
-0.191666
0.031986
-0.003002
-0.041023
0.054810
-0.224274
0.259186
-0.298401
-0.198135
0.246201
0.013603
0.089493
0.329956
-0.219955
0.079628
0.017954
-0.025995
-0.190750
-0.054764
0.242172
-0.008189
0.024570
-0.060112
0.043045
-0.165817
-0.076904
-0.092308
0.126801
0.106064
-0.210663
-0.098900
-0.085602
-0.176941
-0.102478
0.163498
0.313873
0.111519
-0.015043
0.163025
0.351135
-0.206543
-0.113510
0.002911
-0.314850
-0.043350
0.082535
-0.007904
-0.068764
0.038250
-0.060978
-0.264893
0.030056
-0.037544
-0.034836
0.362671
0.234344
-0.110023
-0.020918
-0.076546
0.285614
0.058563
0.261658
-0.088440
-0.119530
0.012217
0.073349
-0.243362
0.271362
-0.379425
-0.080910
0.184738
-0.148239
0.096260
0.040073
-0.025398
-0.095261
-0.168671
-0.031616
-0.016438
0.159134
-0.093735
0.010539
0.041607
0.015732
-0.024878
0.114128
-0.187637
-0.134918
0.093231
0.172943
-0.137726
0.152328
-0.003064
0.062241
-0.257874
-0.428558
-0.302124
-0.061810
0.280487
-0.242096
0.147385
0.028095
0.047367
-0.194641
0.067596
0.313232
-0.141739
-0.099358
-0.157227
0.131958
0.059788
-0.103966
0.140778
-0.187592
0.201904
-0.029974
-0.074600
-0.275848
-0.166031
-0.127838
0.187225
-0.014185
-0.265594
0.184143
0.048046
-0.085754
0.193878
0.037777
0.141968
0.036644
-0.056770
-0.000199
-0.083427
-0.156952
0.095314
-0.015273
-0.134995
0.101135
-0.114616
-0.002658
0.233109
0.233597
-0.106621
-0.063835
0.193604
0.095306
-0.093811
-0.026899
-0.032982
0.032017
0.281860
-0.136475
0.016697
0.015671
0.049389
-0.223663
-0.071228
-0.195038
-0.039459
-0.075119
0.278229
-0.243774
0.214249
-0.241226
0.035263
0.018274
0.181229
-0.098022
-0.027021
0.064919
0.046921
-0.231613
0.008394
-0.057987
-0.005316
0.056095
0.037315
0.049019
-0.119514
0.005484
0.081017
0.309357
0.159164
-0.050446
-0.112694
0.208557
0.162460
0.106216
0.012408
0.122398
-0.260742
0.291718
-0.268921
0.101074
0.050522
-0.084419
-0.169083
-0.207687
0.107109
-0.197250
-0.142746
0.154037
0.008839
0.155792
0.095467
0.149963
-0.225830
0.134506
0.051380
-0.197769
0.139984
-0.305878
-0.178543
-0.138565
-0.208160
0.145355
-0.367706
-0.045712
-0.037441
0.082413
0.078400
-0.298187
-0.063576
0.099022
0.241150
-0.013618
-0.134109
0.362183
0.216415
-0.026991
-0.125778
-0.364044
0.274628
0.172058
0.231216
0.222549
0.031311
0.004259
-0.081787
-0.205719
-0.044178
-0.089966
-0.073883
0.065689
0.209778
0.155670
0.065186
0.132187
0.111107
0.027727
0.214020
0.041935
-0.124039
-0.137955
-0.297913
-0.030445
0.138535
0.006847
-0.106552
0.065422
0.127457
0.204254
-0.008487
-0.035629
-0.061382
-0.068535
-0.102669
0.119209
0.227585
0.105118
0.203064
0.035233
0.016851
-0.308563
0.100937
-0.225494
0.357147
-0.219269
-0.216278
-0.040855
0.333252
-0.094475
0.226501
-0.340576
0.092339
0.170853
0.162781
0.374573
0.351288
0.329254
-0.190277
0.111031
0.216980
-0.102989
0.481598
-0.155731
0.067200
0.276855
-0.054375
-0.044643
-0.032253
-0.070648
-0.000601
-0.398041
0.127716
0.074181
-0.008529
-0.029745
-0.245819
-0.325195
-0.070587
-0.012982
-0.317291
0.053501
-0.355560
-0.224899
0.123978
-0.293182
-0.467712
-0.041752
0.138885
-0.040211
0.068901
0.255127
-0.143570
-0.064514
0.199753
-0.073936
0.210342
0.147446
-0.219330
-0.338867
0.076759
-0.119545
-0.121552
-0.314514
-0.145737
0.389404
0.172760
-0.290802
0.164200
-0.000613
0.313660
-0.153091
0.153290
0.577942
0.141479
-0.240143
-0.232239
0.188370
0.237595
0.423279
0.148163
-0.310913
0.163773
0.007024
-0.377411
-0.155518
-0.167679
0.450378
-0.008092
-0.288635
0.113869
-0.034084
0.108856
-0.108429
-0.245819
0.061512
-0.336426
0.443604
-0.330078
-0.169815
-0.071632
0.603455
-0.322876
0.081657
0.561523
-0.183838
-0.256439
0.329315
0.006985
0.081146
0.135605
-0.361847
-0.332184
-0.217682
0.262146
-0.090118
0.143494
0.194901
-0.257172
0.035408
0.423248
-0.143661
0.101715
-0.087288
0.265350
-0.244858
-0.023357
0.029278
0.301544
0.163635
-0.142929
-0.389526
0.149261
0.154007
-0.408203
0.193832
-0.029797
-0.049641
0.423126
-0.022825
-0.068840
0.041313
0.234772
-0.298157
-0.276703
-0.020086
0.229141
-0.235626
0.074821
-0.028440
-0.100204
-0.119301
-0.171707
0.003962
0.413269
-0.523804
-0.240906
-0.227539
0.122978
0.060658
-0.064278
-0.017536
0.188171
-0.014997
0.033653
-0.119652
-0.438568
-0.096489
-0.068893
-0.532471
-0.018919
-0.034946
0.025873
0.215881
0.181900
-0.253235
-0.423676
0.410645
-0.386047
-0.348816
0.380157
0.030790
0.051311
0.108101
0.034336
-0.054470
-0.315247
0.312897
0.235031
-0.290253
-0.143860
0.168732
0.307159
0.044716
0.254120
-0.276520
0.025467
-0.182037
-0.272614
-0.143829
-0.199890
0.325897
-0.279144
0.445831
0.022701
-0.097618
-0.424774
0.118500
0.311005
-0.294220
0.387054
0.076149
-0.260986
-0.078629
0.284607
-0.226669
-0.133087
-0.128555
-0.431152
0.099533
-0.318451
-0.057602
-0.246307
0.089172
0.087509
-0.092972
-0.287750
0.012213
0.242004
-0.462372
-0.231979
0.144928
-0.134033
0.007936
-0.029064
-0.111694
0.008674
0.063179
0.006813
-0.295319
-0.230606
-0.121109
0.297913
0.125412
-0.201752
0.065552
-0.103249
0.284576
0.453979
-0.015012
-0.132843
0.135574
-0.072571
-0.479553
0.121933
0.531616
-0.053101
-0.065399
-0.073647
-0.330475
0.092049
0.311798
0.331451
-0.044403
-0.199280
-0.314972
-0.156082
0.328857
-0.251801
0.368134
0.033566
-0.382019
-0.370392
0.331451
-0.256592
0.044914
-0.220398
0.156738
0.227127
-0.281006
0.139771
0.096703
-0.145828
-0.450226
-0.384888
0.078888
-0.538025
0.179077
-0.088890
0.005743
0.368011
0.103172
0.217606
0.180435
-0.041576
0.017904
0.484863
-0.197281
-0.270660
0.333527
-0.346130
-0.237457
0.468506
-0.099495
0.094017
-0.407898
0.560791
-0.124367
-0.251099
0.172974
0.111656
0.508484
0.370026
-0.034161
-0.044094
0.502258
0.042740
-0.579712
0.164658
-0.044117
0.043434
-0.084732
0.059059
-0.356812
-0.421692
0.118294
0.180573
0.061165
-0.078964
-0.090042
0.294312
0.091911
-0.325104
0.143387
0.092819
-0.231445
0.352936
0.036209
-0.355835
0.204651
-0.307861
-0.143753
0.093307
-0.040176
-0.077515
0.049194
-0.052959
-0.135178
-0.530884
0.111687
-0.078918
0.031986
-0.075829
-0.017414
0.290619
0.019508
0.000490
0.471222
-0.433929
0.021925
-0.236221
0.375397
0.013059
0.056080
0.004220
0.103874
-0.076981
-0.160294
-0.477692
0.187042
-0.056004
-0.268097
-0.059521
-0.063065
0.308716
0.380005
-0.011810
0.255798
0.247269
0.074722
-0.251953
-0.349060
0.205124
0.289612
0.150589
0.397339
0.411926
-0.368317
0.251160
-0.124359
0.170593
0.115326
0.351410
-0.335388
-0.348083
-0.262146
0.285187
0.094376
0.097031
0.427307
0.281097
0.141418
0.159225
