0.660914
0.369369
0.661643
0.697518
0.364200
0.620161
0.397882
0.667302
0.548941
0.698631
0.534671
0.485035
0.522067
0.583871
0.514922
0.491396
0.359714
0.513420
0.446792
0.423620
0.283416
0.833137
0.590278
0.614894
0.513635
0.389694
0.260914
0.388910
0.653702
0.477953
0.703663
0.613616
0.433875
0.476278
0.421659
0.798074
0.206965
0.706714
0.578204
0.758208
0.401424
0.223400
0.353769
0.623318
0.392651
0.755416
0.414439
0.752812
0.379808
0.861678
0.877431
0.548777
0.692067
0.466090
0.161369
0.316675
0.441165
0.422282
0.591137
0.393420
0.487918
0.405326
0.418906
0.332490
0.770631
0.726565
0.243839
0.273847
0.429357
0.707596
0.329478
0.242651
0.516824
0.268627
0.279416
0.321345
0.435188
0.693855
0.773984
0.401549
0.552784
0.649796
0.538008
0.355824
0.412137
0.699376
0.560353
0.854474
0.234933
0.562188
0.358867
0.609576
0.855369
0.477600
0.353212
0.736973
0.201416
0.183604
0.308243
0.630773
0.891200
0.340298
0.876173
0.519722
0.608926
0.152839
0.727067
0.747416
0.432075
0.613878
0.734345
0.281557
0.561545
0.683498
0.522933
0.673510
0.496874
0.493984
0.524510
0.617361
0.758302
0.297549
0.337910
0.610922
0.660702
0.577847
0.758592
0.864867
0.463580
0.767110
0.793063
0.465306
0.692788
0.665314
0.284027
0.415714
0.818153
0.121620
0.748957
0.548098
0.622223
0.593827
0.415035
0.480020
0.390153
0.051969
0.150055
0.773027
0.245780
0.678039
0.387639
0.301506
0.675416
0.725549
0.612255
0.632369
0.299475
0.367373
0.494486
0.173753
0.248482
0.400824
0.528533
0.641098
0.176663
0.698114
0.642192
0.884290
0.706459
0.801847
0.428467
0.741682
0.394502
0.545631
0.218227
0.671380
0.597600
0.370584
0.855106
0.255251
0.159149
0.239271
0.144439
0.720118
0.376690
0.167392
0.464184
0.261992
0.537067
0.257671
0.439220
0.671102
0.358322
0.853306
0.309451
0.420537
0.661945
0.365090
0.601078
0.478929
0.464361
0.617227
0.217137
0.558690
0.574729
0.437667
0.641216
0.468580
0.509251
0.493573
0.309212
0.553953
0.732843
0.453651
0.385769
0.695361
0.623792
0.735506
0.371525
0.747412
0.878729
0.696298
0.529486
0.347576
0.660576
0.249635
0.656416
0.433047
0.501451
0.254745
0.324294
0.668388
0.872420
0.429286
0.637776
0.443227
0.567953
0.278545
0.498808
0.487902
0.068816
0.810322
0.627235
0.803961
0.561843
0.423702
0.911192
0.771016
0.155286
0.278796
0.628953
0.147290
0.386239
0.570310
0.380420
0.746643
0.408075
0.334259
0.475941
0.320224
0.591753
0.387918
0.688439
0.460251
0.229075
0.326216
0.317651
0.797027
0.490314
0.516286
0.281008
0.559129
0.623306
0.608071
0.774235
0.297976
0.618326
0.683808
0.066243
0.774059
0.548431
0.697498
0.808075
0.636800
0.564506
0.301322
0.679694
0.384451
0.521580
0.269635
0.292357
0.223859
0.658000
0.278667
0.687584
0.586902
0.490435
0.590616
0.380455
0.391447
0.403600
0.661463
0.653153
0.325459
0.267231
0.423467
0.324435
0.296255
0.404698
0.276231
0.066392
0.065957
0.384427
0.876769
0.703929
0.537788
0.175788
0.679875
0.622067
0.697369
0.649784
0.500251
0.810255
0.719655
0.781220
0.493918
0.302635
0.382180
0.495231
0.684263
0.475757
0.784384
0.342251
0.425161
0.809671
0.609482
0.735353
0.719486
0.791290
0.842627
0.108545
0.747157
0.908584
0.079973
0.734451
0.609039
0.617761
0.795792
0.700784
0.353102
0.490412
0.649122
0.264051
0.411192
0.364855
0.631824
0.790663
0.371239
0.427004
0.396867
0.351753
0.489314
0.179631
0.581859
0.500302
0.689577
0.488765
0.346180
0.823235
0.393329
0.299333
0.228478
0.551184
0.205616
0.308451
0.282886
0.110906
0.628341
0.664506
0.699545
0.277694
0.565616
0.460812
0.428471
0.564937
0.525494
0.173122
0.766298
0.782286
0.485678
0.750847
0.722169
0.675267
0.341624
0.715898
0.587439
0.328624
0.201188
0.819173
0.147937
-0.140035
-0.116075
-0.306365
-0.021024
-0.030639
-0.210553
0.153482
-0.152722
-0.264439
-0.035008
-0.237996
-0.173043
-0.231745
-0.150231
-0.073847
0.153757
0.122137
0.007922
0.011686
-0.042388
0.271557
-0.193843
-0.143753
-0.001553
0.005824
0.259812
-0.099471
0.101953
0.145239
0.218345
-0.045208
-0.141796
-0.188439
0.087847
0.274890
-0.219078
0.315004
-0.008204
0.064776
0.049431
-0.043212
0.264490
0.314098
-0.127380
-0.175875
-0.198035
-0.122910
-0.052027
0.249306
-0.109514
0.052584
0.083153
-0.303933
-0.092302
0.082733
0.141310
-0.122624
-0.016737
-0.194447
-0.126094
-0.089659
0.198055
0.021667
0.012035
-0.153518
-0.139443
0.231243
0.013910
-0.147647
-0.141690
-0.084812
0.098698
-0.165624
-0.060847
0.262027
-0.051941
0.032961
0.139118
0.043608
-0.008443
0.029027
0.095059
-0.216557
0.164514
-0.144820
-0.133824
-0.133020
-0.268020
0.287726
-0.037333
0.045306
-0.240220
-0.278122
0.214549
0.063659
0.007780
0.074529
0.004192
-0.126463
-0.073118
-0.137498
-0.063122
0.026157
0.134012
-0.123969
0.287608
-0.353929
0.054859
0.136592
0.126255
-0.243718
0.019753
0.074871
-0.168431
-0.253443
0.077627
0.133745
-0.096329
-0.188682
-0.016239
0.012780
0.145047
0.182961
-0.265918
-0.078114
-0.191667
0.031996
-0.003008
-0.041031
0.054820
-0.224278
0.259180
-0.298435
-0.198122
0.246192
0.013596
0.089486
0.329973
-0.219969
0.079635
0.017941
-0.025976
-0.190745
-0.054765
0.242169
-0.008188
0.024573
-0.060086
0.043059
-0.165820
-0.076902
-0.092314
0.126804
0.106059
-0.210655
-0.098886
-0.085608
-0.176949
-0.102471
0.163494
0.313871
0.111537
-0.015035
0.163012
0.351126
-0.206553
-0.113525
0.002902
-0.314867
-0.043361
0.082537
-0.007926
-0.068761
0.038235
-0.060980
-0.264878
0.030047
-0.037541
-0.034831
0.362663
0.234349
-0.110024
-0.020918
-0.076557
0.285592
0.058561
0.261690
-0.088439
-0.119522
0.012220
0.073345
-0.243361
0.271333
-0.379400
-0.080925
0.184749
-0.148243
0.096259
0.040074
-0.025400
-0.095255
-0.168655
-0.031616
-0.016439
0.159137
-0.093729
0.010525
0.041608
0.015729
-0.024882
0.114137
-0.187631
-0.134906
0.093220
0.172945
-0.137737
0.152357
-0.003075
0.062247
-0.257875
-0.428565
-0.302118
-0.061816
0.280478
-0.242098
0.147392
0.028094
0.047369
-0.194635
0.067592
0.313235
-0.141737
-0.099353
-0.157224
0.131957
0.059784
-0.103953
0.140773
-0.187608
0.201910
-0.029976
-0.074604
-0.275855
-0.166016
-0.127827
0.187224
-0.014196
-0.265604
0.184149
0.048051
-0.085769
0.193871
0.037776
0.141973
0.036639
-0.056745
-0.000192
-0.083420
-0.156953
0.095306
-0.015251
-0.134984
0.101145
-0.114604
-0.002651
0.233102
0.233604
-0.106604
-0.063835
0.193573
0.095306
-0.093812
-0.026898
-0.032973
0.032016
0.281851
-0.136459
0.016686
0.015671
0.049400
-0.223686
-0.071231
-0.195016
-0.039467
-0.075125
0.278200
-0.243788
0.214239
-0.241220
0.035259
0.018278
0.181239
-0.098016
-0.027020
0.064925
0.046910
-0.231627
0.008396
-0.057984
-0.005329
0.056102
0.037322
0.049012
-0.119506
0.005482
0.081027
0.309345
0.159157
-0.050439
-0.112694
0.208557
0.162451
0.106208
0.012408
0.122408
-0.260761
0.291741
-0.268957
0.101055
0.050522
-0.084412
-0.169090
-0.207659
0.107129
-0.197243
-0.142733
0.154039
0.008839
0.155796
0.095478
0.149953
-0.225812
0.134510
0.051388
-0.197741
0.139992
-0.305871
-0.178529
-0.138561
-0.208157
0.145353
-0.367714
-0.045706
-0.037439
0.082404
0.078412
-0.298200
-0.063565
0.099012
0.241141
-0.013620
-0.134110
0.362184
0.216431
-0.026980
-0.125769
-0.364012
0.274635
0.172071
0.231204
0.222537
0.031314
0.004259
-0.081796
-0.205722
-0.044196
-0.089957
-0.073882
0.065698
0.209769
0.155671
0.065184
0.132188
0.111098
0.027745
0.214016
0.041933
-0.124012
-0.137973
-0.297898
-0.030447
0.138541
0.006835
-0.106549
0.065416
0.127431
0.204259
-0.008463
-0.035643
-0.061380
-0.068526
-0.102663
0.119220
0.227576
0.105098
0.203055
0.035227
0.016851
-0.308537
0.100925
-0.225471
0.357157
-0.219235
-0.216294
-0.040843
0.333235
-0.094471
0.226510
-0.340549
0.092373
0.170843
0.162784
0.374569
0.351314
0.329235
-0.190275
0.111039
0.217020
-0.102980
0.481588
-0.155745
0.067255
0.276882
-0.054353
-0.044647
-0.032235
-0.070647
-0.000588
-0.398039
0.127725
0.074196
-0.008510
-0.029725
-0.245824
-0.325196
-0.070569
-0.012980
-0.317255
0.053529
-0.355549
-0.224882
0.123980
-0.293157
-0.467726
-0.041725
0.138882
-0.040196
0.068922
0.255118
-0.143569
-0.064490
0.199765
-0.073902
0.210373
0.147431
-0.219333
-0.338882
0.076784
-0.119529
-0.121529
-0.314529
-0.145725
0.389392
0.172765
-0.290765
0.164196
-0.000608
0.313667
-0.153059
0.153314
0.577941
0.141490
-0.240118
-0.232235
0.188373
0.237588
0.423274
0.148176
-0.310902
0.163784
0.007020
-0.377412
-0.155490
-0.167667
0.450373
-0.008059
-0.288627
0.113902
-0.034078
0.108863
-0.108412
-0.245804
0.061510
-0.336431
0.443588
-0.330039
-0.169824
-0.071627
0.603451
-0.322882
0.081686
0.561569
-0.183804
-0.256412
0.329333
0.006980
0.081177
0.135588
-0.361863
-0.332137
-0.217647
0.262177
-0.090118
0.143490
0.194902
-0.257157
0.035431
0.423294
-0.143647
0.101745
-0.087274
0.265353
-0.244843
-0.023353
0.029314
0.301549
0.163627
-0.142922
-0.389510
0.149275
0.154020
-0.408216
0.193824
-0.029784
-0.049627
0.423157
-0.022804
-0.068843
0.041333
0.234765
-0.298176
-0.276706
-0.020078
0.229118
-0.235627
0.074824
-0.028431
-0.100196
-0.119294
-0.171686
0.003961
0.413255
-0.523745
-0.240882
-0.227510
0.122980
0.060667
-0.064275
-0.017529
0.188176
-0.015000
0.033686
-0.119647
-0.438588
-0.096490
-0.068882
-0.532451
-0.018902
-0.034922
0.025902
0.215863
0.181902
-0.253216
-0.423647
0.410627
-0.386039
-0.348824
0.380176
0.030784
0.051314
0.108098
0.034353
-0.054471
-0.315255
0.312902
0.235039
-0.290255
-0.143843
0.168745
0.307216
0.044726
0.254137
-0.276510
0.025471
-0.182039
-0.272608
-0.143804
-0.199882
0.325902
-0.279118
0.445843
0.022726
-0.097608
-0.424784
0.118510
0.311000
-0.294196
0.387098
0.076176
-0.261000
-0.078608
0.284667
-0.226647
-0.133078
-0.128569
-0.431157
0.099549
-0.318431
-0.057588
-0.246314
0.089176
0.087529
-0.092961
-0.287725
0.012216
0.242020
-0.462353
-0.231980
0.144941
-0.134039
0.007941
-0.029039
-0.111706
0.008706
0.063196
0.006804
-0.295294
-0.230608
-0.121098
0.297902
0.125412
-0.201725
0.065549
-0.103255
0.284627
0.454000
-0.014980
-0.132843
0.135569
-0.072569
-0.479549
0.121941
0.531588
-0.053078
-0.065392
-0.073608
-0.330490
0.092078
0.311824
0.331471
-0.044373
-0.199275
-0.314980
-0.156078
0.328863
-0.251784
0.368137
0.033569
-0.382000
-0.370373
0.331471
-0.256588
0.044922
-0.220392
0.156784
0.227137
-0.281000
0.139784
0.096706
-0.145824
-0.450196
-0.384863
0.078922
-0.538039
0.179078
-0.088882
0.005765
0.368020
0.103196
0.217588
0.180451
-0.041569
0.017922
0.484902
-0.197255
-0.270627
0.333510
-0.346137
-0.237451
0.468529
-0.099490
0.094020
-0.407882
0.560824
-0.124353
-0.251098
0.172961
0.111667
0.508510
0.370059
-0.034157
-0.044098
0.502216
0.042745
-0.579726
0.164667
-0.044118
0.043451
-0.084725
0.059078
-0.356765
-0.421686
0.118294
0.180588
0.061196
-0.078961
-0.090039
0.294314
0.091922
-0.325078
0.143412
0.092824
-0.231451
0.352941
0.036235
-0.355804
0.204647
-0.307823
-0.143745
0.093333
-0.040176
-0.077510
0.049235
-0.052961
-0.135157
-0.530882
0.111706
-0.078882
0.032000
-0.075824
-0.017392
0.290627
0.019510
0.000510
0.471216
-0.433902
0.021941
-0.236235
0.375412
0.013078
0.056098
0.004216
0.103882
-0.076980
-0.160255
-0.477686
0.187039
-0.056000
-0.268098
-0.059510
-0.063059
0.308745
0.380000
-0.011804
0.255784
0.247255
0.074725
-0.251941
-0.349039
0.205098
0.289647
0.150588
0.397353
0.411961
-0.368333
0.251157
-0.124353
0.170627
0.115314
0.351451
-0.335333
-0.348020
-0.262137
0.285176
0.094431
0.097039
0.427314
0.281078
0.141431
0.159216
