0.481567
0.625732
0.499146
0.712524
0.162689
0.871704
0.410828
0.881958
0.390991
0.284546
0.545410
0.779907
0.626465
0.847534
0.650024
0.556396
0.293457
0.903687
0.634521
0.604248
0.546753
0.544067
0.329285
0.428528
0.634521
0.386597
0.538086
0.431519
0.507202
0.532349
0.398865
0.399963
0.746826
0.483459
0.110825
0.320129
0.465637
0.523315
0.313232
0.267212
0.507568
0.444031
0.045906
0.244598
0.287720
0.697021
0.687744
0.467102
0.597290
0.735718
0.660156
0.554810
0.391357
0.689331
0.572632
0.611572
0.188721
0.521606
0.454041
0.581665
0.641602
0.438293
0.393250
0.799561
0.333557
0.504517
0.115768
0.799194
0.613281
0.316833
0.955933
0.532715
0.460632
0.112198
0.663330
0.637695
0.694824
0.763794
0.690430
0.289307
0.611328
0.461121
0.429932
0.588501
0.563354
0.413269
0.496094
0.638672
0.636841
0.363159
0.330811
0.575806
0.687012
0.309937
0.671509
0.722656
0.517822
0.488770
0.819580
0.541626
0.805664
0.771484
0.372925
0.266174
0.769287
0.147858
0.789429
0.575684
0.497681
0.590332
0.450806
0.405151
0.465576
0.293762
0.404297
0.728638
0.408020
0.788818
0.363525
0.341187
0.851685
0.695435
0.616943
0.536377
0.416016
0.586426
0.669556
0.230011
0.187866
0.487610
0.660645
0.578857
0.369629
0.733765
0.730469
0.842163
0.767334
0.516113
0.414429
0.679077
0.520630
0.567261
0.195099
0.871582
0.560791
0.188263
0.596436
0.265015
0.087433
0.371826
0.309509
0.826294
0.178192
0.222565
0.473083
0.479797
0.396606
0.141052
0.413574
0.584473
0.330139
0.774170
0.461121
0.399597
0.503906
0.490051
0.352600
0.683594
0.418518
0.654785
0.472961
0.824585
0.332458
0.255737
0.692749
0.305115
0.330078
0.699829
0.455627
0.418640
0.657593
0.465027
0.355408
0.721191
0.576660
0.714111
0.315002
0.673462
0.855469
0.728516
0.555298
0.596313
0.499084
0.312500
0.584839
0.413696
0.502930
0.233551
0.507812
0.509155
0.889526
0.568970
0.444275
0.332458
0.711548
0.550049
0.523193
0.452209
0.247681
0.682007
0.571167
0.907593
0.443176
0.222748
0.625977
0.720093
0.233459
0.351746
0.690796
0.203033
0.376892
0.656860
0.384766
0.575806
0.557495
0.380188
0.285706
0.170898
0.617798
0.382935
0.681152
0.617798
0.248047
0.423950
0.249084
0.659302
0.561035
0.473206
0.223663
0.694214
0.451843
0.680298
0.712280
0.308105
0.789795
0.636719
0.325562
0.723022
0.688232
0.718506
0.625977
0.652832
0.672119
0.310425
0.639282
0.340027
0.390808
0.225189
0.398743
0.419189
0.608032
0.075912
0.624512
0.555908
0.500977
0.574585
0.627075
0.358215
0.344482
0.436096
0.754517
0.209290
0.412598
0.462769
0.402954
0.313354
0.211121
0.314209
0.148041
0.198303
0.143280
0.662231
0.852295
0.403015
0.383362
0.602417
0.628540
0.660767
0.827637
0.728394
0.667603
0.431763
0.692017
0.704590
0.399536
0.304016
0.575195
0.611938
0.249969
0.805298
0.344788
0.415649
0.599976
0.757324
0.579468
0.703003
0.771729
0.678955
0.431519
0.808105
0.576904
0.160187
0.766479
0.839844
0.450439
0.736572
0.439636
0.491882
0.508179
0.565918
0.216736
0.286316
0.409546
0.910034
0.876465
0.396667
0.212433
0.448181
0.419800
0.464050
0.366089
0.766968
0.465027
0.852051
0.520508
0.340698
0.854736
0.405334
0.430176
0.396790
0.209473
0.304443
0.442566
0.087708
0.255310
0.595093
0.824219
0.697266
0.384827
0.328369
0.375305
0.487000
0.617554
0.370117
0.395386
0.491028
0.767334
0.309326
0.827026
0.774902
0.658813
0.305237
0.537720
0.420105
0.153381
0.168640
0.761841
0.118652
0.460693
0.190796
0.100876
0.670166
0.495300
0.246735
0.643555
0.453857
0.138428
0.578613
0.147675
0.408752
0.319824
0.408447
0.596802
0.823975
0.478455
0.577637
0.311523
0.544189
0.772461
0.549194
0.315125
0.541748
0.439758
0.738525
0.373779
0.596680
0.908691
0.723877
0.715210
0.367859
0.325256
0.519531
0.924072
0.521484
0.652222
0.567017
0.561279
0.790527
0.441711
0.708984
0.785889
0.463074
0.229004
0.378784
0.283081
0.595337
0.658447
0.597046
0.841064
0.543091
0.142700
0.452393
0.383545
0.586060
0.302917
0.343079
0.293579
0.207733
0.477478
0.594116
0.575439
0.503662
-0.011213
-0.089828
0.105545
-0.202118
-0.016346
-0.222443
-0.125000
-0.216003
-0.103653
-0.068512
0.131104
-0.277710
-0.061180
0.063477
0.104782
-0.084778
0.156708
-0.029842
-0.264099
0.042343
-0.211334
-0.057289
-0.019119
-0.058395
0.090988
0.049080
-0.042953
-0.152557
-0.106888
0.187683
0.041145
0.173737
-0.194000
-0.143372
-0.029472
0.079865
0.071869
-0.153381
0.303284
0.258362
-0.074295
0.144287
-0.018730
0.302246
0.207733
0.085419
-0.220764
-0.071564
0.057289
-0.194153
-0.321045
0.136078
0.185699
-0.192566
-0.212402
-0.013481
0.293030
0.034744
0.125854
-0.251465
-0.068787
-0.123123
0.211761
0.029167
0.023071
0.184082
0.109024
0.094910
-0.259460
-0.026501
-0.084442
-0.044121
0.265381
0.334534
-0.177856
0.035355
-0.017647
-0.109650
-0.326294
0.039124
0.133392
-0.209595
-0.113174
0.030697
-0.113144
-0.035446
-0.130341
-0.258362
0.145782
0.284546
-0.072083
-0.071167
-0.276306
-0.148682
-0.189575
-0.106766
0.181213
0.068130
-0.158234
0.211975
0.041664
-0.242584
0.019150
0.307129
-0.345703
0.278442
-0.095215
0.073776
-0.119537
0.016239
-0.175507
-0.133728
0.095154
0.000306
0.187042
0.129547
0.111832
-0.380310
-0.128693
0.110077
0.051712
-0.201416
0.186493
-0.223419
-0.059959
-0.149506
-0.040009
-0.026257
0.355225
-0.199341
-0.253662
0.106796
-0.004228
-0.085175
-0.023834
-0.204071
-0.244415
-0.118973
-0.128540
-0.075546
0.185699
-0.157593
0.230103
-0.156921
-0.009712
0.125427
-0.027298
-0.045418
0.182739
0.133545
0.210541
-0.202118
0.371582
0.249451
0.012224
-0.126038
-0.191284
-0.028862
-0.004718
0.163910
-0.079483
-0.110809
0.124298
0.063873
-0.195953
-0.048195
0.299194
-0.149109
0.124084
-0.268188
0.213013
-0.127930
0.011948
0.151947
-0.283020
0.291809
-0.158569
-0.020222
-0.191315
0.023621
-0.175018
0.166748
0.259277
-0.241180
-0.023163
-0.166199
0.068787
-0.065231
-0.193359
0.064087
-0.049416
0.017281
-0.045006
-0.072647
-0.210724
0.049141
0.028492
-0.058998
0.190186
-0.138733
-0.327698
0.113693
0.171112
0.121994
-0.172607
0.177032
-0.023991
-0.040993
0.158020
-0.069397
0.131836
-0.018261
-0.050217
0.243561
-0.259949
0.075851
-0.068481
0.099014
-0.137482
0.174164
0.017250
0.103241
-0.098618
0.119888
-0.258911
-0.019180
0.021461
0.207306
-0.078156
-0.078461
0.068069
0.031799
-0.112320
0.090500
0.006802
-0.137360
-0.021416
0.129883
0.260498
-0.301086
-0.085419
-0.045403
0.118439
0.153412
-0.240051
-0.290161
0.081161
-0.160919
-0.043503
0.090195
0.160797
-0.317444
0.047607
-0.087097
0.092529
0.226410
0.043015
-0.033577
-0.005086
0.255005
-0.112045
0.063004
-0.004351
-0.076782
0.152954
0.149414
0.075485
-0.016022
0.133453
0.045830
-0.170593
0.337036
-0.147064
-0.052147
0.052727
0.052330
0.094879
-0.154541
0.328552
-0.095566
0.373352
0.052269
-0.413574
0.129639
0.255310
0.118317
-0.081589
-0.139923
0.084747
0.060356
-0.176147
-0.027298
-0.315491
0.110718
0.185516
0.276855
0.112595
-0.029167
-0.030422
-0.191711
-0.129181
0.090805
-0.144775
-0.276184
0.185638
0.057228
-0.076843
-0.156555
0.191101
-0.185455
-0.104599
0.274292
-0.280701
-0.228027
-0.032600
-0.316040
-0.110275
0.174805
-0.016605
-0.174194
0.236877
0.244965
0.088028
-0.079224
-0.081985
-0.017677
0.196503
0.032326
0.244965
0.167236
0.277222
0.114700
-0.032074
-0.303528
-0.161469
0.006005
-0.395569
0.200012
0.139587
0.233215
0.014599
-0.113113
0.069824
0.171021
0.098251
0.183746
-0.145050
-0.013174
0.212128
-0.161591
0.251465
0.011305
0.083939
0.049446
-0.069077
0.001409
0.033394
0.276123
-0.405029
-0.012806
0.005698
0.311035
0.101929
-0.173889
0.007552
0.378235
-0.168427
0.049698
0.139923
-0.028255
-0.007154
0.154480
-0.141357
0.208588
-0.112167
0.102753
0.246460
0.182220
0.091370
0.020893
0.309631
-0.094803
0.179169
-0.044609
0.102203
-0.179962
-0.041466
-0.013052
-0.341553
-0.156372
-0.025764
0.101868
-0.135406
-0.361511
0.217590
-0.129578
0.017830
-0.240448
-0.079895
0.156708
0.021477
0.058853
-0.124695
0.027145
-0.168549
-0.238495
-0.158508
0.077942
-0.203766
-0.067062
-0.191925
0.254578
0.275208
-0.012714
0.209961
-0.061363
-0.046265
0.167389
0.074265
0.051041
0.012775
-0.099030
0.004290
-0.124359
-0.021660
-0.066559
0.185547
-0.003784
-0.016850
-0.184418
0.152954
0.151611
-0.068130
0.132294
-0.076645
-0.229523
0.135956
0.112503
-0.105850
0.038033
-0.201935
0.455688
0.161407
-0.095963
0.282959
0.119995
0.210724
-0.247314
0.169220
-0.125366
-0.267700
0.323181
-0.386902
0.320923
0.505859
0.109161
-0.150848
-0.029480
-0.313843
-0.037979
-0.269592
0.080002
0.341614
0.178925
-0.304382
-0.252075
-0.052513
0.348694
-0.239899
-0.156311
0.286011
0.075241
-0.318054
-0.069565
-0.023064
-0.135437
0.050354
0.190063
-0.279907
0.319519
0.064285
-0.033020
0.126038
0.194427
0.189911
0.014557
-0.213440
-0.477966
-0.117371
-0.010263
0.000766
-0.286560
-0.449280
-0.174622
0.411926
-0.236938
0.092682
0.358887
0.111771
-0.147186
-0.314392
0.496155
0.028431
-0.113007
-0.190796
-0.094986
-0.148468
-0.040108
0.195526
0.086746
-0.237488
0.262268
-0.044304
-0.211792
-0.060692
-0.371826
0.317627
0.242889
-0.232269
0.303162
-0.386780
0.283508
-0.083771
-0.216248
0.209198
-0.189301
0.164276
-0.317505
-0.447327
-0.339355
0.154846
-0.244659
0.156860
0.183289
0.257690
-0.033958
0.188721
0.011351
0.026356
0.286194
-0.419373
-0.311462
0.031151
0.153748
-0.005867
0.485535
0.299011
-0.305542
0.113373
0.164673
-0.002415
0.343994
-0.169250
-0.083771
-0.489624
0.042137
0.243988
0.294189
0.241669
0.414001
-0.147614
0.394470
0.270142
-0.507812
0.477417
-0.089905
-0.441345
0.049103
0.021835
-0.414978
0.334900
0.119888
-0.209015
-0.253357
0.172852
-0.114548
-0.385315
-0.044731
-0.420044
0.345459
0.019615
0.096985
0.072540
-0.047150
-0.087494
0.200348
-0.105423
0.256836
-0.024498
0.134277
0.053474
-0.172119
-0.086655
-0.293762
-0.060432
-0.226654
-0.383667
0.113632
-0.278381
0.157288
0.217743
0.154968
0.176819
0.109039
-0.198792
-0.169373
-0.005760
-0.064682
-0.114090
0.091278
0.381165
-0.092041
-0.329163
-0.163635
-0.239563
-0.316345
0.137512
-0.244568
-0.159363
-0.504883
-0.110672
-0.105865
-0.057076
0.319702
-0.400085
0.499939
-0.423584
-0.266663
-0.004243
-0.084503
0.407776
-0.305603
0.072876
0.065094
-0.296875
-0.226288
-0.001463
0.212433
-0.190582
0.401489
0.305725
-0.426270
-0.308411
-0.025551
0.027428
0.069504
-0.339355
-0.452820
0.441956
0.018291
-0.337830
0.231323
0.529419
0.122147
0.034019
-0.487976
0.102676
0.127441
-0.137177
-0.001968
0.042961
-0.246429
-0.305176
0.015457
0.436035
0.013418
0.404175
-0.182831
-0.289246
-0.401367
0.120316
0.116821
-0.210663
-0.087677
-0.008961
0.331848
0.084702
0.267090
0.498901
-0.090775
-0.331909
-0.458374
-0.476929
-0.321594
0.280884
0.174988
-0.292542
0.283142
-0.315308
0.187744
0.379517
0.244659
-0.058632
0.074448
-0.258911
-0.240021
0.090256
-0.469666
0.096649
0.418579
-0.253967
-0.299988
-0.083969
0.050354
0.229767
-0.092957
0.482605
0.213654
0.076263
0.463989
0.024940
0.359314
-0.094742
-0.353943
0.040123
-0.332947
0.338074
-0.353149
0.050598
0.125519
-0.165314
-0.184875
-0.148804
-0.223999
-0.012022
0.111343
0.055435
-0.022488
0.259155
-0.364929
-0.122955
0.105423
-0.047913
0.309692
-0.361145
0.181854
-0.398254
-0.496460
-0.219482
-0.223969
0.485046
-0.096573
-0.482056
-0.126740
0.166962
0.075027
-0.357239
-0.009598
-0.275635
0.208374
0.015165
0.174408
0.023178
-0.234009
0.469849
0.013512
-0.022335
0.006319
-0.010891
0.236481
0.158020
-0.131836
0.239594
0.108154
-0.339172
-0.021690
0.289978
-0.119934
0.099808
-0.032196
0.173157
0.484375
-0.128693
0.310852
0.458069
-0.059753
0.285156
-0.518677
-0.069366
0.007567
0.309265
-0.054138
0.083603
0.432800
-0.290588
0.036552
0.444336
-0.310303
0.042450
-0.181885
0.024487
-0.318481
-0.213318
0.165680
-0.210327
0.064941
0.144135
-0.020664
-0.052567
0.143585
0.049942
0.118164
0.111069
-0.078766
0.429077
-0.047859
-0.038147
0.097229
0.050598
-0.208252
0.104416
0.460266
0.252625
0.288452
0.277954
0.064972
-0.292480
0.205353
-0.245819
0.365479
0.123840
0.295715
0.046951
-0.189789
-0.055588
-0.063019
0.394653
0.088974
-0.081650
-0.177399
0.232574
-0.033699
0.457825
-0.273315
-0.012407
0.271851
-0.221252
-0.050148
-0.148315
-0.170593
0.358948
-0.043900
-0.225037
-0.003707
0.146606
0.053032
0.061241
-0.047485
-0.361023
-0.186646
-0.297485
-0.335388
0.108749
0.366882
0.090225
0.053551
0.205536
-0.032616
0.041786
0.123932
0.307007
-0.242676
0.090256
0.149841
