0.481537
0.625610
0.499146
0.712585
0.162674
0.871704
0.410828
0.881958
0.390900
0.284546
0.545410
0.779846
0.626404
0.847595
0.649963
0.556396
0.293427
0.903748
0.634460
0.604309
0.546875
0.544067
0.329254
0.428528
0.634644
0.386536
0.538086
0.431458
0.507202
0.532288
0.398865
0.399933
0.746826
0.483368
0.110832
0.320221
0.465576
0.523193
0.313202
0.267181
0.507568
0.444000
0.045887
0.244583
0.287689
0.697083
0.687622
0.467102
0.597229
0.735596
0.660217
0.554871
0.391357
0.689331
0.572693
0.611328
0.188690
0.521484
0.454010
0.581421
0.641418
0.438263
0.393250
0.799500
0.333496
0.504517
0.115746
0.799133
0.613220
0.316833
0.955688
0.532654
0.460632
0.112190
0.663269
0.637756
0.694763
0.763916
0.690247
0.289276
0.611267
0.460999
0.429901
0.588440
0.563354
0.413300
0.496063
0.638794
0.636902
0.363129
0.330750
0.575867
0.686951
0.309875
0.671570
0.722595
0.517700
0.488739
0.819580
0.541626
0.805542
0.771423
0.372894
0.266144
0.769226
0.147858
0.789551
0.575684
0.497589
0.590332
0.450775
0.405121
0.465515
0.293701
0.404266
0.728699
0.408020
0.788635
0.363495
0.341187
0.851624
0.695496
0.616821
0.536255
0.415985
0.586243
0.669617
0.230011
0.187836
0.487549
0.660645
0.578735
0.369598
0.733765
0.730530
0.842102
0.767212
0.516052
0.414307
0.679016
0.520569
0.567200
0.195114
0.871643
0.560730
0.188232
0.596375
0.265015
0.087440
0.371796
0.309509
0.826233
0.178192
0.222610
0.473083
0.479767
0.396545
0.141068
0.413513
0.584351
0.330078
0.773987
0.461029
0.399506
0.503845
0.490082
0.352570
0.683472
0.418488
0.654724
0.473022
0.824646
0.332458
0.255798
0.692810
0.305084
0.330017
0.699890
0.455627
0.418640
0.657532
0.464935
0.355377
0.721191
0.576538
0.713989
0.315002
0.673340
0.855591
0.728577
0.555237
0.596375
0.499023
0.312561
0.584717
0.413666
0.502869
0.233551
0.507874
0.509094
0.889465
0.568909
0.444244
0.332428
0.711426
0.550049
0.523010
0.452179
0.247665
0.682007
0.571106
0.907471
0.443207
0.222733
0.625916
0.720032
0.233475
0.351654
0.690857
0.203018
0.376892
0.656738
0.384735
0.575745
0.557434
0.380157
0.285736
0.170868
0.617676
0.382843
0.681152
0.617676
0.248062
0.423889
0.249100
0.659302
0.560974
0.473145
0.223633
0.694092
0.451874
0.680237
0.712219
0.308075
0.789734
0.636719
0.325531
0.722961
0.688171
0.718506
0.625854
0.652771
0.672058
0.310364
0.639221
0.340027
0.390778
0.225174
0.398743
0.419189
0.608032
0.075928
0.624512
0.555908
0.500977
0.574585
0.627075
0.358215
0.344421
0.436096
0.754517
0.209290
0.412598
0.462738
0.402924
0.313324
0.211121
0.314270
0.148056
0.198318
0.143295
0.662231
0.852234
0.403015
0.383270
0.602539
0.628540
0.660767
0.827698
0.728271
0.667603
0.431732
0.692078
0.704407
0.399536
0.304047
0.575256
0.611938
0.249954
0.805237
0.344757
0.415619
0.599854
0.757385
0.579346
0.703064
0.771667
0.678772
0.431488
0.808044
0.576965
0.160156
0.766541
0.839844
0.450348
0.736328
0.439636
0.491913
0.508179
0.565857
0.216721
0.286346
0.409515
0.910034
0.876221
0.396698
0.212402
0.448090
0.419861
0.463959
0.366119
0.766907
0.464966
0.852051
0.520325
0.340607
0.854858
0.405334
0.430145
0.396820
0.209473
0.304474
0.442535
0.087715
0.255341
0.594971
0.824097
0.697327
0.384766
0.328339
0.375244
0.487061
0.617432
0.370117
0.395416
0.491028
0.767273
0.309296
0.826904
0.774780
0.658813
0.305237
0.537720
0.420044
0.153336
0.168655
0.761841
0.118675
0.460724
0.190781
0.100861
0.670166
0.495239
0.246689
0.643433
0.453857
0.138397
0.578491
0.147659
0.408752
0.319855
0.408478
0.596802
0.824036
0.478424
0.577637
0.311523
0.544250
0.772400
0.549133
0.315125
0.541809
0.439789
0.738403
0.373749
0.596558
0.908691
0.723694
0.715271
0.367767
0.325256
0.519409
0.924011
0.521423
0.652100
0.566895
0.561157
0.790588
0.441742
0.708801
0.785828
0.463043
0.229004
0.378693
0.283112
0.595215
0.658508
0.596985
0.840942
0.543091
0.142700
0.452393
0.383453
0.585876
0.302948
0.343018
0.293579
0.207718
0.477478
0.594238
0.575562
0.503662
-0.011198
-0.089813
0.105576
-0.202103
-0.016340
-0.222443
-0.125015
-0.215973
-0.103653
-0.068504
0.131104
-0.277649
-0.061169
0.063416
0.104782
-0.084740
0.156708
-0.029810
-0.264099
0.042339
-0.211365
-0.057323
-0.019102
-0.058395
0.090996
0.049065
-0.042953
-0.152542
-0.106865
0.187714
0.041176
0.173767
-0.193909
-0.143387
-0.029469
0.079872
0.071877
-0.153336
0.303345
0.258362
-0.074265
0.144302
-0.018728
0.302277
0.207733
0.085480
-0.220779
-0.071541
0.057323
-0.194138
-0.321014
0.136124
0.185699
-0.192535
-0.212402
-0.013450
0.293121
0.034775
0.125854
-0.251495
-0.068764
-0.123108
0.211838
0.029167
0.023085
0.184082
0.109039
0.094978
-0.259369
-0.026478
-0.084373
-0.044102
0.265381
0.334595
-0.177841
0.035416
-0.017647
-0.109604
-0.326233
0.039116
0.133392
-0.209549
-0.113167
0.030668
-0.113129
-0.035431
-0.130325
-0.258331
0.145767
0.284546
-0.072090
-0.071136
-0.276245
-0.148682
-0.189590
-0.106728
0.181274
0.068184
-0.158234
0.212006
0.041698
-0.242569
0.019194
0.307098
-0.345673
0.278503
-0.095192
0.073807
-0.119545
0.016298
-0.175507
-0.133713
0.095131
0.000322
0.187103
0.129593
0.111885
-0.380402
-0.128723
0.110077
0.051746
-0.201416
0.186493
-0.223404
-0.059940
-0.149506
-0.040012
-0.026249
0.355255
-0.199326
-0.253632
0.106819
-0.004213
-0.085190
-0.023775
-0.204041
-0.244400
-0.118996
-0.128540
-0.075508
0.185699
-0.157593
0.230194
-0.156860
-0.009727
0.125443
-0.027283
-0.045422
0.182770
0.133575
0.210541
-0.202072
0.371613
0.249451
0.012255
-0.126038
-0.191315
-0.028860
-0.004703
0.163940
-0.079498
-0.110817
0.124344
0.063866
-0.195969
-0.048161
0.299255
-0.149094
0.124115
-0.268097
0.213089
-0.127899
0.011964
0.151993
-0.283051
0.291779
-0.158585
-0.020189
-0.191330
0.023621
-0.175049
0.166794
0.259247
-0.241150
-0.023191
-0.166199
0.068810
-0.065178
-0.193329
0.064095
-0.049389
0.017309
-0.044991
-0.072624
-0.210663
0.049171
0.028477
-0.058990
0.190201
-0.138657
-0.327728
0.113724
0.171143
0.121964
-0.172562
0.177109
-0.023928
-0.041023
0.158020
-0.069412
0.131897
-0.018137
-0.050198
0.243561
-0.259888
0.075920
-0.068474
0.099052
-0.137436
0.174210
0.017279
0.103310
-0.098640
0.119865
-0.258881
-0.019163
0.021469
0.207321
-0.078171
-0.078461
0.068077
0.031864
-0.112320
0.090500
0.006817
-0.137329
-0.021385
0.129868
0.260498
-0.301086
-0.085403
-0.045311
0.118477
0.153412
-0.240021
-0.290100
0.081161
-0.160950
-0.043476
0.090164
0.160812
-0.317474
0.047611
-0.087090
0.092552
0.226440
0.043045
-0.033577
-0.005071
0.255035
-0.112022
0.063004
-0.004381
-0.076759
0.152939
0.149429
0.075493
-0.016024
0.133438
0.045849
-0.170624
0.337036
-0.147049
-0.052128
0.052711
0.052361
0.094910
-0.154556
0.328552
-0.095581
0.373352
0.052269
-0.413635
0.129654
0.255341
0.118355
-0.081573
-0.139908
0.084770
0.060326
-0.176132
-0.027283
-0.315491
0.110756
0.185501
0.276886
0.112625
-0.029137
-0.030399
-0.191681
-0.129150
0.090828
-0.144791
-0.276215
0.185684
0.057232
-0.076836
-0.156540
0.191116
-0.185379
-0.104568
0.274323
-0.280701
-0.228012
-0.032581
-0.316071
-0.110260
0.174850
-0.016560
-0.174210
0.236877
0.245041
0.088051
-0.079201
-0.081955
-0.017677
0.196518
0.032352
0.245026
0.167282
0.277252
0.114738
-0.032063
-0.303497
-0.161453
0.006051
-0.395538
0.199997
0.139618
0.233292
0.014606
-0.113098
0.069855
0.171051
0.098289
0.183746
-0.145035
-0.013144
0.212128
-0.161606
0.251526
0.011290
0.084007
0.049450
-0.069054
0.001471
0.033485
0.276184
-0.405029
-0.012775
0.005729
0.311096
0.101990
-0.173904
0.007560
0.378235
-0.168457
0.049709
0.139984
-0.028248
-0.007154
0.154602
-0.141357
0.208588
-0.112083
0.102821
0.246475
0.182297
0.091393
0.020895
0.309692
-0.094810
0.179199
-0.044609
0.102234
-0.179993
-0.041435
-0.013005
-0.341553
-0.156342
-0.025759
0.101898
-0.135406
-0.361481
0.217575
-0.129547
0.017893
-0.240433
-0.079842
0.156738
0.021477
0.058884
-0.124725
0.027145
-0.168533
-0.238510
-0.158493
0.077942
-0.203812
-0.067093
-0.191864
0.254608
0.275238
-0.012684
0.209991
-0.061367
-0.046215
0.167419
0.074326
0.051071
0.012787
-0.099014
0.004304
-0.124344
-0.021667
-0.066551
0.185562
-0.003776
-0.016834
-0.184433
0.152969
0.151627
-0.068123
0.132278
-0.076668
-0.229492
0.135956
0.112579
-0.105850
0.038132
-0.201920
0.455627
0.161407
-0.095894
0.283020
0.119904
0.210785
-0.247269
0.169205
-0.125397
-0.267700
0.323059
-0.386963
0.320862
0.505798
0.109108
-0.150803
-0.029507
-0.313843
-0.037983
-0.269562
0.080017
0.341614
0.179001
-0.304291
-0.252045
-0.052513
0.348724
-0.239914
-0.156342
0.286041
0.075233
-0.318115
-0.069572
-0.023058
-0.135452
0.050362
0.190125
-0.279938
0.319550
0.064354
-0.032986
0.126022
0.194443
0.189896
0.014497
-0.213440
-0.477905
-0.117378
-0.010286
0.000743
-0.286530
-0.449249
-0.174652
0.411865
-0.236954
0.092705
0.358978
0.111755
-0.147156
-0.314392
0.496155
0.028461
-0.113007
-0.190811
-0.094978
-0.148422
-0.040035
0.195526
0.086655
-0.237488
0.262299
-0.044270
-0.211823
-0.060684
-0.371796
0.317719
0.242905
-0.232239
0.303131
-0.386780
0.283508
-0.083778
-0.216187
0.209244
-0.189285
0.164291
-0.317474
-0.447357
-0.339325
0.154800
-0.244675
0.156815
0.183273
0.257721
-0.033970
0.188675
0.011351
0.026360
0.286285
-0.419373
-0.311493
0.031122
0.153748
-0.005875
0.485474
0.299011
-0.305573
0.113373
0.164703
-0.002398
0.344025
-0.169144
-0.083778
-0.489594
0.042103
0.243958
0.294128
0.241699
0.414062
-0.147583
0.394440
0.270172
-0.507751
0.477386
-0.089905
-0.441315
0.049046
0.021839
-0.414948
0.334961
0.119911
-0.209015
-0.253357
0.172882
-0.114487
-0.385284
-0.044727
-0.420044
0.345520
0.019619
0.096992
0.072540
-0.047112
-0.087509
0.200363
-0.105392
0.256866
-0.024529
0.134262
0.053497
-0.172119
-0.086639
-0.293762
-0.060432
-0.226654
-0.383636
0.113632
-0.278381
0.157272
0.217712
0.154922
0.176804
0.109100
-0.198776
-0.169342
-0.005760
-0.064651
-0.114082
0.091232
0.381256
-0.092049
-0.329163
-0.163635
-0.239548
-0.316254
0.137497
-0.244583
-0.159409
-0.504761
-0.110680
-0.105919
-0.057068
0.319702
-0.399994
0.499939
-0.423553
-0.266602
-0.004270
-0.084496
0.407715
-0.305573
0.072868
0.065079
-0.296844
-0.226303
-0.001459
0.212387
-0.190567
0.401459
0.305664
-0.426331
-0.308350
-0.025505
0.027462
0.069511
-0.339325
-0.452820
0.441986
0.018314
-0.337769
0.231323
0.529480
0.122192
0.034023
-0.487946
0.102684
0.127472
-0.137146
-0.001961
0.042965
-0.246429
-0.305115
0.015464
0.436096
0.013404
0.404175
-0.182800
-0.289154
-0.401337
0.120331
0.116920
-0.210663
-0.087654
-0.008954
0.331818
0.084663
0.267090
0.498840
-0.090736
-0.331940
-0.458374
-0.476837
-0.321564
0.280853
0.174973
-0.292511
0.283142
-0.315338
0.187759
0.379578
0.244705
-0.058659
0.074455
-0.258881
-0.239990
0.090286
-0.469666
0.096649
0.418579
-0.254028
-0.300018
-0.083977
0.050362
0.229767
-0.092903
0.482544
0.213654
0.076241
0.463959
0.024939
0.359283
-0.094749
-0.353943
0.040123
-0.332947
0.338074
-0.353119
0.050632
0.125519
-0.165344
-0.184814
-0.148834
-0.224014
-0.012021
0.111351
0.055477
-0.022472
0.259125
-0.364899
-0.122978
0.105492
-0.047894
0.309723
-0.361145
0.181839
-0.398193
-0.496429
-0.219437
-0.223969
0.485016
-0.096535
-0.482086
-0.126740
0.166977
0.075096
-0.357269
-0.009595
-0.275604
0.208359
0.015173
0.174454
0.023176
-0.234009
0.469910
0.013611
-0.022266
0.006323
-0.010884
0.236496
0.158051
-0.131836
0.239563
0.108177
-0.339172
-0.021568
0.290039
-0.119926
0.099831
-0.032200
0.173126
0.484436
-0.128738
0.310883
0.458130
-0.059742
0.285187
-0.518555
-0.069328
0.007545
0.309235
-0.054119
0.083633
0.432770
-0.290527
0.036503
0.444397
-0.310394
0.042488
-0.181900
0.024454
-0.318542
-0.213333
0.165741
-0.210342
0.064964
0.144150
-0.020657
-0.052563
0.143616
0.049953
0.118156
0.111053
-0.078789
0.429047
-0.047848
-0.038136
0.097237
0.050613
-0.208237
0.104408
0.460236
0.252625
0.288422
0.278076
0.064903
-0.292450
0.205429
-0.245819
0.365387
0.123924
0.295715
0.046936
-0.189804
-0.055592
-0.063011
0.394592
0.088974
-0.081612
-0.177383
0.232574
-0.033669
0.457855
-0.273376
-0.012462
0.271851
-0.221222
-0.050175
-0.148315
-0.170639
0.359009
-0.043896
-0.225006
-0.003692
0.146576
0.053032
0.061253
-0.047489
-0.360931
-0.186584
-0.297424
-0.335419
0.108765
0.366943
0.090179
0.053585
0.205551
-0.032623
0.041782
0.123962
0.307037
-0.242676
0.090263
0.149857
