0.481544
0.625671
0.499138
0.712540
0.162678
0.871689
0.410820
0.882019
0.390923
0.284546
0.545441
0.779877
0.626434
0.847626
0.649963
0.556351
0.293404
0.903702
0.634521
0.604279
0.546906
0.544052
0.329269
0.428543
0.634644
0.386566
0.538132
0.431503
0.507248
0.532303
0.398865
0.399933
0.746857
0.483376
0.110832
0.320213
0.465576
0.523270
0.313194
0.267197
0.507629
0.444008
0.045891
0.244576
0.287689
0.697037
0.687653
0.467094
0.597244
0.735626
0.660233
0.554840
0.391373
0.689316
0.572693
0.611389
0.188702
0.521515
0.454041
0.581482
0.641495
0.438278
0.393280
0.799469
0.333534
0.504562
0.115747
0.799133
0.613205
0.316795
0.955811
0.532700
0.460632
0.112196
0.663284
0.637787
0.694778
0.763947
0.690277
0.289268
0.611237
0.461021
0.429932
0.588455
0.563339
0.413315
0.496101
0.638763
0.636932
0.363129
0.330765
0.575836
0.686981
0.309883
0.671555
0.722626
0.517746
0.488747
0.819611
0.541641
0.805557
0.771454
0.372894
0.266174
0.769211
0.147854
0.789520
0.575684
0.497620
0.590317
0.450783
0.405128
0.465515
0.293709
0.404282
0.728683
0.408020
0.788681
0.363510
0.341202
0.851639
0.695450
0.616867
0.536301
0.416023
0.586273
0.669632
0.230007
0.187847
0.487602
0.660660
0.578766
0.369583
0.733826
0.730499
0.842102
0.767242
0.516098
0.414291
0.679031
0.520584
0.567215
0.195114
0.871658
0.560745
0.188240
0.596405
0.265007
0.087439
0.371765
0.309494
0.826263
0.178192
0.222603
0.473076
0.479774
0.396561
0.141064
0.413528
0.584412
0.330116
0.774017
0.461044
0.399529
0.503906
0.490097
0.352585
0.683472
0.418510
0.654739
0.473000
0.824631
0.332458
0.255791
0.692825
0.305069
0.330032
0.699905
0.455620
0.418640
0.657501
0.464951
0.355408
0.721268
0.576599
0.714035
0.315018
0.673401
0.855545
0.728546
0.555222
0.596375
0.499069
0.312523
0.584732
0.413681
0.502899
0.233555
0.507812
0.509079
0.889465
0.568939
0.444237
0.332458
0.711456
0.550064
0.523087
0.452187
0.247658
0.682007
0.571075
0.907471
0.443199
0.222740
0.625977
0.720032
0.233475
0.351685
0.690872
0.203018
0.376915
0.656799
0.384750
0.575790
0.557465
0.380180
0.285728
0.170872
0.617661
0.382851
0.681122
0.617645
0.248043
0.423912
0.249092
0.659332
0.560974
0.473160
0.223637
0.694183
0.451866
0.680283
0.712158
0.308060
0.789734
0.636673
0.325531
0.723038
0.688187
0.718521
0.625885
0.652771
0.672028
0.310364
0.639282
0.340004
0.390808
0.225178
0.398727
0.419151
0.608032
0.075926
0.624481
0.555893
0.501007
0.574570
0.627090
0.358223
0.344421
0.436096
0.754517
0.209286
0.412613
0.462761
0.402901
0.313316
0.211128
0.314255
0.148056
0.198311
0.143307
0.662247
0.852264
0.403015
0.383293
0.602509
0.628571
0.660828
0.827682
0.728287
0.667664
0.431770
0.692078
0.704437
0.399536
0.304062
0.575241
0.611984
0.249958
0.805237
0.344780
0.415627
0.599884
0.757385
0.579376
0.703064
0.771729
0.678818
0.431488
0.808060
0.576950
0.160164
0.766556
0.839890
0.450356
0.736389
0.439636
0.491913
0.508179
0.565857
0.216732
0.286346
0.409500
0.909988
0.876312
0.396706
0.212418
0.448090
0.419830
0.463989
0.366135
0.766907
0.464996
0.852036
0.520355
0.340614
0.854797
0.405334
0.430115
0.396820
0.209476
0.304466
0.442543
0.087715
0.255325
0.595001
0.824112
0.697235
0.384789
0.328346
0.375252
0.487068
0.617432
0.370132
0.395432
0.491005
0.767273
0.309288
0.826965
0.774780
0.658829
0.305237
0.537781
0.420067
0.153336
0.168652
0.761871
0.118670
0.460709
0.190788
0.100864
0.670181
0.495270
0.246700
0.643448
0.453880
0.138405
0.578522
0.147655
0.408745
0.319862
0.408470
0.596832
0.824020
0.478432
0.577637
0.311554
0.544250
0.772476
0.549210
0.315125
0.541824
0.439804
0.738449
0.373756
0.596619
0.908707
0.723724
0.715271
0.367798
0.325226
0.519455
0.923965
0.521469
0.652161
0.566971
0.561188
0.790558
0.441734
0.708832
0.785843
0.463036
0.229008
0.378738
0.283134
0.595276
0.658493
0.596985
0.841003
0.543106
0.142696
0.452370
0.383469
0.585983
0.302940
0.343048
0.293556
0.207729
0.477478
0.594223
0.575531
0.503708
-0.011198
-0.089806
0.105587
-0.202110
-0.016336
-0.222454
-0.125004
-0.215969
-0.103653
-0.068512
0.131104
-0.277664
-0.061187
0.063442
0.104765
-0.084724
0.156708
-0.029825
-0.264076
0.042364
-0.211334
-0.057307
-0.019106
-0.058410
0.090984
0.049062
-0.042957
-0.152534
-0.106878
0.187721
0.041169
0.173767
-0.193924
-0.143375
-0.029466
0.079880
0.071878
-0.153336
0.303322
0.258362
-0.074272
0.144295
-0.018730
0.302254
0.207745
0.085455
-0.220764
-0.071543
0.057338
-0.194126
-0.321030
0.136135
0.185699
-0.192558
-0.212410
-0.013442
0.293091
0.034773
0.125874
-0.251495
-0.068777
-0.123096
0.211830
0.029144
0.023089
0.184074
0.109035
0.094967
-0.259392
-0.026482
-0.084375
-0.044103
0.265388
0.334602
-0.177853
0.035424
-0.017647
-0.109604
-0.326241
0.039116
0.133404
-0.209560
-0.113169
0.030675
-0.113110
-0.035439
-0.130333
-0.258301
0.145771
0.284531
-0.072096
-0.071144
-0.276260
-0.148682
-0.189568
-0.106737
0.181259
0.068176
-0.158207
0.212006
0.041690
-0.242592
0.019194
0.307083
-0.345688
0.278481
-0.095198
0.073793
-0.119547
0.016268
-0.175518
-0.133717
0.095137
0.000318
0.187096
0.129589
0.111876
-0.380371
-0.128716
0.110075
0.051739
-0.201385
0.186508
-0.223385
-0.059930
-0.149498
-0.039989
-0.026248
0.355255
-0.199333
-0.253662
0.106821
-0.004220
-0.085178
-0.023798
-0.204044
-0.244400
-0.118990
-0.128540
-0.075529
0.185703
-0.157616
0.230175
-0.156876
-0.009716
0.125427
-0.027275
-0.045414
0.182770
0.133568
0.210526
-0.202065
0.371597
0.249462
0.012259
-0.126041
-0.191303
-0.028861
-0.004714
0.163956
-0.079489
-0.110796
0.124334
0.063868
-0.195972
-0.048169
0.299240
-0.149109
0.124104
-0.268135
0.213074
-0.127903
0.011960
0.151985
-0.283058
0.291794
-0.158581
-0.020197
-0.191326
0.023613
-0.175056
0.166775
0.259270
-0.241158
-0.023177
-0.166183
0.068800
-0.065197
-0.193336
0.064085
-0.049391
0.017310
-0.044991
-0.072628
-0.210670
0.049172
0.028489
-0.058993
0.190205
-0.138672
-0.327713
0.113726
0.171150
0.121960
-0.172581
0.177086
-0.023947
-0.041019
0.158031
-0.069401
0.131878
-0.018160
-0.050203
0.243568
-0.259888
0.075903
-0.068474
0.099051
-0.137440
0.174187
0.017276
0.103310
-0.098631
0.119860
-0.258873
-0.019164
0.021465
0.207325
-0.078156
-0.078465
0.068075
0.031847
-0.112312
0.090521
0.006815
-0.137314
-0.021385
0.129864
0.260506
-0.301064
-0.085400
-0.045313
0.118490
0.153393
-0.240032
-0.290100
0.081158
-0.160927
-0.043482
0.090166
0.160839
-0.317467
0.047603
-0.087070
0.092533
0.226440
0.043049
-0.033573
-0.005074
0.255028
-0.112036
0.063007
-0.004389
-0.076773
0.152954
0.149433
0.075476
-0.016008
0.133434
0.045849
-0.170628
0.337044
-0.147038
-0.052134
0.052727
0.052355
0.094894
-0.154541
0.328560
-0.095575
0.373329
0.052275
-0.413620
0.129673
0.255333
0.118340
-0.081594
-0.139904
0.084766
0.060332
-0.176140
-0.027271
-0.315506
0.110746
0.185516
0.276871
0.112597
-0.029148
-0.030404
-0.191677
-0.129150
0.090809
-0.144775
-0.276192
0.185673
0.057238
-0.076838
-0.156563
0.191120
-0.185406
-0.104561
0.274315
-0.280701
-0.228043
-0.032582
-0.316086
-0.110277
0.174828
-0.016560
-0.174213
0.236870
0.245007
0.088078
-0.079212
-0.081955
-0.017678
0.196529
0.032353
0.245026
0.167255
0.277260
0.114737
-0.032065
-0.303513
-0.161449
0.006036
-0.395561
0.200008
0.139614
0.233265
0.014606
-0.113094
0.069876
0.171036
0.098284
0.183739
-0.145046
-0.013128
0.212128
-0.161598
0.251503
0.011290
0.083984
0.049445
-0.069048
0.001455
0.033479
0.276184
-0.405029
-0.012760
0.005729
0.311073
0.101984
-0.173904
0.007560
0.378250
-0.168438
0.049710
0.139965
-0.028248
-0.007153
0.154572
-0.141338
0.208591
-0.112099
0.102812
0.246475
0.182285
0.091398
0.020891
0.309692
-0.094801
0.179176
-0.044616
0.102213
-0.180004
-0.041443
-0.013009
-0.341522
-0.156338
-0.025762
0.101923
-0.135395
-0.361496
0.217579
-0.129547
0.017892
-0.240417
-0.079838
0.156719
0.021469
0.058877
-0.124701
0.027129
-0.168530
-0.238503
-0.158485
0.077950
-0.203796
-0.067083
-0.191860
0.254601
0.275246
-0.012688
0.209991
-0.061385
-0.046247
0.167408
0.074318
0.051076
0.012789
-0.099014
0.004297
-0.124323
-0.021662
-0.066545
0.185551
-0.003774
-0.016828
-0.184414
0.152950
0.151642
-0.068094
0.132301
-0.076643
-0.229462
0.135963
0.112581
-0.105818
0.038138
-0.201900
0.455673
0.161411
-0.095879
0.283028
0.119955
0.210770
-0.247269
0.169216
-0.125374
-0.267685
0.323090
-0.386917
0.320877
0.505905
0.109137
-0.150803
-0.029488
-0.313850
-0.037957
-0.269547
0.080038
0.341606
0.178978
-0.304291
-0.252060
-0.052509
0.348694
-0.239883
-0.156315
0.286041
0.075237
-0.318054
-0.069567
-0.023058
-0.135433
0.050373
0.190125
-0.279892
0.319611
0.064358
-0.032976
0.126060
0.194450
0.189926
0.014536
-0.213428
-0.477905
-0.117371
-0.010250
0.000764
-0.286537
-0.449257
-0.174644
0.411888
-0.236919
0.092728
0.358986
0.111763
-0.147160
-0.314354
0.496185
0.028470
-0.112978
-0.190804
-0.094982
-0.148411
-0.040037
0.195526
0.086693
-0.237473
0.262291
-0.044271
-0.211807
-0.060663
-0.371758
0.317726
0.242920
-0.232254
0.303162
-0.386765
0.283508
-0.083763
-0.216190
0.209255
-0.189297
0.164303
-0.317451
-0.447327
-0.339333
0.154831
-0.244671
0.156853
0.183296
0.257751
-0.033961
0.188713
0.011353
0.026391
0.286270
-0.419380
-0.311470
0.031137
0.153767
-0.005865
0.485466
0.299026
-0.305542
0.113396
0.164753
-0.002391
0.344040
-0.169155
-0.083744
-0.489571
0.042125
0.243980
0.294174
0.241688
0.414062
-0.147587
0.394493
0.270180
-0.507767
0.477402
-0.089878
-0.441330
0.049082
0.021869
-0.414932
0.334938
0.119907
-0.209000
-0.253357
0.172886
-0.114462
-0.385300
-0.044724
-0.420021
0.345512
0.019628
0.097027
0.072533
-0.047114
-0.087511
0.200382
-0.105392
0.256874
-0.024509
0.134274
0.053514
-0.172089
-0.086626
-0.293724
-0.060429
-0.226646
-0.383598
0.113626
-0.278358
0.157295
0.217731
0.154976
0.176815
0.109121
-0.198784
-0.169353
-0.005744
-0.064646
-0.114079
0.091255
0.381264
-0.092037
-0.329140
-0.163631
-0.239548
-0.316254
0.137531
-0.244545
-0.159389
-0.504776
-0.110659
-0.105881
-0.057056
0.319733
-0.400002
0.499924
-0.423546
-0.266579
-0.004256
-0.084488
0.407722
-0.305565
0.072882
0.065102
-0.296844
-0.226292
-0.001443
0.212414
-0.190540
0.401489
0.305695
-0.426315
-0.308350
-0.025464
0.027475
0.069510
-0.339310
-0.452805
0.441978
0.018315
-0.337761
0.231316
0.529465
0.122202
0.034019
-0.487968
0.102692
0.127491
-0.137135
-0.001960
0.043004
-0.246433
-0.305115
0.015497
0.436081
0.013434
0.404205
-0.182777
-0.289154
-0.401352
0.120331
0.116924
-0.210644
-0.087622
-0.008936
0.331818
0.084692
0.267151
0.498848
-0.090742
-0.331970
-0.458351
-0.476837
-0.321541
0.280876
0.174984
-0.292488
0.283157
-0.315331
0.187786
0.379578
0.244694
-0.058642
0.074451
-0.258865
-0.239983
0.090296
-0.469666
0.096670
0.418549
-0.253998
-0.300026
-0.083961
0.050354
0.229767
-0.092897
0.482567
0.213669
0.076256
0.464012
0.024940
0.359299
-0.094746
-0.353912
0.040169
-0.332916
0.338081
-0.353119
0.050631
0.125561
-0.165325
-0.184799
-0.148804
-0.223972
-0.011976
0.111385
0.055470
-0.022470
0.259125
-0.364883
-0.122963
0.105513
-0.047880
0.309708
-0.361153
0.181892
-0.398201
-0.496391
-0.219452
-0.223961
0.485023
-0.096523
-0.482086
-0.126747
0.166973
0.075098
-0.357254
-0.009565
-0.275604
0.208370
0.015194
0.174458
0.023175
-0.234001
0.469902
0.013609
-0.022229
0.006335
-0.010882
0.236496
0.158081
-0.131821
0.239594
0.108181
-0.339134
-0.021569
0.290070
-0.119919
0.099850
-0.032196
0.173138
0.484482
-0.128727
0.310883
0.458130
-0.059746
0.285202
-0.518570
-0.069309
0.007573
0.309235
-0.054117
0.083649
0.432808
-0.290527
0.036535
0.444412
-0.310349
0.042480
-0.181881
0.024508
-0.318481
-0.213303
0.165726
-0.210308
0.064962
0.144161
-0.020646
-0.052546
0.143612
0.049970
0.118181
0.111057
-0.078762
0.429062
-0.047842
-0.038115
0.097237
0.050609
-0.208214
0.104412
0.460236
0.252663
0.288452
0.278046
0.064947
-0.292427
0.205414
-0.245804
0.365440
0.123928
0.295731
0.046944
-0.189781
-0.055565
-0.062977
0.394615
0.088985
-0.081596
-0.177376
0.232590
-0.033667
0.457817
-0.273376
-0.012433
0.271896
-0.221218
-0.050155
-0.148289
-0.170609
0.359055
-0.043882
-0.224968
-0.003684
0.146591
0.053063
0.061257
-0.047464
-0.360962
-0.186565
-0.297432
-0.335411
0.108767
0.366920
0.090197
0.053593
0.205578
-0.032607
0.041787
0.123964
0.307037
-0.242641
0.090302
0.149864
