0.750427
0.352478
0.257477
0.615967
0.391235
0.706421
0.566833
0.621521
0.264557
0.416290
0.382080
0.573364
0.856079
0.468384
0.768677
0.450012
0.538147
0.522888
0.449249
0.438141
0.322876
0.672729
0.723267
0.491119
0.765808
0.640564
0.443756
0.325073
0.128784
0.259369
0.546570
0.764832
0.315155
0.389404
0.493652
0.591980
0.206345
0.358002
0.801086
0.359192
0.476349
0.179764
0.632385
0.442932
0.347992
0.698547
0.192703
0.886169
0.220322
0.641907
0.321533
0.543274
0.429199
0.744690
0.620911
0.191055
0.381287
0.475342
0.516541
0.397888
0.322388
0.648499
0.574646
0.637573
0.452515
0.478973
0.225571
0.544434
0.425049
0.437897
0.904846
0.313293
0.317474
0.535522
0.642273
0.552185
0.530884
0.834839
0.434387
0.452179
0.591309
0.455719
0.697510
0.605896
0.497162
0.729065
0.207642
0.881775
0.202850
0.609802
0.390747
0.526428
0.557373
0.550659
0.460205
0.595215
0.029703
0.272308
0.551514
0.454742
0.598083
0.455170
0.768066
0.502075
0.401520
0.407562
0.467255
0.518921
0.355774
0.601440
0.673218
0.243332
0.357391
0.666931
0.849182
0.554321
0.393280
0.353119
0.432281
0.481750
0.663086
0.709717
0.593506
0.217773
0.673889
0.465576
0.812988
0.703613
0.326019
0.477356
0.570251
0.623901
0.517944
0.334412
0.537109
0.506409
0.742432
0.589844
0.725098
0.510071
0.491425
0.394897
0.453217
0.848816
0.172394
0.299683
0.399231
0.454010
0.352631
0.245712
0.636780
0.315552
0.655701
0.643677
0.118698
0.625854
0.694580
0.633850
0.441223
0.431396
0.698181
0.711304
0.353210
0.326691
0.156250
0.778137
0.532898
0.787659
0.779846
0.669312
0.408295
0.567505
0.177002
0.449127
0.412476
0.236130
0.634460
0.813965
0.690125
0.401672
0.645508
0.440155
0.302643
0.597473
0.381317
0.421814
0.337402
0.186493
0.351868
0.778687
0.507324
0.460754
0.488373
0.746216
0.488892
0.530151
0.634888
0.318085
0.729004
0.413086
0.876404
0.724976
0.680969
0.638794
0.472046
0.391968
0.286072
0.517212
0.318146
0.565063
0.504272
0.849182
0.301514
0.218079
0.444031
0.382660
0.527710
0.781433
0.456299
0.580505
0.858643
0.259918
0.743896
0.343079
0.708130
0.528992
0.283966
0.453583
0.736145
0.601929
0.164124
0.723450
0.623596
0.732849
0.658508
0.206177
0.237015
0.645569
0.424347
0.440674
0.507324
0.342102
0.286041
0.808899
0.446899
0.730042
0.603882
0.674377
0.509888
0.647827
0.253357
0.364624
0.907776
0.294708
0.707764
0.726501
0.523560
0.289154
0.478668
0.556396
0.302185
0.228134
0.275970
0.625549
0.373383
0.046215
0.718506
0.495911
0.580139
0.255676
0.521973
0.498199
0.483337
0.507874
0.720093
0.515625
0.351868
0.320129
0.304047
0.747314
0.078522
0.443420
0.523865
0.688477
0.738098
0.342102
0.711243
0.559509
0.631226
0.776428
0.817932
0.521057
0.303619
0.505859
0.444122
0.376831
0.439972
0.275391
0.460449
0.430817
0.417053
0.393158
0.628845
0.785950
0.604309
0.459961
0.413757
0.252441
0.783569
0.603333
0.110275
0.447876
0.457489
0.634094
0.433777
0.896973
0.562683
0.444061
0.454895
0.490234
0.331024
0.269012
0.423645
0.635864
0.660461
0.455444
0.600281
0.800232
0.616821
0.472687
0.342010
0.444641
0.451202
0.269409
0.815918
0.466187
0.730530
0.340240
0.604187
0.510620
0.646057
0.715637
0.846313
0.100853
0.460266
0.390594
0.296417
0.319244
0.835754
0.451202
0.513245
0.465912
0.720215
0.522217
0.687073
0.492401
0.388428
0.285126
0.706116
0.705017
0.643311
0.634705
0.735046
0.508057
0.603943
0.547546
0.271667
0.333282
0.301971
0.578430
0.429199
0.244354
0.704773
0.387238
0.345642
0.754272
0.076393
0.341888
0.184097
0.912598
0.679077
0.697327
0.375824
0.811157
0.332428
0.650635
0.302399
0.721191
0.346497
0.419281
0.424683
0.692383
0.639282
0.456451
0.612305
0.657410
0.303741
0.583679
0.401337
0.305511
0.572876
0.531555
0.550293
0.277649
0.217361
0.482483
0.731812
0.294189
0.712280
0.326630
0.204132
0.503052
0.613220
0.282074
0.427521
0.356354
0.632507
0.729919
0.664124
0.680481
0.734497
0.385559
0.783508
0.785706
0.430878
0.391937
0.439209
0.434387
0.274231
0.540894
0.625488
0.548584
0.370972
0.761169
0.411591
0.588867
0.354218
0.554077
0.583984
0.478821
0.468384
0.487915
0.683960
0.492340
0.655579
0.407745
0.435699
0.584290
0.133759
0.396118
0.677734
0.279022
0.369324
0.458618
0.650085
0.499969
0.738342
0.502808
0.819885
0.714111
0.341064
0.556458
0.258728
0.297455
0.729492
0.672668
0.472809
0.194702
0.222809
0.467529
0.261200
0.391022
0.843262
0.355896
0.470337
0.494934
0.349457
0.202286
0.492767
0.483215
0.300476
0.757080
0.649414
0.370026
0.212265
0.595825
0.756775
0.361328
0.095848
0.687683
0.775208
0.439209
0.656006
0.446991
0.322479
0.496033
0.704956
0.208298
0.276093
0.338501
0.561829
0.538452
0.619019
0.515625
0.191086
0.199875
0.309631
0.541748
0.404449
0.503357
0.910522
0.290314
0.256622
0.670471
0.660400
0.468903
0.266266
0.528137
0.532776
0.362122
0.627747
0.305328
0.501648
0.394257
0.638306
0.711975
0.475647
0.755188
0.332184
0.752197
0.796265
0.593811
0.589233
0.525879
0.698669
0.481293
0.611267
0.118881
0.321594
0.601074
0.507874
0.228668
0.302124
0.464264
0.602417
0.074669
0.633423
0.868713
0.488373
0.463684
0.227341
0.226593
0.771240
0.616821
0.506409
0.520142
0.439331
0.567383
0.274170
0.471344
0.319183
0.771423
0.363007
0.908813
0.293365
0.472443
0.686462
0.791321
0.476929
0.593811
0.505310
0.685791
0.525818
0.808594
0.146103
0.424500
0.771057
0.193726
0.289703
0.369995
0.357239
0.216888
0.600037
0.425232
0.533508
0.102577
0.647461
0.383575
0.559448
0.622681
0.741577
0.289368
0.690308
0.517700
0.194336
0.280029
0.575562
0.582214
0.771179
0.754578
0.174484
0.573914
0.436462
0.700317
0.495819
0.586487
0.824585
0.263031
0.665771
0.814148
0.633545
0.319702
0.327301
0.529785
0.447021
0.863098
0.521851
0.505249
0.243988
0.492065
0.424591
0.399109
0.481262
0.700378
0.502197
0.375854
0.392761
0.663574
0.254364
0.749390
0.528748
0.429962
0.622253
0.265381
0.715637
0.817932
0.737366
0.651978
0.377228
0.513672
0.462677
0.422577
0.833313
0.793457
0.654968
0.390930
0.653198
0.587585
0.481995
0.596924
0.779419
0.493164
0.581421
0.256775
0.604248
0.380371
0.633850
0.696838
0.156815
0.473511
0.746338
0.686768
0.905762
0.479156
0.537415
0.733093
0.294373
0.685608
0.684143
0.671509
0.310242
0.557556
0.679993
0.442169
0.347046
0.446625
0.719116
0.701172
0.619568
0.614075
0.597168
0.696472
0.517944
0.590454
0.653015
0.121796
0.672974
0.283325
0.704590
0.416290
0.171036
0.561523
0.399780
0.073349
0.338135
0.350250
0.691956
0.518066
0.736145
0.486694
0.300110
0.344910
0.343994
0.683472
0.486877
0.276886
0.426300
0.316559
0.680237
0.344452
0.515930
0.274567
0.151428
0.333679
0.865479
0.219070
0.155762
0.534546
0.502380
0.271118
0.951355
0.673462
0.836121
0.463928
0.633545
0.759644
0.399567
0.438843
0.390503
0.546387
0.337463
0.576172
0.476715
0.267273
0.556335
0.374756
0.546448
0.395660
0.579163
0.524170
0.441559
0.507446
0.799133
0.478485
0.426514
0.660706
0.697632
0.582214
0.193665
0.199554
0.555542
0.845947
0.573303
0.387695
0.305939
0.505310
0.558044
0.592651
0.645203
0.533813
0.137451
0.279419
0.224518
0.615723
0.549011
0.780823
0.578186
0.680847
0.763000
0.269012
0.315460
0.200638
0.361816
0.225143
0.681885
0.490936
0.585632
0.676880
0.483887
0.780884
0.576721
0.625183
0.625244
0.448547
0.424744
0.227921
0.654968
0.570984
0.822876
0.711365
0.516663
0.847107
0.401398
0.326569
0.573425
0.535706
0.220230
0.262146
0.627380
0.569092
0.417114
0.643799
0.182755
0.781311
0.754883
0.162094
0.568481
0.640320
0.539307
0.638184
0.417328
0.529053
0.377380
0.339325
0.388336
0.687683
0.455109
0.339508
0.254730
0.275299
0.461517
0.473969
0.232941
0.448273
0.800476
0.806824
0.571716
0.318634
0.367493
0.610962
0.300720
0.485626
0.253571
0.370178
0.563599
0.304779
0.532715
0.833069
0.241379
0.482788
0.584106
0.661438
0.897339
0.257812
0.586182
0.281769
0.645813
0.453217
0.508118
0.314667
0.728516
0.669861
0.374023
0.546814
0.706970
0.472382
0.466431
0.689941
0.493195
0.419769
0.296936
0.679443
0.316071
0.436096
0.749512
0.583008
0.744385
0.278351
0.412689
0.685974
0.346497
0.293121
0.344727
0.242218
0.552551
0.343933
0.525208
0.611328
0.682678
0.735779
0.511414
0.409576
0.401703
0.772522
0.066917
0.404968
0.355560
0.419342
0.392334
0.734253
0.250977
0.277405
0.409821
0.454926
0.714661
0.456726
0.738159
0.455505
0.435364
0.447174
0.440063
0.670837
0.743835
0.784790
0.324280
0.406891
0.126007
0.734924
0.603638
0.811035
0.466888
0.702026
0.332306
0.282776
0.585083
0.284760
0.573792
0.239288
0.407410
0.668274
0.384247
0.658325
0.357544
0.381775
0.813599
0.657959
0.838623
0.849182
0.526550
0.573608
0.409271
0.377319
0.355499
0.149185
0.748718
0.679810
0.556580
0.877014
0.526428
0.749023
0.684143
0.406799
0.561523
0.601807
0.575134
0.445251
0.587524
0.735474
0.684570
0.406036
0.514648
0.064919
0.363007
0.757690
0.446686
0.761963
0.414124
0.399689
0.609619
0.351379
0.858887
0.316315
0.315277
0.625061
0.465942
0.174530
0.300903
0.609009
0.162079
0.713379
0.468536
0.731750
0.117378
0.443542
0.445221
0.392334
0.888855
0.331726
0.426788
0.870117
0.737793
0.528015
0.634949
0.686218
0.698792
0.380585
0.747131
0.110558
0.780212
0.468445
0.461914
0.635193
0.043598
0.137329
0.085617
-0.243378
0.172195
-0.009834
0.064491
0.099480
0.118736
-0.141098
0.132401
-0.004228
-0.226334
-0.104965
0.111885
-0.034298
0.059376
-0.104828
-0.078293
-0.016712
-0.064384
-0.230698
-0.271027
0.111488
-0.033394
0.145950
0.202286
0.175842
0.214554
-0.021416
0.049511
-0.179581
0.261810
-0.155014
0.013649
-0.003768
0.272858
-0.070023
-0.195511
-0.045559
-0.064659
-0.061405
0.097794
0.146698
-0.018780
0.061550
-0.036896
0.040596
-0.042709
-0.115196
0.023285
-0.107109
0.091820
-0.100136
-0.286346
0.058411
0.045818
0.206085
0.235931
-0.178482
-0.106590
-0.004657
-0.068474
0.155182
0.130447
0.235275
0.151459
-0.034389
-0.124313
0.247787
-0.080513
0.100578
0.333954
0.016130
-0.188721
-0.123116
-0.068169
-0.225632
-0.082550
0.036106
0.096909
0.088295
0.075432
-0.101395
-0.157700
0.079292
0.247116
-0.113602
0.284210
0.045372
0.147339
0.177063
-0.106293
-0.211304
0.184662
-0.265991
0.023975
0.045422
-0.010815
-0.100342
-0.145630
-0.090736
0.000245
-0.102402
0.215530
-0.189041
0.063484
-0.143356
0.023636
0.128510
0.039185
-0.027044
0.069221
-0.032906
-0.128464
0.059101
0.045788
-0.028921
-0.054489
-0.107712
0.165741
-0.345428
-0.220779
0.058876
-0.266052
0.253418
-0.207077
-0.242065
0.009314
0.218689
-0.052834
0.011244
-0.162170
-0.052574
0.200684
-0.235641
-0.239899
-0.025949
-0.231415
0.073288
-0.045052
-0.190521
0.193817
0.024204
0.214279
0.064774
0.083290
-0.177078
0.183456
0.317230
-0.137787
0.199905
0.121078
-0.067848
-0.031349
-0.292542
-0.104553
-0.092003
-0.097481
0.194916
-0.162292
-0.002727
0.059711
0.113251
0.382385
-0.178452
0.025154
-0.296936
0.085144
0.085602
0.214066
-0.107475
0.331635
0.116608
-0.083267
0.107666
-0.256378
-0.001134
-0.069458
0.217239
0.027697
0.231094
0.126999
0.001164
0.015059
0.097366
0.144608
0.348236
-0.142197
0.047119
0.105423
-0.014354
0.043274
-0.272614
0.247604
-0.012040
-0.013328
0.125198
-0.017157
0.070694
-0.228622
-0.094360
0.112534
-0.187103
-0.124199
-0.119476
0.212402
-0.090424
0.318268
-0.148865
-0.163315
-0.091759
-0.065353
0.255524
-0.091202
0.097290
-0.085953
0.053463
0.008931
-0.081177
-0.048130
-0.033249
0.052635
-0.004887
-0.159409
0.152649
0.273224
0.265015
-0.161575
-0.035755
0.187531
0.049202
-0.275940
-0.138794
-0.285492
0.037537
0.180573
0.073929
0.094131
0.061108
-0.220825
0.221527
-0.030668
-0.286194
0.038773
-0.121857
0.102356
0.100395
-0.069550
-0.179993
0.018091
-0.117691
-0.213211
-0.077446
-0.122597
0.065071
0.222794
0.002466
0.181381
-0.084648
0.258575
0.078766
-0.035446
0.130173
0.231232
0.116203
-0.270599
-0.025904
-0.246994
0.260132
-0.254944
-0.177689
0.043934
-0.138016
-0.174881
-0.207428
0.176117
-0.072517
0.328979
-0.331116
0.185211
-0.088966
-0.159286
0.118446
-0.166412
0.155853
0.035969
-0.090027
0.158310
-0.073410
-0.028248
0.125610
-0.141632
0.225876
0.107613
0.237198
-0.096764
0.273590
-0.079994
-0.053631
0.097717
-0.044792
-0.083748
-0.296051
-0.036980
0.180801
-0.064636
-0.008402
0.106590
-0.173370
0.098175
0.003370
0.027803
-0.061123
-0.026348
0.010110
-0.195984
-0.137405
-0.081047
-0.185226
0.226898
-0.109291
0.231613
0.084709
-0.321136
0.047977
0.030638
-0.270355
-0.114433
0.240189
0.115440
0.273407
-0.094757
-0.117020
-0.312775
0.158447
0.063171
0.060310
-0.287689
0.171478
0.035080
-0.190109
-0.264008
0.062290
0.186523
0.147339
-0.076317
-0.157028
0.009375
-0.009789
-0.194702
0.089264
-0.119102
-0.253143
-0.116173
-0.003079
0.084923
-0.084404
0.017279
0.118073
-0.281891
-0.157974
0.101349
-0.085983
-0.127457
-0.209747
-0.075699
-0.063667
0.138992
-0.215225
-0.182343
0.026501
-0.115196
-0.009192
0.090485
-0.218781
-0.010552
0.161743
0.061878
0.000521
-0.284027
-0.132812
0.089218
-0.113541
0.050598
-0.318207
-0.116074
0.137222
-0.112495
0.191345
0.254181
-0.246277
-0.256775
0.209656
-0.042694
-0.095787
-0.149368
0.029198
0.130661
0.137192
0.104118
0.095375
0.165405
-0.011075
-0.062546
-0.034805
-0.082306
-0.071381
-0.311920
0.269714
-0.071449
-0.158798
-0.153229
0.164215
0.165924
0.187485
-0.006434
0.049847
0.034008
0.029779
-0.048927
0.142303
0.073654
-0.016176
0.060112
0.030973
-0.111954
0.058319
-0.088524
0.168015
-0.242203
0.164276
0.114677
-0.366943
-0.136932
0.053829
0.035969
0.070923
0.129456
0.015334
0.049343
0.205597
0.002972
0.186264
-0.067940
0.021355
0.084724
-0.221954
0.071198
-0.028830
0.096848
0.312378
-0.177795
0.169937
0.006097
0.029886
-0.237946
0.184830
-0.349487
-0.177765
0.204681
-0.152267
-0.013488
0.029228
-0.229630
-0.151535
-0.207657
0.245743
-0.080635
0.211914
-0.030170
0.116287
-0.021324
0.263000
0.013541
-0.089264
-0.004121
-0.049294
-0.020481
0.067078
0.068321
-0.214325
-0.057106
0.039829
-0.042706
-0.198639
-0.368561
0.009482
-0.014354
-0.278656
-0.020710
0.189209
-0.141357
0.254822
-0.069984
0.066696
-0.186859
0.011359
0.022320
0.022640
-0.212723
-0.008426
-0.298798
0.203659
0.108665
0.152481
-0.032604
0.103951
0.102051
0.093903
-0.266663
-0.119751
-0.120438
0.113907
-0.079948
-0.163147
-0.084679
-0.009068
-0.005499
-0.099045
0.001838
-0.026785
0.239456
0.298157
-0.207977
-0.269348
0.074722
-0.105286
0.031509
0.098747
0.065536
-0.033623
-0.058365
0.204437
-0.120094
0.197296
-0.080788
0.285004
0.152542
-0.268860
-0.058792
-0.112419
-0.098465
-0.031662
0.147400
0.260468
-0.045513
0.062653
-0.186340
-0.199173
-0.034649
0.253204
-0.227081
-0.234039
0.113663
0.002650
-0.065720
-0.101700
-0.102058
0.113403
-0.004657
0.110451
-0.066666
-0.061306
0.314880
0.103371
-0.011580
-0.204178
-0.049374
-0.147476
-0.036427
0.038879
-0.114029
-0.135483
0.007192
-0.114212
-0.313843
0.250122
-0.049824
-0.062492
0.198532
0.063095
0.188995
-0.174438
-0.023346
0.302673
-0.025337
0.201035
-0.236771
0.019608
-0.123833
0.048721
-0.017525
0.098495
-0.012600
0.149780
-0.088280
0.124512
0.093231
0.008793
-0.024099
-0.091393
0.047657
-0.138123
0.211456
0.054840
-0.104752
-0.102425
-0.132767
-0.006985
-0.163223
-0.080109
-0.091484
-0.121803
-0.108070
-0.115959
-0.256836
0.156723
0.084511
-0.203461
0.030468
0.251404
-0.007169
-0.277191
0.059772
0.129547
0.163879
-0.316986
0.106483
-0.033058
0.129547
0.081802
-0.271423
0.029627
-0.346436
0.087593
-0.353241
-0.014063
-0.162445
-0.048283
-0.019348
-0.036076
-0.128372
-0.112549
-0.009712
0.201263
-0.226822
0.023560
0.069565
0.005300
-0.032322
-0.190704
-0.033455
-0.039452
-0.177795
-0.119553
0.089493
0.133667
0.000069
-0.094154
-0.046967
0.129044
-0.013480
0.119331
-0.131470
0.077240
0.206314
-0.194550
-0.083855
0.043903
0.196564
0.186920
-0.280609
-0.080498
0.074371
0.146805
-0.315247
-0.005454
-0.119774
0.043289
-0.147141
-0.300201
0.142746
0.108978
-0.192123
-0.036758
0.135880
-0.100891
-0.339081
-0.154785
0.093391
0.051655
-0.171585
0.081612
0.022810
-0.014031
-0.278900
-0.208557
-0.059315
0.074966
0.273041
-0.011443
0.112595
0.138290
0.055637
-0.101471
0.137527
0.178085
0.039555
-0.130981
-0.068779
-0.108154
0.006518
-0.075333
0.002543
0.104553
0.037201
0.138382
0.003661
-0.011757
-0.014675
0.097061
0.038174
0.250336
-0.259613
-0.229126
-0.053829
-0.100227
-0.001118
0.176987
0.264282
-0.165802
-0.124603
0.088448
-0.173340
0.222870
-0.014154
0.253174
-0.037914
-0.122749
0.270905
0.184601
-0.229248
-0.160294
-0.180878
-0.226685
-0.055759
-0.143692
-0.089417
-0.053795
-0.008977
0.042923
0.192535
0.029198
0.293274
-0.215805
0.090225
-0.197159
-0.169006
-0.201035
-0.021313
-0.050613
0.070892
-0.144775
0.036720
-0.102448
-0.213181
-0.267578
-0.140030
0.186050
0.047382
0.130875
0.080528
0.255890
-0.028830
0.047794
0.176773
-0.232758
0.194260
0.088478
-0.137268
-0.103172
0.130295
-0.093437
0.215607
0.277710
-0.162231
0.016283
0.079414
-0.039429
0.104782
-0.380219
0.200119
-0.114449
-0.087273
-0.053341
0.219650
0.137283
-0.030775
-0.208755
-0.112679
0.163605
0.211090
-0.033302
-0.016514
0.034100
-0.133072
0.010968
-0.049374
-0.227219
0.099464
0.102386
0.105621
0.083885
0.299072
-0.116486
-0.077286
-0.010738
-0.100212
0.001555
0.239990
0.152725
0.059086
0.149933
0.038265
-0.026501
-0.194626
0.111504
-0.037914
0.064156
0.191727
-0.003600
0.228333
-0.035461
-0.182739
0.064247
0.000352
-0.168808
-0.072380
0.241135
0.040535
0.027666
-0.094177
-0.001409
-0.178589
0.204865
0.031403
0.033684
-0.244171
0.219604
0.035233
0.145126
0.082199
-0.195801
0.003217
-0.025965
0.214279
0.100426
0.231979
-0.112068
0.164581
-0.014001
0.174484
-0.044792
0.098129
0.137619
0.017738
0.098465
-0.029472
0.094635
0.049450
-0.136520
0.121719
-0.045895
-0.136780
0.232132
0.158417
0.183609
-0.171890
0.062408
0.113098
-0.137787
0.207520
-0.241302
0.104103
0.063171
0.170486
-0.117622
0.015441
-0.035233
0.059872
-0.109535
-0.049248
-0.204483
-0.154892
-0.099281
0.082413
-0.135452
0.148483
-0.094635
-0.189529
-0.241486
-0.232849
-0.067833
0.004458
0.068092
0.163757
-0.274811
-0.038433
-0.009283
-0.212418
-0.214340
0.290070
0.283478
-0.017923
-0.043522
-0.089340
0.003845
-0.015288
0.072548
0.258728
0.044579
0.252563
-0.081802
-0.010632
-0.190750
-0.181091
-0.076347
-0.037224
-0.181900
0.265625
0.063385
0.016054
0.032749
-0.295135
0.020527
0.102562
-0.132507
0.182816
-0.227722
-0.141769
0.261078
-0.004351
-0.141800
0.106865
-0.170990
-0.038326
-0.273193
-0.167130
0.238266
0.238785
0.091576
0.134109
0.053677
0.009758
-0.166626
-0.138245
0.266418
-0.244095
0.114647
-0.353210
-0.126648
-0.112663
-0.046997
-0.092201
0.029924
-0.026470
-0.280396
0.335144
-0.279663
-0.070374
-0.244354
-0.019144
0.215988
0.050995
0.235321
0.045006
-0.134323
-0.184860
-0.268005
0.103920
-0.236786
-0.028830
-0.052082
0.105850
-0.166077
-0.365723
-0.031258
0.100334
-0.172668
0.083397
-0.252869
-0.304077
0.371979
0.135361
-0.144791
-0.064590
0.257568
-0.242737
0.266663
-0.091057
0.340088
0.304718
0.085297
0.081535
0.452606
0.106552
-0.153976
-0.045536
0.208664
-0.105141
0.468872
-0.190399
0.207886
0.160172
0.054207
-0.265869
-0.252319
-0.231033
0.055401
0.062496
0.319489
0.212006
-0.141190
0.074455
-0.169601
-0.388397
0.110291
-0.012431
-0.011305
-0.142105
-0.005526
-0.290619
0.162262
-0.537598
-0.309509
-0.002549
0.188751
0.154358
-0.048084
0.395050
0.049198
0.423187
0.204620
0.156723
-0.034050
-0.255768
-0.109146
-0.286346
0.030216
-0.054142
-0.125488
-0.169312
-0.359100
0.252747
-0.094864
-0.011711
0.381439
0.015403
0.076263
-0.149307
0.389954
0.073181
0.079506
-0.065201
-0.466461
-0.129959
0.035095
0.339294
0.024364
-0.012986
0.119377
-0.026800
-0.207184
-0.295410
-0.387115
0.375824
-0.034176
0.020826
0.089836
-0.005921
0.067085
-0.136398
-0.172821
0.322968
-0.400635
0.349762
-0.205734
-0.019176
-0.149460
0.389954
-0.168472
0.338806
0.460754
-0.088997
-0.240952
0.511292
-0.216522
0.309113
0.336090
-0.294922
-0.321259
-0.164017
0.295715
0.088974
0.158005
-0.091362
-0.152634
0.126251
0.546814
-0.062737
0.220734
-0.003830
-0.096306
-0.469116
0.321564
0.017672
0.400024
0.115868
-0.001476
-0.268829
0.403473
0.349518
-0.547424
0.347229
0.260529
-0.271729
0.343506
0.043598
-0.479584
0.062195
0.268127
-0.183441
-0.102188
-0.053577
-0.094460
-0.044594
-0.142517
-0.247070
0.179672
-0.213058
0.207611
-0.214615
0.400940
-0.506470
-0.169083
0.205505
0.128632
-0.286072
-0.298035
0.029181
-0.037876
-0.409576
-0.238754
0.034168
-0.162750
-0.078583
-0.139160
-0.436615
0.065796
-0.099335
0.142181
0.233582
0.334656
-0.062389
-0.339020
0.240204
-0.004174
-0.381165
-0.008900
0.175491
-0.077194
-0.318665
-0.141907
-0.193253
-0.207733
0.308838
0.011861
-0.179077
-0.077591
0.331207
-0.149872
-0.015066
0.438660
-0.390625
0.119507
-0.339417
-0.368805
-0.120064
-0.158661
0.213623
-0.221390
0.084312
-0.071838
-0.504517
-0.495056
0.208542
0.351105
0.017387
0.344391
0.243835
-0.323761
-0.249786
0.025543
0.151764
0.073616
-0.179688
-0.156815
0.183823
-0.358765
-0.131989
-0.099930
0.106766
0.470367
-0.281067
-0.283813
-0.029547
-0.003117
-0.135620
-0.249969
-0.060970
-0.438599
0.148468
-0.077423
0.106598
-0.257690
0.044945
0.214798
-0.004944
-0.552612
-0.055794
0.339294
-0.259369
0.209061
0.364929
-0.107613
0.385437
0.185181
0.254608
-0.048107
-0.175522
-0.396423
-0.150040
-0.068748
0.073967
0.188690
-0.352600
-0.055981
-0.431763
0.131622
0.309418
0.124252
0.209656
-0.059105
0.046875
-0.301117
0.202271
-0.006137
0.016441
0.297729
-0.460815
-0.141724
0.120010
-0.203156
0.167740
-0.132477
0.204178
0.036144
-0.047249
0.458862
-0.111923
-0.122406
-0.037922
-0.161972
0.328278
-0.583374
0.026758
-0.124649
-0.021936
0.214371
0.006978
-0.227081
-0.280762
-0.302368
0.328796
0.285553
0.016352
-0.086327
0.377777
-0.069588
-0.307648
0.434021
-0.111320
0.329407
-0.386566
0.156754
-0.420105
-0.283112
0.094604
0.150085
0.176132
0.083054
-0.072670
-0.379211
0.438141
0.255646
-0.342743
-0.150497
-0.383636
0.250366
0.061878
0.240784
-0.077126
-0.218842
0.457550
0.254120
0.167114
-0.045212
-0.351227
-0.072495
-0.014810
-0.139450
0.260712
0.390930
-0.327057
0.489624
0.030674
-0.230087
0.208908
0.024912
0.020374
0.384644
-0.511841
-0.049881
0.103821
-0.071274
0.105370
-0.339233
0.393616
0.339172
-0.086494
-0.161880
-0.037437
0.451416
-0.380768
-0.096954
0.188477
-0.311615
0.374908
-0.160721
0.130478
-0.257355
-0.199799
-0.123344
-0.383453
-0.012194
-0.251160
-0.353088
0.377533
-0.044670
0.189240
-0.221924
-0.177032
0.294800
0.245224
-0.171143
0.223160
-0.166367
0.105003
-0.000636
0.072433
0.018129
-0.062553
0.035015
0.471924
0.076149
-0.164337
0.141357
-0.237823
0.210144
0.497681
0.409698
-0.049187
-0.321899
-0.230637
0.184433
0.185257
0.035618
0.449127
-0.054573
0.508057
0.020960
0.240570
-0.284027
0.315338
0.485779
0.160233
0.023912
-0.297974
0.264832
0.121658
0.291473
0.285370
-0.038811
-0.190536
0.137848
-0.065422
0.162170
-0.338165
-0.303223
-0.142288
-0.455902
-0.410492
0.425537
-0.260803
-0.121674
0.093330
-0.075500
-0.086021
-0.074928
0.485352
-0.195831
0.046410
0.110497
0.135544
-0.155212
0.079269
0.295410
-0.231644
0.298309
-0.054771
0.409088
0.070740
-0.386810
-0.249176
0.397247
-0.148575
0.302826
0.044376
0.130661
-0.000373
0.519531
0.189804
0.106163
0.425995
-0.068626
-0.532532
-0.098053
-0.045742
-0.103943
-0.072594
-0.175797
0.320038
-0.126938
-0.065300
-0.061420
0.237335
0.011937
-0.280640
-0.095123
0.310303
0.181656
-0.205093
-0.236404
-0.106842
0.062759
-0.354187
-0.255341
-0.151794
0.307617
0.389954
-0.152161
0.207703
0.065086
0.056412
0.015932
-0.003894
0.141296
0.020691
0.467407
0.039764
-0.152664
-0.325806
0.357819
0.239822
0.123917
-0.221039
0.376770
-0.381134
0.013352
-0.235352
0.446167
0.294983
-0.438019
0.310150
0.087776
0.241791
-0.144394
0.447388
0.092415
0.161240
0.222382
0.040653
-0.148056
0.287506
-0.003370
-0.132156
0.283569
0.137970
-0.212204
0.131180
0.177719
0.154572
-0.192184
-0.082275
0.294067
0.031742
-0.204910
0.153793
0.170029
0.327850
-0.081932
-0.003661
0.005419
0.095436
0.206131
-0.423798
-0.277802
0.162140
-0.076759
0.430023
-0.193680
0.245987
0.470276
0.175308
-0.083946
-0.150055
-0.055172
-0.418121
-0.012140
-0.167007
0.332886
0.165222
-0.112793
0.138702
0.181274
0.281677
0.070053
-0.123985
-0.081543
0.237686
-0.413544
-0.163055
-0.380951
0.211334
-0.068047
-0.174805
0.304535
0.271637
0.090111
0.328156
0.184250
-0.205933
-0.040840
0.037529
-0.028210
-0.124748
0.504883
0.014976
-0.025452
0.492401
-0.252380
-0.309998
0.040222
-0.364777
0.445801
-0.395874
-0.083099
-0.103630
-0.002819
-0.064247
-0.480927
-0.313538
0.289734
-0.244476
0.412842
0.221725
0.198166
0.200302
-0.122032
-0.329163
-0.090950
0.060230
0.084770
-0.131744
0.097778
-0.046223
-0.256500
-0.014759
-0.031225
-0.181580
-0.139740
-0.283997
0.125504
0.517944
-0.031330
-0.048172
0.120064
-0.014031
0.365204
0.119644
0.438721
0.501343
0.320709
0.111046
-0.260132
0.216507
-0.285004
0.457123
-0.100548
0.210388
-0.389069
-0.291840
0.273010
0.310699
0.193802
-0.146210
-0.352905
0.037685
-0.258942
0.233292
-0.244278
-0.399048
0.468781
-0.118744
0.119240
-0.182434
-0.267273
0.238937
0.320526
-0.419434
-0.258820
0.141861
-0.432709
-0.455109
0.252930
-0.175812
0.378448
-0.029665
-0.336121
0.175507
-0.336334
-0.107803
-0.113953
-0.065323
0.102554
-0.437164
-0.309509
-0.247925
0.117546
0.046577
-0.014652
-0.227448
0.164551
-0.063339
0.269196
0.283813
-0.343689
0.101959
-0.092239
-0.540161
0.197525
0.263947
0.221588
0.281830
0.328308
-0.142883
0.106453
0.087364
-0.172913
-0.129684
-0.251740
0.008207
-0.337830
0.251343
-0.057468
0.384552
0.329163
-0.266602
0.237015
-0.171066
-0.320374
0.122002
0.216919
0.461975
-0.558289
-0.131302
0.228409
-0.284546
-0.129745
-0.483215
-0.209335
-0.449280
-0.216827
-0.088112
0.450409
0.111107
0.286041
-0.060966
0.198471
0.113129
0.326416
-0.053616
0.121338
-0.011098
0.095306
0.166656
-0.143509
-0.092514
-0.202698
-0.008873
0.253448
-0.003630
0.213516
-0.046646
-0.059032
0.272247
0.338654
0.167358
0.502686
0.307281
0.303986
-0.322021
0.377075
0.086731
-0.309753
0.310486
0.197861
-0.023687
0.249481
0.394348
0.089836
-0.043526
-0.274261
-0.406616
-0.054585
-0.178955
0.375488
0.318909
-0.169067
-0.442261
-0.206924
0.082390
0.171173
-0.093765
0.037758
0.110123
0.178467
-0.142609
-0.239548
0.166565
0.066727
-0.035938
-0.155396
-0.073174
-0.049572
-0.467560
-0.382538
-0.469116
0.128571
0.383972
-0.072731
-0.399384
-0.176956
-0.349091
-0.190582
0.287933
0.089050
-0.430115
0.087440
-0.082039
-0.355713
0.399933
0.103119
0.332520
-0.210815
0.040543
-0.074387
-0.134720
-0.202469
0.203094
-0.485535
-0.035721
-0.447815
-0.125916
-0.110924
-0.397400
0.026373
0.123962
-0.248718
-0.462860
-0.009437
-0.321442
-0.347168
-0.286377
-0.053448
-0.020733
0.101898
0.133942
0.166580
0.189377
0.054352
0.327942
-0.030499
0.057106
0.143402
-0.241333
0.097229
-0.450043
0.243408
0.510193
0.272461
0.272858
-0.140533
-0.177719
0.249756
0.365601
0.042240
0.275757
-0.125458
0.410980
0.329956
-0.237274
0.087097
0.083153
0.093781
-0.483337
0.062431
-0.422089
0.170090
0.331787
0.284698
0.224411
0.041950
-0.262787
-0.235489
-0.331299
0.115379
-0.240662
-0.264679
-0.260651
-0.247849
0.007835
0.112602
0.128677
-0.069519
-0.255035
-0.122765
-0.026876
0.020721
-0.248566
-0.233704
-0.166367
0.131607
-0.144180
-0.085236
0.227386
-0.112511
-0.020382
0.320282
0.157928
-0.308380
0.088028
0.380371
-0.266418
-0.072350
0.044510
0.019691
-0.057346
-0.096130
0.374847
-0.217621
0.175476
-0.136734
-0.104973
0.402527
-0.203842
0.259827
-0.338043
-0.231094
-0.337250
0.030806
0.150604
-0.402832
0.162811
0.006403
0.028601
0.289825
-0.103676
0.108643
0.093140
0.052284
-0.199753
-0.333801
0.334656
0.051216
-0.506470
0.479523
0.170929
0.051544
-0.233582
-0.073631
0.350983
-0.058113
0.309082
-0.273041
-0.273407
-0.412170
-0.013235
0.008379
-0.128265
0.267334
-0.063187
0.539368
-0.236206
0.099617
0.031208
-0.207596
0.389099
-0.074509
-0.196960
-0.034416
-0.022203
0.117912
-0.468597
-0.204575
0.269562
-0.359741
-0.339996
-0.074135
-0.308136
-0.056923
-0.248550
0.042816
0.500366
0.160904
-0.230209
-0.290039
-0.253235
-0.343750
-0.283661
0.135559
0.023996
0.272949
0.160324
0.304840
0.372223
0.091156
0.097229
0.246658
-0.083710
0.000288
0.111855
-0.005515
0.120636
0.157883
-0.308044
-0.227219
-0.201813
-0.033028
0.313660
0.107033
-0.089966
-0.449493
-0.467560
-0.106606
0.226471
-0.082726
0.218323
-0.024748
-0.426514
-0.163269
0.110809
-0.402527
