0.481445
0.625488
0.499023
0.712158
0.162659
0.871338
0.410767
0.881836
0.390869
0.284424
0.545410
0.779541
0.626465
0.847656
0.649658
0.556396
0.293335
0.903320
0.634521
0.604248
0.546875
0.543945
0.329346
0.428467
0.634521
0.386475
0.538086
0.431396
0.507324
0.532471
0.398926
0.399780
0.746826
0.483276
0.110840
0.320190
0.465576
0.522949
0.313232
0.267212
0.507568
0.443970
0.045883
0.244568
0.287598
0.696777
0.687500
0.467041
0.597168
0.735596
0.660400
0.554932
0.391357
0.689453
0.572510
0.611328
0.188721
0.521484
0.453979
0.581299
0.641602
0.438110
0.393311
0.799561
0.333618
0.504639
0.115723
0.799072
0.613037
0.316650
0.955566
0.532715
0.460571
0.112183
0.663086
0.637695
0.694580
0.763916
0.690186
0.289185
0.611328
0.461060
0.429932
0.588379
0.563232
0.413086
0.495972
0.638428
0.636719
0.363037
0.330688
0.575684
0.686768
0.309814
0.671387
0.722656
0.517578
0.488770
0.819580
0.541748
0.805420
0.771484
0.372925
0.266235
0.769043
0.147827
0.789551
0.575439
0.497559
0.590088
0.450684
0.405151
0.465576
0.293579
0.404297
0.728516
0.407959
0.788574
0.363525
0.341187
0.851807
0.695312
0.616699
0.536377
0.416016
0.585938
0.669678
0.229980
0.187866
0.487549
0.660889
0.578613
0.369629
0.733643
0.730225
0.841797
0.767090
0.515869
0.414185
0.678955
0.520508
0.567139
0.195068
0.871582
0.560791
0.188232
0.596680
0.264893
0.087433
0.371704
0.309570
0.825928
0.178162
0.222534
0.472900
0.479614
0.396484
0.141052
0.413452
0.584229
0.330078
0.773682
0.461060
0.399536
0.503906
0.490112
0.352539
0.683594
0.418457
0.654541
0.472900
0.824707
0.332397
0.255737
0.692871
0.305176
0.329956
0.699463
0.455688
0.418457
0.657227
0.464844
0.355347
0.721436
0.576416
0.713867
0.314941
0.673584
0.855469
0.728516
0.555420
0.596436
0.499023
0.312378
0.584473
0.413574
0.502686
0.233582
0.507568
0.509033
0.889160
0.568848
0.444092
0.332520
0.711182
0.550049
0.522949
0.452026
0.247620
0.681885
0.571045
0.907715
0.442993
0.222778
0.625977
0.720215
0.233459
0.351685
0.690918
0.203003
0.376831
0.656738
0.384766
0.575684
0.557617
0.380005
0.285767
0.170898
0.617432
0.382812
0.681152
0.617432
0.247986
0.424072
0.249084
0.659180
0.561035
0.473022
0.223572
0.693848
0.451782
0.680420
0.711914
0.308105
0.789551
0.636719
0.325439
0.722900
0.687988
0.718506
0.625732
0.652588
0.672119
0.310303
0.639160
0.339966
0.390869
0.225098
0.398682
0.419067
0.608154
0.075928
0.624268
0.555908
0.500977
0.574463
0.626953
0.358154
0.344482
0.436035
0.754395
0.209290
0.412476
0.462769
0.402832
0.313232
0.211182
0.314209
0.148010
0.198303
0.143311
0.662354
0.852295
0.402954
0.383179
0.602539
0.628418
0.660645
0.827637
0.728516
0.667725
0.431641
0.692139
0.704346
0.399536
0.304077
0.575195
0.611816
0.249939
0.805176
0.344727
0.415527
0.599854
0.757080
0.579346
0.702637
0.771484
0.678955
0.431396
0.808105
0.576660
0.160156
0.766357
0.839600
0.450195
0.736328
0.439575
0.491943
0.508057
0.565674
0.216736
0.286377
0.409424
0.909912
0.876221
0.396729
0.212402
0.447998
0.419800
0.463989
0.366211
0.766846
0.464844
0.851807
0.520264
0.340454
0.854980
0.405273
0.430054
0.396851
0.209412
0.304321
0.442383
0.087738
0.255249
0.595215
0.823975
0.697021
0.384766
0.328369
0.375244
0.487061
0.617432
0.370117
0.395386
0.491089
0.767090
0.309326
0.826904
0.774414
0.658936
0.305298
0.537842
0.420044
0.153320
0.168640
0.761719
0.118652
0.460693
0.190735
0.100830
0.670166
0.495117
0.246704
0.643066
0.453735
0.138428
0.578369
0.147583
0.408813
0.319824
0.408447
0.596924
0.823730
0.478394
0.577393
0.311646
0.544189
0.771973
0.549316
0.315063
0.541748
0.439819
0.738281
0.373779
0.596680
0.908936
0.723633
0.715088
0.367676
0.325073
0.519287
0.924072
0.521240
0.651855
0.566895
0.561035
0.790771
0.441650
0.708740
0.785889
0.463013
0.228943
0.378662
0.283081
0.595459
0.658447
0.596924
0.840576
0.543213
0.142700
0.452393
0.383423
0.585693
0.302979
0.343018
0.293457
0.207703
0.477417
0.594238
0.575439
0.503662
-0.011150
-0.089752
0.105591
-0.202026
-0.016327
-0.222412
-0.124939
-0.215881
-0.103638
-0.068481
0.131104
-0.277466
-0.061035
0.063477
0.104889
-0.084625
0.156799
-0.029655
-0.263916
0.042404
-0.211243
-0.057236
-0.019058
-0.058334
0.091064
0.049149
-0.042953
-0.152466
-0.106873
0.187805
0.041183
0.173828
-0.193848
-0.143250
-0.029457
0.079895
0.071991
-0.153320
0.303467
0.258423
-0.074280
0.144348
-0.018723
0.302368
0.207825
0.085541
-0.220703
-0.071503
0.057358
-0.193970
-0.320923
0.136230
0.185791
-0.192444
-0.212402
-0.013359
0.293091
0.034866
0.125977
-0.251465
-0.068634
-0.123077
0.211914
0.029289
0.023102
0.184204
0.109070
0.095093
-0.259277
-0.026443
-0.084198
-0.044052
0.265381
0.334717
-0.177734
0.035538
-0.017647
-0.109497
-0.326050
0.039154
0.133484
-0.209534
-0.113159
0.030762
-0.112976
-0.035416
-0.130249
-0.258179
0.145813
0.284546
-0.072083
-0.071075
-0.276245
-0.148682
-0.189514
-0.106750
0.181274
0.068146
-0.158081
0.212097
0.041794
-0.242554
0.019241
0.307129
-0.345703
0.278442
-0.095093
0.073883
-0.119476
0.016418
-0.175476
-0.133667
0.095215
0.000368
0.187195
0.129639
0.111877
-0.380249
-0.128662
0.110107
0.051956
-0.201294
0.186584
-0.223267
-0.059860
-0.149475
-0.039825
-0.026192
0.355225
-0.199280
-0.253662
0.106873
-0.004229
-0.085114
-0.023773
-0.203918
-0.244263
-0.118896
-0.128540
-0.075439
0.185791
-0.157471
0.230225
-0.156799
-0.009682
0.125427
-0.027267
-0.045380
0.182800
0.133606
0.210510
-0.202087
0.371704
0.249512
0.012379
-0.125977
-0.191223
-0.028862
-0.004658
0.164001
-0.079407
-0.110718
0.124390
0.063904
-0.195984
-0.048096
0.299438
-0.149109
0.124146
-0.268066
0.213135
-0.127808
0.011948
0.151978
-0.282959
0.291748
-0.158569
-0.020096
-0.191284
0.023712
-0.175049
0.166809
0.259277
-0.241150
-0.023102
-0.166138
0.068878
-0.065125
-0.193298
0.064209
-0.049332
0.017281
-0.044907
-0.072540
-0.210510
0.049271
0.028618
-0.058990
0.190186
-0.138611
-0.327515
0.113739
0.171265
0.122009
-0.172485
0.177124
-0.023895
-0.040985
0.158020
-0.069305
0.131897
-0.017891
-0.050125
0.243591
-0.259766
0.075989
-0.068451
0.099091
-0.137390
0.174255
0.017281
0.103424
-0.098572
0.119904
-0.258789
-0.019119
0.021477
0.207336
-0.078125
-0.078461
0.068146
0.031860
-0.112274
0.090637
0.006832
-0.137207
-0.021324
0.129883
0.260498
-0.301025
-0.085327
-0.045227
0.118622
0.153503
-0.239868
-0.290039
0.081177
-0.160828
-0.043259
0.090210
0.161011
-0.317383
0.047668
-0.087067
0.092651
0.226440
0.043137
-0.033585
-0.005024
0.255127
-0.111938
0.063019
-0.004290
-0.076721
0.153015
0.149597
0.075623
-0.015991
0.133545
0.045898
-0.170593
0.337036
-0.146973
-0.052078
0.052765
0.052383
0.094910
-0.154541
0.328613
-0.095551
0.373291
0.052444
-0.413452
0.129761
0.255371
0.118439
-0.081543
-0.139893
0.084808
0.060410
-0.176025
-0.027206
-0.315430
0.110901
0.185608
0.276978
0.112610
-0.029106
-0.030396
-0.191528
-0.129089
0.090942
-0.144653
-0.276001
0.185791
0.057236
-0.076599
-0.156555
0.191162
-0.185303
-0.104462
0.274292
-0.280640
-0.228027
-0.032471
-0.316040
-0.110229
0.174866
-0.016479
-0.174072
0.236938
0.245117
0.088104
-0.079163
-0.081848
-0.017647
0.196594
0.032410
0.245117
0.167297
0.277344
0.114838
-0.032043
-0.303467
-0.161377
0.006128
-0.395508
0.200012
0.139587
0.233398
0.014645
-0.113037
0.069916
0.171082
0.098328
0.183838
-0.144897
-0.012989
0.212158
-0.161499
0.251465
0.011337
0.084198
0.049515
-0.069000
0.001532
0.033585
0.276245
-0.404907
-0.012745
0.005882
0.311157
0.102020
-0.173889
0.007566
0.378296
-0.168396
0.049744
0.140076
-0.028229
-0.007139
0.154663
-0.141296
0.208618
-0.112000
0.102814
0.246460
0.182434
0.091431
0.020897
0.309814
-0.094788
0.179260
-0.044479
0.102325
-0.179993
-0.041397
-0.012989
-0.341553
-0.156250
-0.025764
0.101959
-0.135376
-0.361572
0.217590
-0.129517
0.018013
-0.240295
-0.079712
0.156799
0.021507
0.058945
-0.124634
0.027206
-0.168457
-0.238464
-0.158447
0.078064
-0.203735
-0.067047
-0.191711
0.254639
0.275391
-0.012623
0.210083
-0.061218
-0.046204
0.167542
0.074402
0.051102
0.012806
-0.098969
0.004351
-0.124268
-0.021568
-0.066498
0.185608
-0.003768
-0.016792
-0.184387
0.152954
0.151672
-0.068085
0.132385
-0.076660
-0.229370
0.135986
0.112549
-0.105713
0.038162
-0.201843
0.455688
0.161377
-0.095825
0.282959
0.119995
0.210876
-0.247192
0.169250
-0.125244
-0.267700
0.323120
-0.386841
0.320923
0.505859
0.109222
-0.150757
-0.029457
-0.313843
-0.037842
-0.269531
0.080048
0.341675
0.178955
-0.304199
-0.251953
-0.052490
0.348511
-0.239807
-0.156250
0.286011
0.075195
-0.317993
-0.069580
-0.023056
-0.135437
0.050400
0.190247
-0.279785
0.319580
0.064392
-0.032883
0.126038
0.194519
0.189941
0.014561
-0.213379
-0.477783
-0.117371
-0.010201
0.000827
-0.286499
-0.449219
-0.174500
0.411865
-0.236755
0.092712
0.359009
0.111725
-0.147156
-0.314209
0.496338
0.028679
-0.112915
-0.190735
-0.094971
-0.148315
-0.039978
0.195740
0.086823
-0.237305
0.262207
-0.044235
-0.211792
-0.060638
-0.371704
0.317627
0.242981
-0.232239
0.303223
-0.386719
0.283569
-0.083710
-0.216187
0.209229
-0.189270
0.164429
-0.317261
-0.447266
-0.339233
0.154846
-0.244629
0.156921
0.183472
0.257812
-0.033951
0.188782
0.011337
0.026550
0.286255
-0.419312
-0.311401
0.031151
0.153809
-0.005791
0.485352
0.299072
-0.305542
0.113434
0.164856
-0.002356
0.343994
-0.169128
-0.083649
-0.489624
0.042130
0.244019
0.294067
0.241638
0.414062
-0.147583
0.394653
0.270264
-0.507568
0.477417
-0.089905
-0.441284
0.049042
0.021957
-0.414917
0.334961
0.119843
-0.208923
-0.253174
0.172913
-0.114502
-0.385254
-0.044708
-0.419800
0.345459
0.019623
0.097076
0.072510
-0.046967
-0.087494
0.200378
-0.105316
0.256958
-0.024437
0.134338
0.053543
-0.171936
-0.086578
-0.293579
-0.060410
-0.226501
-0.383545
0.113617
-0.278320
0.157410
0.217773
0.155090
0.176819
0.109070
-0.198792
-0.169312
-0.005638
-0.064636
-0.114075
0.091217
0.381348
-0.091980
-0.329102
-0.163513
-0.239441
-0.316284
0.137634
-0.244507
-0.159302
-0.504639
-0.110718
-0.105865
-0.057022
0.319824
-0.399902
0.500000
-0.423462
-0.266602
-0.004244
-0.084442
0.407593
-0.305542
0.072968
0.065094
-0.296753
-0.226196
-0.001394
0.212463
-0.190430
0.401611
0.305664
-0.426270
-0.308350
-0.025429
0.027466
0.069519
-0.339233
-0.452759
0.442017
0.018349
-0.337646
0.231323
0.529297
0.122284
0.034012
-0.488037
0.102753
0.127502
-0.137146
-0.001961
0.043091
-0.246460
-0.305054
0.015594
0.436035
0.013481
0.404297
-0.182800
-0.289062
-0.401367
0.120331
0.116882
-0.210571
-0.087494
-0.008793
0.331787
0.084747
0.267456
0.498779
-0.090729
-0.331909
-0.458252
-0.476807
-0.321289
0.280762
0.174927
-0.292358
0.283203
-0.315308
0.187744
0.379517
0.244751
-0.058502
0.074432
-0.258667
-0.239868
0.090393
-0.469604
0.096710
0.418457
-0.253906
-0.300049
-0.083954
0.050278
0.229797
-0.092804
0.482544
0.213684
0.076233
0.464111
0.024910
0.359253
-0.094727
-0.353760
0.040237
-0.332886
0.338013
-0.352905
0.050659
0.125610
-0.165222
-0.184753
-0.148804
-0.223999
-0.011841
0.111450
0.055481
-0.022423
0.259033
-0.364868
-0.122925
0.105499
-0.047821
0.309692
-0.361084
0.182129
-0.398193
-0.496338
-0.219421
-0.223938
0.485229
-0.096436
-0.481934
-0.126709
0.167053
0.075104
-0.357056
-0.009415
-0.275513
0.208435
0.015289
0.174500
0.023132
-0.233948
0.469849
0.013695
-0.022209
0.006388
-0.010876
0.236511
0.158081
-0.131714
0.239624
0.108337
-0.338989
-0.021568
0.290039
-0.119873
0.099823
-0.032166
0.173157
0.484619
-0.128662
0.310913
0.458252
-0.059738
0.285278
-0.518311
-0.069244
0.007566
0.309204
-0.054108
0.083679
0.432861
-0.290527
0.036514
0.444336
-0.310181
0.042435
-0.181885
0.024612
-0.318359
-0.213257
0.165833
-0.210205
0.065002
0.144165
-0.020622
-0.052368
0.143616
0.050003
0.118164
0.111053
-0.078705
0.429199
-0.047821
-0.038025
0.097260
0.050583
-0.208130
0.104401
0.460327
0.252686
0.288452
0.278198
0.064880
-0.292358
0.205505
-0.245728
0.365601
0.124023
0.295654
0.046997
-0.189697
-0.055573
-0.062897
0.394531
0.089081
-0.081512
-0.177307
0.232727
-0.033646
0.457764
-0.273438
-0.012409
0.271973
-0.221130
-0.050156
-0.148132
-0.170532
0.359009
-0.043777
-0.224731
-0.003615
0.146545
0.053070
0.061249
-0.047424
-0.360962
-0.186523
-0.297485
-0.335327
0.108765
0.366821
0.090210
0.053680
0.205627
-0.032547
0.041794
0.123993
0.307007
-0.242554
0.090424
0.149902
