0.481541
0.625671
0.499134
0.712524
0.162674
0.871681
0.410809
0.882019
0.390911
0.284534
0.545433
0.779861
0.626427
0.847603
0.649963
0.556358
0.293404
0.903687
0.634514
0.604279
0.546898
0.544052
0.329266
0.428539
0.634636
0.386555
0.538116
0.431499
0.507233
0.532310
0.398861
0.399925
0.746826
0.483376
0.110830
0.320210
0.465588
0.523262
0.313190
0.267197
0.507629
0.444012
0.045890
0.244577
0.287689
0.697029
0.687653
0.467094
0.597237
0.735626
0.660225
0.554832
0.391369
0.689316
0.572670
0.611389
0.188698
0.521492
0.454033
0.581490
0.641479
0.438278
0.393280
0.799461
0.333523
0.504555
0.115749
0.799110
0.613197
0.316795
0.955780
0.532700
0.460632
0.112197
0.663269
0.637802
0.694778
0.763931
0.690262
0.289265
0.611252
0.461021
0.429928
0.588448
0.563324
0.413303
0.496094
0.638756
0.636932
0.363136
0.330772
0.575829
0.686966
0.309868
0.671547
0.722610
0.517731
0.488743
0.819603
0.541626
0.805542
0.771461
0.372883
0.266174
0.769203
0.147856
0.789520
0.575684
0.497616
0.590317
0.450779
0.405121
0.465511
0.293705
0.404274
0.728668
0.408009
0.788673
0.363503
0.341190
0.851639
0.695442
0.616852
0.536301
0.416019
0.586273
0.669617
0.230003
0.187849
0.487595
0.660660
0.578766
0.369579
0.733826
0.730492
0.842087
0.767227
0.516090
0.414295
0.679016
0.520584
0.567200
0.195110
0.871643
0.560738
0.188240
0.596397
0.264996
0.087439
0.371773
0.309494
0.826241
0.178192
0.222599
0.473068
0.479763
0.396557
0.141068
0.413517
0.584404
0.330109
0.774010
0.461044
0.399513
0.503906
0.490093
0.352581
0.683456
0.418507
0.654732
0.472992
0.824638
0.332462
0.255783
0.692810
0.305069
0.330021
0.699905
0.455627
0.418636
0.657501
0.464947
0.355408
0.721245
0.576576
0.714035
0.315018
0.673401
0.855537
0.728531
0.555229
0.596344
0.499065
0.312527
0.584724
0.413673
0.502892
0.233555
0.507820
0.509071
0.889458
0.568939
0.444241
0.332447
0.711449
0.550049
0.523079
0.452171
0.247652
0.681992
0.571075
0.907463
0.443199
0.222740
0.625954
0.720047
0.233469
0.351677
0.690872
0.203016
0.376907
0.656792
0.384750
0.575806
0.557449
0.380169
0.285728
0.170872
0.617653
0.382847
0.681122
0.617638
0.248039
0.423908
0.249090
0.659317
0.560959
0.473164
0.223637
0.694160
0.451862
0.680260
0.712166
0.308056
0.789734
0.636673
0.325523
0.723030
0.688171
0.718521
0.625870
0.652771
0.672020
0.310352
0.639275
0.340004
0.390797
0.225170
0.398731
0.419147
0.608017
0.075926
0.624474
0.555893
0.501007
0.574554
0.627075
0.358219
0.344425
0.436089
0.754517
0.209288
0.412613
0.462753
0.402901
0.313324
0.211124
0.314251
0.148054
0.198303
0.143301
0.662231
0.852242
0.403008
0.383282
0.602493
0.628563
0.660805
0.827667
0.728294
0.667641
0.431770
0.692070
0.704430
0.399525
0.304054
0.575249
0.611977
0.249958
0.805214
0.344765
0.415623
0.599884
0.757378
0.579376
0.703056
0.771706
0.678802
0.431484
0.808060
0.576927
0.160164
0.766541
0.839882
0.450344
0.736382
0.439629
0.491909
0.508171
0.565857
0.216730
0.286335
0.409489
0.909973
0.876328
0.396702
0.212412
0.448086
0.419827
0.463985
0.366138
0.766899
0.464985
0.852020
0.520355
0.340611
0.854805
0.405331
0.430107
0.396820
0.209471
0.304466
0.442532
0.087714
0.255318
0.595009
0.824104
0.697250
0.384789
0.328346
0.375252
0.487072
0.617424
0.370129
0.395428
0.491005
0.767273
0.309284
0.826942
0.774788
0.658821
0.305233
0.537758
0.420067
0.153334
0.168646
0.761848
0.118667
0.460705
0.190788
0.100863
0.670174
0.495255
0.246698
0.643440
0.453876
0.138403
0.578514
0.147657
0.408749
0.319859
0.408463
0.596817
0.824013
0.478420
0.577629
0.311543
0.544258
0.772453
0.549194
0.315121
0.541809
0.439804
0.738434
0.373753
0.596603
0.908699
0.723740
0.715271
0.367794
0.325218
0.519440
0.923965
0.521477
0.652138
0.566963
0.561172
0.790543
0.441727
0.708839
0.785835
0.463036
0.229004
0.378735
0.283127
0.595284
0.658493
0.596977
0.840981
0.543098
0.142693
0.452354
0.383469
0.585968
0.302940
0.343044
0.293560
0.207726
0.477478
0.594215
0.575516
0.503700
-0.011196
-0.089800
0.105589
-0.202106
-0.016337
-0.222452
-0.125000
-0.215975
-0.103650
-0.068512
0.131107
-0.277672
-0.061184
0.063450
0.104764
-0.084725
0.156715
-0.029825
-0.264076
0.042364
-0.211340
-0.057307
-0.019106
-0.058408
0.090993
0.049066
-0.042955
-0.152533
-0.106876
0.187725
0.041169
0.173771
-0.193918
-0.143379
-0.029467
0.079879
0.071882
-0.153334
0.303326
0.258366
-0.074270
0.144299
-0.018729
0.302258
0.207745
0.085459
-0.220760
-0.071542
0.057342
-0.194128
-0.321022
0.136141
0.185701
-0.192553
-0.212404
-0.013442
0.293091
0.034771
0.125870
-0.251499
-0.068768
-0.123094
0.211838
0.029159
0.023085
0.184078
0.109036
0.094968
-0.259392
-0.026481
-0.084375
-0.044102
0.265396
0.334606
-0.177849
0.035428
-0.017647
-0.109605
-0.326248
0.039118
0.133406
-0.209562
-0.113170
0.030679
-0.113114
-0.035438
-0.130333
-0.258312
0.145781
0.284538
-0.072094
-0.071147
-0.276268
-0.148684
-0.189564
-0.106740
0.181261
0.068179
-0.158215
0.212006
0.041698
-0.242590
0.019198
0.307091
-0.345695
0.278484
-0.095190
0.073792
-0.119546
0.016268
-0.175514
-0.133717
0.095133
0.000318
0.187098
0.129595
0.111877
-0.380367
-0.128716
0.110080
0.051743
-0.201385
0.186508
-0.223387
-0.059932
-0.149496
-0.039989
-0.026247
0.355263
-0.199337
-0.253662
0.106821
-0.004215
-0.085177
-0.023798
-0.204046
-0.244406
-0.118989
-0.128542
-0.075526
0.185703
-0.157614
0.230177
-0.156872
-0.009720
0.125431
-0.027275
-0.045415
0.182774
0.133570
0.210527
-0.202059
0.371609
0.249462
0.012263
-0.126040
-0.191301
-0.028862
-0.004710
0.163960
-0.079491
-0.110792
0.124337
0.063871
-0.195969
-0.048168
0.299248
-0.149107
0.124107
-0.268139
0.213078
-0.127892
0.011962
0.151987
-0.283054
0.291798
-0.158581
-0.020198
-0.191324
0.023616
-0.175051
0.166780
0.259266
-0.241156
-0.023173
-0.166182
0.068804
-0.065192
-0.193333
0.064094
-0.049389
0.017314
-0.044989
-0.072625
-0.210663
0.049177
0.028491
-0.058992
0.190205
-0.138666
-0.327705
0.113728
0.171152
0.121965
-0.172571
0.177095
-0.023947
-0.041021
0.158033
-0.069405
0.131880
-0.018152
-0.050201
0.243574
-0.259884
0.075912
-0.068474
0.099051
-0.137434
0.174192
0.017279
0.103312
-0.098632
0.119866
-0.258873
-0.019162
0.021467
0.207327
-0.078154
-0.078462
0.068080
0.031851
-0.112313
0.090522
0.006817
-0.137312
-0.021383
0.129869
0.260513
-0.301060
-0.085402
-0.045312
0.118493
0.153399
-0.240028
-0.290100
0.081158
-0.160927
-0.043478
0.090165
0.160841
-0.317467
0.047606
-0.087074
0.092536
0.226446
0.043051
-0.033573
-0.005074
0.255032
-0.112037
0.063008
-0.004385
-0.076771
0.152952
0.149429
0.075475
-0.016006
0.133434
0.045856
-0.170624
0.337036
-0.147034
-0.052133
0.052727
0.052357
0.094899
-0.154543
0.328564
-0.095575
0.373333
0.052275
-0.413620
0.129675
0.255333
0.118340
-0.081591
-0.139904
0.084769
0.060336
-0.176140
-0.027269
-0.315502
0.110746
0.185518
0.276875
0.112599
-0.029142
-0.030405
-0.191677
-0.129152
0.090813
-0.144770
-0.276192
0.185677
0.057238
-0.076831
-0.156557
0.191120
-0.185402
-0.104561
0.274323
-0.280701
-0.228039
-0.032583
-0.316082
-0.110277
0.174828
-0.016563
-0.174215
0.236872
0.245012
0.088077
-0.079208
-0.081955
-0.017674
0.196531
0.032357
0.245029
0.167257
0.277260
0.114744
-0.032062
-0.303513
-0.161448
0.006039
-0.395565
0.200008
0.139618
0.233273
0.014607
-0.113093
0.069883
0.171040
0.098288
0.183744
-0.145037
-0.013124
0.212132
-0.161600
0.251507
0.011292
0.083988
0.049448
-0.069052
0.001457
0.033483
0.276188
-0.405029
-0.012757
0.005737
0.311077
0.101984
-0.173903
0.007561
0.378246
-0.168442
0.049710
0.139969
-0.028247
-0.007153
0.154577
-0.141340
0.208593
-0.112092
0.102815
0.246477
0.182283
0.091400
0.020895
0.309685
-0.094805
0.179186
-0.044611
0.102218
-0.180002
-0.041442
-0.013005
-0.341526
-0.156336
-0.025765
0.101926
-0.135395
-0.361492
0.217583
-0.129543
0.017888
-0.240414
-0.079835
0.156725
0.021471
0.058879
-0.124698
0.027129
-0.168526
-0.238503
-0.158484
0.077945
-0.203791
-0.067080
-0.191866
0.254604
0.275246
-0.012682
0.209991
-0.061374
-0.046239
0.167416
0.074326
0.051084
0.012788
-0.099015
0.004299
-0.124320
-0.021662
-0.066545
0.185555
-0.003771
-0.016826
-0.184414
0.152952
0.151644
-0.068099
0.132292
-0.076646
-0.229473
0.135960
0.112565
-0.105824
0.038131
-0.201900
0.455666
0.161411
-0.095883
0.283024
0.119942
0.210770
-0.247272
0.169216
-0.125372
-0.267685
0.323101
-0.386917
0.320881
0.505882
0.109138
-0.150808
-0.029491
-0.313843
-0.037961
-0.269550
0.080037
0.341606
0.178980
-0.304291
-0.252060
-0.052510
0.348686
-0.239883
-0.156315
0.286041
0.075233
-0.318058
-0.069569
-0.023059
-0.135431
0.050371
0.190115
-0.279903
0.319580
0.064355
-0.032980
0.126057
0.194450
0.189919
0.014528
-0.213434
-0.477901
-0.117373
-0.010254
0.000764
-0.286530
-0.449253
-0.174648
0.411880
-0.236925
0.092724
0.358978
0.111765
-0.147158
-0.314350
0.496174
0.028466
-0.112980
-0.190805
-0.094981
-0.148415
-0.040041
0.195530
0.086683
-0.237473
0.262295
-0.044279
-0.211803
-0.060669
-0.371769
0.317719
0.242918
-0.232258
0.303154
-0.386765
0.283508
-0.083765
-0.216198
0.209249
-0.189297
0.164288
-0.317455
-0.447334
-0.339329
0.154818
-0.244665
0.156843
0.183292
0.257744
-0.033961
0.188705
0.011352
0.026394
0.286251
-0.419369
-0.311470
0.031137
0.153763
-0.005862
0.485470
0.299019
-0.305550
0.113391
0.164745
-0.002393
0.344036
-0.169159
-0.083744
-0.489571
0.042117
0.243980
0.294159
0.241686
0.414059
-0.147589
0.394489
0.270176
-0.507767
0.477394
-0.089883
-0.441338
0.049075
0.021861
-0.414944
0.334938
0.119901
-0.209000
-0.253349
0.172882
-0.114470
-0.385292
-0.044725
-0.420017
0.345505
0.019628
0.097017
0.072529
-0.047122
-0.087509
0.200369
-0.105396
0.256859
-0.024511
0.134274
0.053511
-0.172100
-0.086628
-0.293724
-0.060431
-0.226646
-0.383610
0.113627
-0.278355
0.157288
0.217726
0.154959
0.176802
0.109120
-0.198784
-0.169353
-0.005744
-0.064649
-0.114078
0.091252
0.381252
-0.092040
-0.329140
-0.163626
-0.239550
-0.316254
0.137531
-0.244549
-0.159393
-0.504784
-0.110670
-0.105886
-0.057060
0.319721
-0.400005
0.499920
-0.423550
-0.266590
-0.004256
-0.084490
0.407726
-0.305569
0.072884
0.065096
-0.296844
-0.226294
-0.001455
0.212412
-0.190550
0.401485
0.305683
-0.426315
-0.308353
-0.025471
0.027471
0.069510
-0.339314
-0.452801
0.441978
0.018313
-0.337765
0.231312
0.529449
0.122195
0.034020
-0.487961
0.102684
0.127489
-0.137136
-0.001962
0.043000
-0.246431
-0.305115
0.015488
0.436077
0.013431
0.404194
-0.182785
-0.289158
-0.401352
0.120332
0.116918
-0.210648
-0.087630
-0.008939
0.331825
0.084686
0.267136
0.498837
-0.090746
-0.331959
-0.458351
-0.476841
-0.321548
0.280861
0.174982
-0.292496
0.283154
-0.315334
0.187784
0.379566
0.244684
-0.058647
0.074450
-0.258862
-0.239979
0.090294
-0.469666
0.096662
0.418549
-0.253998
-0.300018
-0.083963
0.050351
0.229763
-0.092902
0.482567
0.213669
0.076254
0.463997
0.024941
0.359291
-0.094746
-0.353920
0.040153
-0.332920
0.338078
-0.353119
0.050627
0.125546
-0.165335
-0.184803
-0.148804
-0.223980
-0.011980
0.111366
0.055468
-0.022470
0.259113
-0.364883
-0.122961
0.105505
-0.047884
0.309708
-0.361156
0.181877
-0.398201
-0.496391
-0.219450
-0.223963
0.485020
-0.096530
-0.482079
-0.126747
0.166954
0.075094
-0.357254
-0.009569
-0.275608
0.208370
0.015198
0.174450
0.023176
-0.233999
0.469898
0.013601
-0.022233
0.006333
-0.010883
0.236486
0.158077
-0.131824
0.239588
0.108180
-0.339138
-0.021576
0.290058
-0.119922
0.099842
-0.032198
0.173136
0.484470
-0.128727
0.310875
0.458111
-0.059745
0.285194
-0.518570
-0.069313
0.007565
0.309235
-0.054119
0.083646
0.432804
-0.290531
0.036531
0.444389
-0.310349
0.042470
-0.181881
0.024512
-0.318489
-0.213318
0.165720
-0.210316
0.064958
0.144157
-0.020648
-0.052550
0.143606
0.049960
0.118177
0.111059
-0.078767
0.429062
-0.047843
-0.038118
0.097234
0.050608
-0.208218
0.104412
0.460232
0.252663
0.288448
0.278042
0.064937
-0.292431
0.205410
-0.245802
0.365425
0.123920
0.295727
0.046939
-0.189785
-0.055567
-0.062981
0.394611
0.088978
-0.081608
-0.177370
0.232588
-0.033669
0.457821
-0.273373
-0.012433
0.271877
-0.221216
-0.050155
-0.148294
-0.170610
0.359039
-0.043886
-0.224983
-0.003686
0.146585
0.053058
0.061254
-0.047469
-0.360962
-0.186569
-0.297436
-0.335411
0.108763
0.366920
0.090196
0.053588
0.205568
-0.032609
0.041783
0.123960
0.307034
-0.242647
0.090292
0.149860
