0.481541
0.625673
0.499133
0.712528
0.162674
0.871683
0.410812
0.882010
0.390913
0.284536
0.545435
0.779865
0.626423
0.847605
0.649965
0.556356
0.293404
0.903685
0.634518
0.604275
0.546898
0.544050
0.329263
0.428541
0.634640
0.386557
0.538116
0.431498
0.507235
0.532307
0.398863
0.399921
0.746838
0.483377
0.110831
0.320208
0.465584
0.523262
0.313192
0.267196
0.507627
0.444009
0.045890
0.244576
0.287690
0.697029
0.687658
0.467093
0.597239
0.735624
0.660223
0.554834
0.391373
0.689314
0.572678
0.611391
0.188698
0.521494
0.454036
0.581488
0.641483
0.438278
0.393278
0.799459
0.333527
0.504557
0.115749
0.799109
0.613199
0.316796
0.955778
0.532698
0.460632
0.112196
0.663273
0.637794
0.694777
0.763935
0.690271
0.289267
0.611254
0.461020
0.429930
0.588453
0.563334
0.413306
0.496098
0.638758
0.636929
0.363133
0.330769
0.575834
0.686964
0.309875
0.671547
0.722620
0.517733
0.488745
0.819601
0.541632
0.805542
0.771458
0.372882
0.266172
0.769207
0.147855
0.789522
0.575682
0.497616
0.590319
0.450776
0.405121
0.465511
0.293706
0.404275
0.728672
0.408011
0.788675
0.363506
0.341192
0.851635
0.695446
0.616854
0.536299
0.416019
0.586275
0.669615
0.230004
0.187847
0.487596
0.660662
0.578768
0.369580
0.733820
0.730494
0.842089
0.767227
0.516094
0.414298
0.679016
0.520584
0.567205
0.195109
0.871649
0.560738
0.188239
0.596395
0.264999
0.087439
0.371773
0.309494
0.826246
0.178192
0.222600
0.473070
0.479764
0.396557
0.141067
0.413518
0.584406
0.330110
0.774008
0.461042
0.399517
0.503906
0.490089
0.352580
0.683451
0.418503
0.654732
0.472991
0.824640
0.332463
0.255785
0.692812
0.305071
0.330024
0.699905
0.455624
0.418634
0.657505
0.464945
0.355408
0.721251
0.576572
0.714029
0.315016
0.673403
0.855545
0.728533
0.555231
0.596352
0.499066
0.312526
0.584726
0.413671
0.502892
0.233557
0.507820
0.509075
0.889463
0.568941
0.444240
0.332452
0.711451
0.550051
0.523075
0.452172
0.247655
0.682001
0.571083
0.907463
0.443195
0.222742
0.625963
0.720043
0.233470
0.351678
0.690870
0.203015
0.376910
0.656799
0.384748
0.575804
0.557457
0.380172
0.285725
0.170871
0.617651
0.382847
0.681118
0.617640
0.248039
0.423909
0.249091
0.659317
0.560961
0.473166
0.223636
0.694170
0.451862
0.680271
0.712156
0.308059
0.789736
0.636675
0.325524
0.723036
0.688179
0.718529
0.625879
0.652773
0.672024
0.310353
0.639275
0.340005
0.390800
0.225173
0.398728
0.419149
0.608021
0.075926
0.624470
0.555885
0.501009
0.574562
0.627073
0.358219
0.344423
0.436090
0.754517
0.209286
0.412611
0.462752
0.402898
0.313321
0.211125
0.314250
0.148055
0.198306
0.143302
0.662235
0.852247
0.403008
0.383286
0.602497
0.628565
0.660810
0.827669
0.728294
0.667643
0.431769
0.692074
0.704432
0.399526
0.304055
0.575243
0.611980
0.249958
0.805220
0.344769
0.415619
0.599888
0.757380
0.579372
0.703058
0.771702
0.678799
0.431481
0.808058
0.576933
0.160165
0.766546
0.839882
0.450345
0.736383
0.439631
0.491910
0.508169
0.565855
0.216729
0.286337
0.409493
0.909977
0.876322
0.396702
0.212412
0.448090
0.419827
0.463987
0.366138
0.766899
0.464988
0.852022
0.520357
0.340611
0.854809
0.405333
0.430110
0.396815
0.209470
0.304466
0.442533
0.087714
0.255322
0.595009
0.824099
0.697256
0.384789
0.328345
0.375255
0.487070
0.617434
0.370129
0.395428
0.491004
0.767279
0.309287
0.826948
0.774788
0.658827
0.305231
0.537766
0.420066
0.153333
0.168647
0.761848
0.118667
0.460706
0.190788
0.100863
0.670179
0.495255
0.246698
0.643444
0.453877
0.138404
0.578514
0.147659
0.408745
0.319859
0.408466
0.596815
0.824015
0.478423
0.577623
0.311545
0.544254
0.772463
0.549192
0.315121
0.541817
0.439803
0.738438
0.373754
0.596611
0.908707
0.723732
0.715281
0.367791
0.325220
0.519444
0.923969
0.521473
0.652142
0.566965
0.561180
0.790545
0.441730
0.708839
0.785843
0.463036
0.229004
0.378736
0.283130
0.595284
0.658491
0.596977
0.840984
0.543097
0.142694
0.452356
0.383466
0.585972
0.302941
0.343047
0.293556
0.207726
0.477479
0.594213
0.575518
0.503698
-0.011196
-0.089800
0.105588
-0.202106
-0.016337
-0.222451
-0.125000
-0.215972
-0.103651
-0.068513
0.131106
-0.277670
-0.061184
0.063448
0.104764
-0.084725
0.156713
-0.029826
-0.264078
0.042362
-0.211337
-0.057306
-0.019105
-0.058408
0.090993
0.049067
-0.042956
-0.152533
-0.106874
0.187725
0.041168
0.173773
-0.193917
-0.143376
-0.029467
0.079879
0.071882
-0.153333
0.303326
0.258365
-0.074270
0.144298
-0.018729
0.302255
0.207746
0.085459
-0.220756
-0.071541
0.057341
-0.194125
-0.321023
0.136137
0.185702
-0.192552
-0.212403
-0.013439
0.293090
0.034773
0.125871
-0.251494
-0.068769
-0.123094
0.211835
0.029157
0.023086
0.184079
0.109035
0.094969
-0.259387
-0.026482
-0.084376
-0.044102
0.265391
0.334604
-0.177846
0.035428
-0.017647
-0.109603
-0.326246
0.039118
0.133403
-0.209560
-0.113168
0.030682
-0.113114
-0.035439
-0.130333
-0.258309
0.145777
0.284536
-0.072094
-0.071145
-0.276267
-0.148682
-0.189565
-0.106737
0.181263
0.068181
-0.158211
0.212008
0.041698
-0.242588
0.019196
0.307091
-0.345694
0.278483
-0.095192
0.073792
-0.119545
0.016271
-0.175514
-0.133717
0.095134
0.000318
0.187098
0.129596
0.111879
-0.380368
-0.128714
0.110078
0.051745
-0.201384
0.186510
-0.223388
-0.059933
-0.149498
-0.039992
-0.026247
0.355258
-0.199337
-0.253658
0.106824
-0.004216
-0.085176
-0.023797
-0.204042
-0.244403
-0.118987
-0.128541
-0.075525
0.185706
-0.157611
0.230177
-0.156870
-0.009717
0.125432
-0.027274
-0.045415
0.182772
0.133568
0.210530
-0.202059
0.371604
0.249463
0.012263
-0.126039
-0.191302
-0.028863
-0.004710
0.163957
-0.079490
-0.110792
0.124338
0.063871
-0.195968
-0.048168
0.299248
-0.149106
0.124110
-0.268137
0.213079
-0.127894
0.011961
0.151988
-0.283053
0.291800
-0.158580
-0.020196
-0.191325
0.023616
-0.175051
0.166780
0.259266
-0.241156
-0.023176
-0.166179
0.068804
-0.065192
-0.193334
0.064094
-0.049388
0.017310
-0.044988
-0.072627
-0.210663
0.049177
0.028490
-0.058992
0.190204
-0.138667
-0.327705
0.113726
0.171149
0.121965
-0.172573
0.177094
-0.023944
-0.041019
0.158031
-0.069404
0.131883
-0.018153
-0.050200
0.243573
-0.259886
0.075911
-0.068475
0.099051
-0.137435
0.174192
0.017278
0.103311
-0.098631
0.119867
-0.258874
-0.019161
0.021467
0.207325
-0.078153
-0.078463
0.068083
0.031851
-0.112314
0.090522
0.006816
-0.137310
-0.021384
0.129871
0.260513
-0.301062
-0.085400
-0.045314
0.118494
0.153400
-0.240026
-0.290102
0.081157
-0.160924
-0.043474
0.090164
0.160844
-0.317462
0.047608
-0.087075
0.092538
0.226444
0.043051
-0.033572
-0.005074
0.255032
-0.112035
0.063008
-0.004384
-0.076772
0.152953
0.149432
0.075474
-0.016008
0.133435
0.045855
-0.170628
0.337034
-0.147035
-0.052133
0.052725
0.052357
0.094898
-0.154541
0.328565
-0.095577
0.373333
0.052275
-0.413614
0.129674
0.255334
0.118342
-0.081592
-0.139901
0.084769
0.060334
-0.176137
-0.027267
-0.315501
0.110746
0.185517
0.276871
0.112600
-0.029141
-0.030404
-0.191674
-0.129153
0.090812
-0.144772
-0.276188
0.185679
0.057240
-0.076832
-0.156557
0.191122
-0.185400
-0.104557
0.274323
-0.280702
-0.228039
-0.032580
-0.316079
-0.110274
0.174828
-0.016560
-0.174216
0.236870
0.245012
0.088074
-0.079209
-0.081952
-0.017674
0.196529
0.032357
0.245027
0.167258
0.277260
0.114741
-0.032062
-0.303513
-0.161447
0.006039
-0.395559
0.200007
0.139616
0.233271
0.014608
-0.113094
0.069882
0.171039
0.098286
0.183745
-0.145038
-0.013121
0.212130
-0.161600
0.251506
0.011290
0.083988
0.049447
-0.069051
0.001459
0.033483
0.276188
-0.405026
-0.012758
0.005738
0.311074
0.101985
-0.173902
0.007561
0.378246
-0.168439
0.049710
0.139969
-0.028247
-0.007153
0.154576
-0.141341
0.208596
-0.112094
0.102812
0.246474
0.182286
0.091400
0.020894
0.309686
-0.094804
0.179185
-0.044611
0.102220
-0.180000
-0.041443
-0.013007
-0.341521
-0.156337
-0.025765
0.101925
-0.135396
-0.361490
0.217580
-0.129545
0.017890
-0.240415
-0.079835
0.156726
0.021471
0.058878
-0.124698
0.027130
-0.168526
-0.238502
-0.158483
0.077950
-0.203792
-0.067082
-0.191866
0.254604
0.275247
-0.012682
0.209992
-0.061376
-0.046239
0.167415
0.074326
0.051082
0.012788
-0.099015
0.004298
-0.124318
-0.021662
-0.066545
0.185556
-0.003772
-0.016828
-0.184412
0.152953
0.151643
-0.068098
0.132295
-0.076647
-0.229470
0.135961
0.112568
-0.105823
0.038139
-0.201901
0.455667
0.161412
-0.095881
0.283020
0.119941
0.210765
-0.247274
0.169216
-0.125371
-0.267685
0.323098
-0.386921
0.320883
0.505882
0.109138
-0.150803
-0.029490
-0.313842
-0.037960
-0.269548
0.080039
0.341608
0.178980
-0.304293
-0.252058
-0.052510
0.348685
-0.239882
-0.156313
0.286039
0.075236
-0.318059
-0.069568
-0.023059
-0.135431
0.050373
0.190117
-0.279902
0.319588
0.064353
-0.032980
0.126059
0.194452
0.189922
0.014530
-0.213430
-0.477901
-0.117373
-0.010254
0.000765
-0.286529
-0.449255
-0.174647
0.411881
-0.236921
0.092726
0.358980
0.111765
-0.147157
-0.314353
0.496177
0.028472
-0.112980
-0.190804
-0.094980
-0.148411
-0.040039
0.195530
0.086686
-0.237470
0.262295
-0.044274
-0.211803
-0.060667
-0.371764
0.317726
0.242922
-0.232255
0.303157
-0.386765
0.283509
-0.083764
-0.216195
0.209256
-0.189294
0.164294
-0.317450
-0.447332
-0.339334
0.154824
-0.244666
0.156843
0.183295
0.257746
-0.033960
0.188705
0.011353
0.026393
0.286253
-0.419373
-0.311470
0.031138
0.153765
-0.005862
0.485470
0.299020
-0.305549
0.113392
0.164745
-0.002392
0.344039
-0.169156
-0.083745
-0.489567
0.042118
0.243981
0.294157
0.241686
0.414059
-0.147588
0.394489
0.270177
-0.507765
0.477392
-0.089882
-0.441334
0.049079
0.021863
-0.414942
0.334942
0.119902
-0.208999
-0.253353
0.172882
-0.114470
-0.385294
-0.044726
-0.420019
0.345510
0.019627
0.097020
0.072530
-0.047117
-0.087510
0.200372
-0.105392
0.256864
-0.024509
0.134275
0.053510
-0.172097
-0.086627
-0.293725
-0.060431
-0.226646
-0.383607
0.113627
-0.278353
0.157294
0.217726
0.154960
0.176804
0.109118
-0.198784
-0.169353
-0.005744
-0.064647
-0.114078
0.091255
0.381255
-0.092039
-0.329136
-0.163627
-0.239549
-0.316253
0.137530
-0.244549
-0.159392
-0.504784
-0.110667
-0.105882
-0.057059
0.319725
-0.400000
0.499923
-0.423549
-0.266588
-0.004255
-0.084490
0.407725
-0.305570
0.072883
0.065098
-0.296843
-0.226295
-0.001451
0.212412
-0.190549
0.401492
0.305686
-0.426313
-0.308352
-0.025471
0.027471
0.069510
-0.339314
-0.452804
0.441980
0.018314
-0.337764
0.231314
0.529449
0.122196
0.034020
-0.487961
0.102687
0.127490
-0.137137
-0.001961
0.043000
-0.246431
-0.305118
0.015491
0.436078
0.013431
0.404197
-0.182784
-0.289156
-0.401353
0.120334
0.116923
-0.210647
-0.087627
-0.008941
0.331823
0.084686
0.267138
0.498841
-0.090745
-0.331961
-0.458352
-0.476843
-0.321548
0.280861
0.174980
-0.292490
0.283157
-0.315333
0.187784
0.379569
0.244686
-0.058648
0.074451
-0.258862
-0.239980
0.090294
-0.469666
0.096667
0.418550
-0.254000
-0.300019
-0.083960
0.050353
0.229765
-0.092902
0.482568
0.213667
0.076255
0.464001
0.024941
0.359294
-0.094745
-0.353922
0.040157
-0.332922
0.338078
-0.353117
0.050628
0.125549
-0.165333
-0.184804
-0.148804
-0.223980
-0.011980
0.111373
0.055471
-0.022470
0.259116
-0.364882
-0.122961
0.105511
-0.047882
0.309707
-0.361156
0.181883
-0.398195
-0.496391
-0.219451
-0.223960
0.485019
-0.096529
-0.482079
-0.126745
0.166962
0.075099
-0.357255
-0.009569
-0.275608
0.208372
0.015197
0.174451
0.023177
-0.234000
0.469901
0.013609
-0.022234
0.006334
-0.010882
0.236490
0.158079
-0.131824
0.239588
0.108176
-0.339136
-0.021567
0.290060
-0.119921
0.099843
-0.032196
0.173137
0.484471
-0.128726
0.310883
0.458118
-0.059745
0.285196
-0.518568
-0.069314
0.007569
0.309235
-0.054117
0.083647
0.432804
-0.290529
0.036529
0.444391
-0.310353
0.042471
-0.181882
0.024510
-0.318490
-0.213313
0.165726
-0.210313
0.064961
0.144156
-0.020647
-0.052549
0.143608
0.049961
0.118176
0.111059
-0.078764
0.429058
-0.047843
-0.038117
0.097236
0.050608
-0.208215
0.104412
0.460237
0.252666
0.288450
0.278039
0.064941
-0.292431
0.205412
-0.245804
0.365431
0.123922
0.295725
0.046941
-0.189784
-0.055569
-0.062979
0.394607
0.088981
-0.081608
-0.177372
0.232589
-0.033666
0.457823
-0.273373
-0.012431
0.271882
-0.221215
-0.050157
-0.148293
-0.170608
0.359040
-0.043882
-0.224980
-0.003686
0.146588
0.053059
0.061255
-0.047471
-0.360960
-0.186567
-0.297430
-0.335411
0.108764
0.366921
0.090196
0.053588
0.205568
-0.032608
0.041784
0.123961
0.307040
-0.242647
0.090295
0.149863
