0.750498
0.352482
0.257467
0.615999
0.391251
0.706415
0.566886
0.621517
0.264580
0.416263
0.382082
0.573344
0.856058
0.468392
0.768753
0.450020
0.538173
0.522914
0.449247
0.438125
0.322894
0.672799
0.723298
0.491148
0.765804
0.640542
0.443745
0.325082
0.128780
0.259365
0.546549
0.764831
0.315149
0.389396
0.493659
0.591953
0.206337
0.357968
0.801152
0.359219
0.476360
0.179761
0.632392
0.442945
0.347980
0.698567
0.192690
0.886153
0.220310
0.641936
0.321529
0.543203
0.429184
0.744654
0.620905
0.191067
0.381274
0.475348
0.516596
0.397910
0.322396
0.648525
0.574613
0.637545
0.452541
0.478969
0.225576
0.544431
0.425066
0.437874
0.904822
0.313298
0.317462
0.535596
0.642243
0.552169
0.530862
0.834933
0.434400
0.452172
0.591317
0.455757
0.697506
0.605883
0.497109
0.729109
0.207647
0.881858
0.202839
0.609796
0.390741
0.526407
0.557322
0.550734
0.460204
0.595243
0.029702
0.272333
0.551544
0.454768
0.598063
0.455196
0.768066
0.502079
0.401490
0.407561
0.467247
0.518905
0.355768
0.601475
0.673207
0.243337
0.357404
0.666964
0.849218
0.554341
0.393325
0.353117
0.432279
0.481717
0.663188
0.709744
0.593506
0.217761
0.673925
0.465580
0.813004
0.703627
0.326043
0.477376
0.570266
0.623934
0.517953
0.334411
0.537157
0.506443
0.742419
0.589785
0.725176
0.510058
0.491431
0.394910
0.453224
0.848835
0.172400
0.299694
0.399255
0.454027
0.352639
0.245706
0.636744
0.315553
0.655725
0.643699
0.118694
0.625902
0.694658
0.633827
0.441227
0.431400
0.698205
0.711322
0.353203
0.326682
0.156259
0.778215
0.532953
0.787704
0.779870
0.669273
0.408290
0.567553
0.177012
0.449196
0.412467
0.236137
0.634443
0.814023
0.690164
0.401702
0.645556
0.440184
0.302635
0.597532
0.381306
0.421776
0.337435
0.186490
0.351854
0.778663
0.507364
0.460757
0.488365
0.746120
0.488886
0.530176
0.634862
0.318090
0.729028
0.413114
0.876391
0.724999
0.680941
0.638783
0.472066
0.391961
0.286067
0.517207
0.318129
0.565086
0.504291
0.849239
0.301521
0.218071
0.444024
0.382655
0.527701
0.781459
0.456317
0.580557
0.858674
0.259933
0.743890
0.343117
0.708184
0.529027
0.283992
0.453573
0.736144
0.601873
0.164110
0.723509
0.623572
0.732906
0.658545
0.206165
0.237012
0.645612
0.424372
0.440694
0.507396
0.342110
0.286012
0.808917
0.446906
0.730035
0.603890
0.674434
0.509874
0.647890
0.253373
0.364627
0.907823
0.294686
0.707745
0.726533
0.523540
0.289161
0.478659
0.556384
0.302180
0.228149
0.275972
0.625580
0.373373
0.046216
0.718471
0.495937
0.580130
0.255671
0.522012
0.498223
0.483333
0.507851
0.720141
0.515619
0.351886
0.320109
0.304055
0.747313
0.078525
0.443428
0.523812
0.688478
0.738112
0.342082
0.711262
0.559525
0.631243
0.776474
0.818039
0.521105
0.303624
0.505882
0.444109
0.376824
0.439952
0.275408
0.460443
0.430780
0.417078
0.393153
0.628831
0.785964
0.604305
0.459945
0.413729
0.252443
0.783529
0.603336
0.110282
0.447883
0.457463
0.634094
0.433784
0.897023
0.562730
0.444047
0.454930
0.490223
0.331047
0.269047
0.423647
0.635842
0.660481
0.455439
0.600348
0.800262
0.616847
0.472662
0.342015
0.444623
0.451196
0.269400
0.815969
0.466199
0.730517
0.340223
0.604197
0.510572
0.646137
0.715651
0.846310
0.100851
0.460270
0.390619
0.296427
0.319251
0.835839
0.451184
0.513224
0.465887
0.720231
0.522251
0.687110
0.492412
0.388388
0.285157
0.706121
0.705063
0.643372
0.634691
0.735066
0.508016
0.603917
0.547561
0.271639
0.333262
0.301957
0.578411
0.429215
0.244345
0.704761
0.387223
0.345643
0.754333
0.076396
0.341898
0.184109
0.912682
0.679083
0.697333
0.375820
0.811185
0.332411
0.650612
0.302423
0.721248
0.346467
0.419243
0.424690
0.692415
0.639314
0.456455
0.612303
0.657404
0.303741
0.583769
0.401365
0.305525
0.572879
0.531580
0.550317
0.277639
0.217357
0.482513
0.731799
0.294200
0.712266
0.326608
0.204134
0.503046
0.613244
0.282082
0.427505
0.356353
0.632522
0.729929
0.664152
0.680435
0.734553
0.385541
0.783548
0.785736
0.430851
0.391930
0.439219
0.434420
0.274251
0.540858
0.625498
0.548576
0.370992
0.761196
0.411596
0.588797
0.354235
0.554094
0.583996
0.478819
0.468384
0.487957
0.683996
0.492325
0.655592
0.407753
0.435678
0.584365
0.133761
0.396082
0.677799
0.279012
0.369306
0.458600
0.650130
0.499984
0.738383
0.502795
0.819957
0.714082
0.341078
0.556427
0.258737
0.297451
0.729493
0.672635
0.472800
0.194702
0.222808
0.467494
0.261204
0.391019
0.843306
0.355898
0.470345
0.494977
0.349478
0.202274
0.492788
0.483239
0.300486
0.757140
0.649424
0.370067
0.212267
0.595803
0.756777
0.361349
0.095851
0.687705
0.775258
0.439231
0.656004
0.446996
0.322510
0.496023
0.705011
0.208310
0.276106
0.338518
0.561804
0.538483
0.619011
0.515635
0.191078
0.199882
0.309611
0.541729
0.404459
0.503400
0.910521
0.290326
0.256619
0.670470
0.660392
0.468886
0.266274
0.528141
0.532811
0.362125
0.627717
0.305321
0.501632
0.394247
0.638318
0.711996
0.475651
0.755198
0.332176
0.752203
0.796295
0.593807
0.589239
0.525831
0.698746
0.481318
0.611267
0.118882
0.321600
0.601106
0.507834
0.228647
0.302129
0.464282
0.602420
0.074667
0.633443
0.868694
0.488361
0.463677
0.227345
0.226604
0.771301
0.616832
0.506403
0.520145
0.439353
0.567435
0.274172
0.471357
0.319192
0.771467
0.363035
0.908878
0.293376
0.472478
0.686447
0.791368
0.476913
0.593875
0.505302
0.685748
0.525824
0.808603
0.146110
0.424494
0.771125
0.193726
0.289713
0.370011
0.357231
0.216886
0.600090
0.425231
0.533545
0.102573
0.647507
0.383596
0.559483
0.622677
0.741678
0.289372
0.690396
0.517714
0.194329
0.280024
0.575573
0.582223
0.771219
0.754616
0.174479
0.573945
0.436443
0.700301
0.495824
0.586474
0.824623
0.263027
0.665752
0.814164
0.633486
0.319683
0.327302
0.529827
0.447043
0.863148
0.521874
0.505246
0.243996
0.492055
0.424623
0.399121
0.481255
0.700399
0.502215
0.375859
0.392741
0.663615
0.254333
0.749341
0.528757
0.429984
0.622286
0.265373
0.715666
0.817938
0.737399
0.651988
0.377216
0.513679
0.462678
0.422572
0.833360
0.793455
0.654977
0.390929
0.653129
0.587549
0.482004
0.596952
0.779431
0.493180
0.581455
0.256764
0.604279
0.380368
0.633795
0.696846
0.156812
0.473510
0.746361
0.686741
0.905795
0.479172
0.537495
0.733160
0.294361
0.685592
0.684149
0.671576
0.310244
0.557526
0.679976
0.442157
0.347059
0.446651
0.719086
0.701188
0.619581
0.614090
0.597141
0.696436
0.517968
0.590466
0.653028
0.121800
0.672964
0.283349
0.704647
0.416329
0.171031
0.561533
0.399769
0.073353
0.338130
0.350263
0.692067
0.518044
0.736129
0.486741
0.300145
0.344925
0.343992
0.683422
0.486910
0.276878
0.426325
0.316521
0.680196
0.344459
0.515992
0.274588
0.151420
0.333686
0.865502
0.219066
0.155761
0.534544
0.502416
0.271106
0.951322
0.673447
0.836114
0.463917
0.633525
0.759624
0.399560
0.438867
0.390494
0.546388
0.337478
0.576193
0.476694
0.267298
0.556314
0.374749
0.546478
0.395639
0.579125
0.524098
0.441545
0.507434
0.799132
0.478518
0.426502
0.660713
0.697584
0.582263
0.193639
0.199553
0.555497
0.845961
0.573274
0.387690
0.305956
0.505353
0.558011
0.592690
0.645220
0.533886
0.137459
0.279396
0.224525
0.615771
0.548996
0.780839
0.578204
0.680855
0.763031
0.269028
0.315478
0.200655
0.361843
0.225137
0.681921
0.490921
0.585678
0.676929
0.483882
0.780937
0.576756
0.625208
0.625278
0.448585
0.424768
0.227933
0.654937
0.570909
0.822926
0.711302
0.516666
0.847110
0.401396
0.326572
0.573408
0.535773
0.220239
0.262137
0.627326
0.569098
0.417164
0.643804
0.182753
0.781309
0.754941
0.162098
0.568482
0.640346
0.539302
0.638191
0.417360
0.529059
0.377400
0.339337
0.388340
0.687722
0.455125
0.339529
0.254710
0.275301
0.461529
0.473953
0.232937
0.448306
0.800525
0.806791
0.571761
0.318635
0.367482
0.610955
0.300734
0.485647
0.253588
0.370212
0.563655
0.304780
0.532757
0.833138
0.241376
0.482757
0.584157
0.661486
0.897368
0.257808
0.586204
0.281788
0.645803
0.453200
0.508043
0.314686
0.728502
0.669847
0.374020
0.546820
0.707008
0.472415
0.466439
0.689914
0.493180
0.419749
0.296949
0.679466
0.316094
0.436090
0.749505
0.583051
0.744346
0.278341
0.412714
0.685996
0.346478
0.293122
0.344733
0.242227
0.552548
0.343937
0.525187
0.611353
0.682690
0.735808
0.511419
0.409572
0.401733
0.772613
0.066918
0.404993
0.355553
0.419357
0.392329
0.734285
0.250976
0.277408
0.409831
0.454926
0.714669
0.456761
0.738251
0.455541
0.435377
0.447216
0.440090
0.670882
0.743812
0.784823
0.324255
0.406886
0.126012
0.734996
0.603619
0.811004
0.466883
0.702040
0.332274
0.282788
0.585176
0.284745
0.573779
0.239282
0.407403
0.668239
0.384266
0.658381
0.357517
0.381781
0.813581
0.658015
0.838541
0.849255
0.526557
0.573644
0.409298
0.377345
0.355498
0.149188
0.748721
0.679752
0.556522
0.877034
0.526446
0.748996
0.684117
0.406776
0.561561
0.601773
0.575118
0.445290
0.587517
0.735450
0.684572
0.406066
0.514663
0.064918
0.363000
0.757733
0.446698
0.761960
0.414129
0.399686
0.609595
0.351384
0.858882
0.316317
0.315282
0.625077
0.465952
0.174529
0.300910
0.609027
0.162090
0.713357
0.468549
0.731760
0.117384
0.443557
0.445231
0.392329
0.888847
0.331749
0.426780
0.870117
0.737815
0.527996
0.634862
0.686196
0.698729
0.380561
0.747156
0.110557
0.780248
0.468451
0.461941
0.635208
0.043588
0.137337
0.085615
-0.243357
0.172192
-0.009851
0.064486
0.099478
0.118729
-0.141086
0.132404
-0.004232
-0.226350
-0.104957
0.111898
-0.034302
0.059364
-0.104828
-0.078298
-0.016722
-0.064384
-0.230698
-0.271000
0.111478
-0.033411
0.145961
0.202286
0.175835
0.214545
-0.021420
0.049513
-0.179576
0.261785
-0.155004
0.013643
-0.003733
0.272855
-0.070024
-0.195522
-0.045549
-0.064667
-0.061408
0.097796
0.146694
-0.018788
0.061541
-0.036894
0.040577
-0.042710
-0.115192
0.023278
-0.107094
0.091820
-0.100146
-0.286326
0.058408
0.045816
0.206094
0.235953
-0.178482
-0.106592
-0.004667
-0.068502
0.155192
0.130462
0.235274
0.151459
-0.034392
-0.124306
0.247781
-0.080518
0.100584
0.333949
0.016145
-0.188722
-0.123126
-0.068181
-0.225616
-0.082549
0.036110
0.096902
0.088306
0.075459
-0.101411
-0.157706
0.079266
0.247129
-0.113600
0.284227
0.045372
0.147337
0.177059
-0.106294
-0.211298
0.184674
-0.265965
0.023976
0.045423
-0.010800
-0.100329
-0.145639
-0.090741
0.000255
-0.102400
0.215537
-0.189043
0.063474
-0.143353
0.023627
0.128501
0.039199
-0.027047
0.069231
-0.032918
-0.128459
0.059102
0.045773
-0.028906
-0.054498
-0.107710
0.165753
-0.345447
-0.220784
0.058882
-0.266035
0.253447
-0.207083
-0.242059
0.009314
0.218694
-0.052832
0.011251
-0.162181
-0.052577
0.200694
-0.235643
-0.239910
-0.025964
-0.231420
0.073274
-0.045039
-0.190510
0.193804
0.024192
0.214282
0.064768
0.083294
-0.177078
0.183439
0.317219
-0.137789
0.199906
0.121059
-0.067863
-0.031345
-0.292553
-0.104549
-0.091985
-0.097479
0.194898
-0.162290
-0.002733
0.059706
0.113239
0.382400
-0.178443
0.025173
-0.296929
0.085149
0.085596
0.214055
-0.107467
0.331663
0.116592
-0.083274
0.107659
-0.256349
-0.001114
-0.069420
0.217223
0.027682
0.231078
0.126996
0.001165
0.015063
0.097360
0.144611
0.348224
-0.142200
0.047134
0.105412
-0.014357
0.043267
-0.272592
0.247592
-0.012044
-0.013326
0.125188
-0.017130
0.070690
-0.228636
-0.094341
0.112510
-0.187106
-0.124192
-0.119475
0.212396
-0.090408
0.318255
-0.148866
-0.163318
-0.091772
-0.065365
0.255521
-0.091185
0.097274
-0.085961
0.053427
0.008921
-0.081161
-0.048149
-0.033243
0.052635
-0.004882
-0.159392
0.152651
0.273208
0.264992
-0.161580
-0.035765
0.187529
0.049203
-0.275973
-0.138804
-0.285479
0.037545
0.180564
0.073917
0.094137
0.061110
-0.220816
0.221529
-0.030663
-0.286180
0.038764
-0.121847
0.102360
0.100380
-0.069553
-0.179984
0.018086
-0.117702
-0.213228
-0.077431
-0.122584
0.065090
0.222796
0.002471
0.181373
-0.084651
0.258549
0.078769
-0.035447
0.130152
0.231231
0.116208
-0.270588
-0.025914
-0.247008
0.260126
-0.254937
-0.177690
0.043945
-0.138024
-0.174871
-0.207424
0.176130
-0.072510
0.328957
-0.331133
0.185216
-0.088957
-0.159279
0.118431
-0.166388
0.155847
0.035945
-0.090035
0.158318
-0.073393
-0.028244
0.125600
-0.141623
0.225867
0.107600
0.237184
-0.096769
0.273588
-0.079996
-0.053643
0.097714
-0.044800
-0.083757
-0.296052
-0.036957
0.180792
-0.064631
-0.008404
0.106572
-0.173384
0.098172
0.003365
0.027792
-0.061106
-0.026357
0.010113
-0.195969
-0.137412
-0.081055
-0.185228
0.226906
-0.109298
0.231639
0.084705
-0.321142
0.047972
0.030623
-0.270334
-0.114439
0.240184
0.115443
0.273408
-0.094749
-0.117024
-0.312777
0.158427
0.063192
0.060302
-0.287686
0.171474
0.035070
-0.190090
-0.264005
0.062286
0.186513
0.147349
-0.076310
-0.157032
0.009361
-0.009789
-0.194682
0.089266
-0.119086
-0.253177
-0.116161
-0.003094
0.084929
-0.084404
0.017282
0.118066
-0.281929
-0.157984
0.101341
-0.085969
-0.127432
-0.209725
-0.075694
-0.063663
0.139000
-0.215227
-0.182322
0.026494
-0.115184
-0.009192
0.090490
-0.218804
-0.010553
0.161757
0.061874
0.000517
-0.284031
-0.132808
0.089208
-0.113561
0.050592
-0.318220
-0.116079
0.137231
-0.112490
0.191337
0.254165
-0.246267
-0.256781
0.209639
-0.042678
-0.095788
-0.149373
0.029204
0.130682
0.137204
0.104110
0.095361
0.165408
-0.011075
-0.062541
-0.034812
-0.082302
-0.071384
-0.311898
0.269706
-0.071443
-0.158796
-0.153235
0.164208
0.165930
0.187490
-0.006436
0.049851
0.034012
0.029784
-0.048945
0.142310
0.073650
-0.016169
0.060106
0.030973
-0.111957
0.058310
-0.088534
0.168012
-0.242196
0.164286
0.114662
-0.366922
-0.136922
0.053832
0.035977
0.070910
0.129447
0.015345
0.049349
0.205580
0.002992
0.186247
-0.067921
0.021345
0.084737
-0.221933
0.071196
-0.028827
0.096851
0.312384
-0.177784
0.169925
0.006082
0.029898
-0.237945
0.184835
-0.349502
-0.177769
0.204694
-0.152279
-0.013482
0.029223
-0.229643
-0.151538
-0.207655
0.245753
-0.080627
0.211925
-0.030169
0.116298
-0.021337
0.262957
0.013545
-0.089259
-0.004121
-0.049294
-0.020482
0.067074
0.068321
-0.214341
-0.057118
0.039824
-0.042706
-0.198612
-0.368565
0.009482
-0.014353
-0.278647
-0.020710
0.189208
-0.141368
0.254807
-0.069992
0.066698
-0.186863
0.011353
0.022318
0.022643
-0.212722
-0.008427
-0.298769
0.203651
0.108663
0.152486
-0.032608
0.103964
0.102059
0.093910
-0.266671
-0.119753
-0.120431
0.113922
-0.079929
-0.163137
-0.084690
-0.009075
-0.005502
-0.099043
0.001835
-0.026788
0.239451
0.298176
-0.207981
-0.269385
0.074741
-0.105287
0.031525
0.098769
0.065510
-0.033619
-0.058369
0.204451
-0.120102
0.197294
-0.080773
0.285000
0.152549
-0.268847
-0.058800
-0.112412
-0.098467
-0.031655
0.147377
0.260447
-0.045506
0.062686
-0.186337
-0.199161
-0.034647
0.253207
-0.227082
-0.234039
0.113675
0.002647
-0.065714
-0.101718
-0.102063
0.113388
-0.004659
0.110447
-0.066675
-0.061318
0.314898
0.103357
-0.011601
-0.204161
-0.049353
-0.147475
-0.036432
0.038847
-0.114020
-0.135475
0.007192
-0.114220
-0.313870
0.250110
-0.049824
-0.062498
0.198526
0.063106
0.189000
-0.174424
-0.023357
0.302675
-0.025334
0.201063
-0.236753
0.019604
-0.123835
0.048721
-0.017525
0.098490
-0.012596
0.149796
-0.088287
0.124513
0.093211
0.008804
-0.024094
-0.091373
0.047651
-0.138114
0.211439
0.054843
-0.104757
-0.102431
-0.132757
-0.007004
-0.163220
-0.080098
-0.091475
-0.121796
-0.108079
-0.115965
-0.256831
0.156721
0.084522
-0.203451
0.030459
0.251396
-0.007153
-0.277200
0.059753
0.129537
0.163863
-0.316957
0.106475
-0.033059
0.129557
0.081804
-0.271431
0.029631
-0.346444
0.087584
-0.353235
-0.014067
-0.162424
-0.048282
-0.019361
-0.036086
-0.128381
-0.112545
-0.009730
0.201251
-0.226800
0.023573
0.069549
0.005298
-0.032303
-0.190702
-0.033440
-0.039455
-0.177769
-0.119553
0.089506
0.133671
0.000067
-0.094153
-0.046965
0.129047
-0.013483
0.119313
-0.131455
0.077207
0.206321
-0.194557
-0.083859
0.043898
0.196580
0.186913
-0.280612
-0.080510
0.074369
0.146792
-0.315259
-0.005431
-0.119769
0.043290
-0.147134
-0.300223
0.142721
0.108984
-0.192102
-0.036757
0.135874
-0.100886
-0.339087
-0.154769
0.093384
0.051659
-0.171588
0.081612
0.022819
-0.014043
-0.278890
-0.208569
-0.059314
0.074961
0.273039
-0.011443
0.112588
0.138294
0.055623
-0.101467
0.137510
0.178074
0.039545
-0.130969
-0.068769
-0.108165
0.006518
-0.075333
0.002529
0.104549
0.037196
0.138404
0.003663
-0.011757
-0.014655
0.097047
0.038192
0.250333
-0.259628
-0.229121
-0.053843
-0.100231
-0.001114
0.176976
0.264287
-0.165785
-0.124600
0.088451
-0.173357
0.222866
-0.014149
0.253153
-0.037902
-0.122757
0.270894
0.184596
-0.229212
-0.160298
-0.180871
-0.226683
-0.055749
-0.143675
-0.089412
-0.053796
-0.008988
0.042933
0.192537
0.029204
0.293267
-0.215800
0.090215
-0.197153
-0.169032
-0.201032
-0.021310
-0.050612
0.070894
-0.144777
0.036706
-0.102463
-0.213177
-0.267576
-0.140020
0.186055
0.047376
0.130874
0.080518
0.255874
-0.028847
0.047800
0.176768
-0.232749
0.194258
0.088490
-0.137259
-0.103153
0.130290
-0.093431
0.215608
0.277690
-0.162231
0.016266
0.079404
-0.039420
0.104792
-0.380193
0.200101
-0.114447
-0.087259
-0.053325
0.219667
0.137275
-0.030769
-0.208777
-0.112671
0.163608
0.211098
-0.033287
-0.016518
0.034098
-0.133063
0.010965
-0.049365
-0.227227
0.099455
0.102377
0.105619
0.083878
0.299078
-0.116482
-0.077275
-0.010730
-0.100216
0.001553
0.239984
0.152729
0.059071
0.149953
0.038282
-0.026479
-0.194639
0.111506
-0.037914
0.064149
0.191729
-0.003585
0.228333
-0.035459
-0.182737
0.064239
0.000349
-0.168800
-0.072373
0.241117
0.040549
0.027659
-0.094216
-0.001408
-0.178596
0.204863
0.031397
0.033686
-0.244153
0.219604
0.035239
0.145118
0.082200
-0.195823
0.003227
-0.025961
0.214275
0.100431
0.231988
-0.112063
0.164580
-0.013992
0.174486
-0.044796
0.098125
0.137615
0.017733
0.098474
-0.029475
0.094647
0.049459
-0.136502
0.121729
-0.045890
-0.136776
0.232133
0.158396
0.183619
-0.171890
0.062396
0.113090
-0.137784
0.207514
-0.241286
0.104102
0.063164
0.170463
-0.117624
0.015443
-0.035259
0.059870
-0.109533
-0.049251
-0.204486
-0.154906
-0.099278
0.082416
-0.135463
0.148482
-0.094635
-0.189525
-0.241478
-0.232847
-0.067796
0.004474
0.068086
0.163761
-0.274839
-0.038427
-0.009263
-0.212443
-0.214337
0.290086
0.283494
-0.017913
-0.043522
-0.089342
0.003839
-0.015279
0.072545
0.258713
0.044592
0.252569
-0.081804
-0.010608
-0.190761
-0.181082
-0.076345
-0.037223
-0.181886
0.265596
0.063384
0.016055
0.032749
-0.295122
0.020529
0.102545
-0.132494
0.182823
-0.227726
-0.141757
0.261090
-0.004353
-0.141804
0.106874
-0.170976
-0.038326
-0.273176
-0.167137
0.238239
0.238788
0.091576
0.134121
0.053647
0.009772
-0.166620
-0.138247
0.266400
-0.244098
0.114663
-0.353196
-0.126655
-0.112663
-0.047008
-0.092196
0.029926
-0.026479
-0.280361
0.335141
-0.279655
-0.070377
-0.244325
-0.019141
0.215980
0.051004
0.235310
0.045004
-0.134322
-0.184867
-0.268000
0.103917
-0.236789
-0.028847
-0.052094
0.105859
-0.166075
-0.365714
-0.031255
0.100325
-0.172678
0.083408
-0.252871
-0.304060
0.371980
0.135372
-0.144784
-0.064569
0.257568
-0.242746
0.266686
-0.091059
0.340097
0.304725
0.085313
0.081548
0.452627
0.106549
-0.153980
-0.045530
0.208686
-0.105138
0.468863
-0.190392
0.207921
0.160176
0.054215
-0.265883
-0.252314
-0.231039
0.055412
0.062490
0.319490
0.212039
-0.141177
0.074451
-0.169608
-0.388373
0.110274
-0.012431
-0.011294
-0.142079
-0.005510
-0.290628
0.162255
-0.537608
-0.309471
-0.002530
0.188764
0.154353
-0.048060
0.395039
0.049215
0.423215
0.204647
0.156745
-0.034020
-0.255745
-0.109137
-0.286334
0.030235
-0.054118
-0.125471
-0.169314
-0.359098
0.252785
-0.094863
-0.011687
0.381431
0.015412
0.076274
-0.149294
0.389961
0.073176
0.079510
-0.065196
-0.466451
-0.129961
0.035078
0.339333
0.024392
-0.012981
0.119372
-0.026785
-0.207177
-0.295412
-0.387059
0.375823
-0.034138
0.020823
0.089882
-0.005922
0.067098
-0.136373
-0.172824
0.323000
-0.400608
0.349725
-0.205707
-0.019176
-0.149471
0.390000
-0.168471
0.338862
0.460765
-0.088962
-0.240942
0.511333
-0.216510
0.309137
0.336058
-0.294922
-0.321256
-0.164001
0.295706
0.088980
0.158000
-0.091354
-0.152608
0.126274
0.546883
-0.062726
0.220745
-0.003824
-0.096295
-0.469099
0.321588
0.017706
0.400058
0.115882
-0.001471
-0.268843
0.403470
0.349490
-0.547392
0.347215
0.260529
-0.271707
0.343549
0.043627
-0.479589
0.062196
0.268137
-0.183432
-0.102196
-0.053569
-0.094451
-0.044588
-0.142510
-0.247059
0.179666
-0.213039
0.207628
-0.214589
0.400941
-0.506472
-0.169079
0.205510
0.128647
-0.286039
-0.298040
0.029196
-0.037863
-0.409570
-0.238726
0.034176
-0.162745
-0.078588
-0.139157
-0.436608
0.065823
-0.099314
0.142215
0.233568
0.334666
-0.062392
-0.339039
0.240216
-0.004177
-0.381157
-0.008864
0.175490
-0.077177
-0.318647
-0.141902
-0.193255
-0.207706
0.308843
0.011863
-0.179059
-0.077588
0.331235
-0.149863
-0.015059
0.438686
-0.390608
0.119509
-0.339451
-0.368804
-0.120040
-0.158647
0.213647
-0.221373
0.084352
-0.071824
-0.504510
-0.495059
0.208568
0.351098
0.017392
0.344431
0.243862
-0.323745
-0.249765
0.025608
0.151764
0.073608
-0.179687
-0.156804
0.183843
-0.358745
-0.131980
-0.099922
0.106784
0.470372
-0.281059
-0.283823
-0.029549
-0.003099
-0.135608
-0.249981
-0.060961
-0.438589
0.148470
-0.077393
0.106607
-0.257667
0.044960
0.214784
-0.004941
-0.552648
-0.055785
0.339313
-0.259373
0.209059
0.364922
-0.107608
0.385470
0.185235
0.254627
-0.048098
-0.175530
-0.396392
-0.150039
-0.068745
0.073980
0.188725
-0.352569
-0.055961
-0.431784
0.131647
0.309451
0.124274
0.209686
-0.059098
0.046882
-0.301118
0.202274
-0.006137
0.016470
0.297725
-0.460804
-0.141726
0.120019
-0.203157
0.167725
-0.132471
0.204234
0.036176
-0.047235
0.458862
-0.111922
-0.122373
-0.037922
-0.161961
0.328314
-0.583372
0.026764
-0.124647
-0.021922
0.214411
0.007000
-0.227079
-0.280746
-0.302353
0.328824
0.285568
0.016353
-0.086314
0.377804
-0.069588
-0.307628
0.434019
-0.111314
0.329412
-0.386549
0.156804
-0.420079
-0.283098
0.094607
0.150098
0.176157
0.083078
-0.072667
-0.379177
0.438138
0.255646
-0.342726
-0.150491
-0.383608
0.250353
0.061902
0.240803
-0.077118
-0.218843
0.457490
0.254117
0.167117
-0.045196
-0.351235
-0.072491
-0.014785
-0.139432
0.260745
0.390921
-0.327040
0.489588
0.030705
-0.230098
0.208902
0.024921
0.020391
0.384665
-0.511824
-0.049864
0.103863
-0.071275
0.105392
-0.339255
0.393628
0.339196
-0.086491
-0.161883
-0.037412
0.451392
-0.380725
-0.096942
0.188490
-0.311589
0.374882
-0.160726
0.130530
-0.257314
-0.199765
-0.123334
-0.383412
-0.012196
-0.251157
-0.353098
0.377530
-0.044667
0.189235
-0.221902
-0.177020
0.294824
0.245255
-0.171137
0.223157
-0.166373
0.105000
-0.000627
0.072431
0.018117
-0.062510
0.035019
0.471922
0.076196
-0.164333
0.141372
-0.237804
0.210157
0.497666
0.409745
-0.049177
-0.321922
-0.230608
0.184431
0.185313
0.035647
0.449137
-0.054569
0.508000
0.020961
0.240548
-0.284020
0.315392
0.485804
0.160235
0.023941
-0.297981
0.264843
0.121685
0.291471
0.285373
-0.038804
-0.190530
0.137863
-0.065412
0.162157
-0.338177
-0.303216
-0.142294
-0.455903
-0.410491
0.425550
-0.260805
-0.121667
0.093353
-0.075491
-0.086020
-0.074922
0.485333
-0.195823
0.046431
0.110490
0.135549
-0.155196
0.079274
0.295392
-0.231647
0.298313
-0.054765
0.409078
0.070745
-0.386804
-0.249157
0.397235
-0.148549
0.302843
0.044392
0.130686
-0.000373
0.519509
0.189784
0.106157
0.426020
-0.068608
-0.532529
-0.098040
-0.045726
-0.103941
-0.072569
-0.175785
0.320058
-0.126922
-0.065294
-0.061412
0.237313
0.011961
-0.280628
-0.095118
0.310274
0.181627
-0.205079
-0.236392
-0.106805
0.062784
-0.354157
-0.255353
-0.151785
0.307647
0.389940
-0.152157
0.207725
0.065117
0.056411
0.015941
-0.003883
0.141294
0.020706
0.467412
0.039765
-0.152648
-0.325785
0.357803
0.239862
0.123921
-0.221020
0.376784
-0.381138
0.013353
-0.235353
0.446156
0.294980
-0.438020
0.310157
0.087784
0.241784
-0.144392
0.447431
0.092412
0.161235
0.222372
0.040647
-0.148059
0.287490
-0.003334
-0.132118
0.283607
0.137960
-0.212196
0.131196
0.177725
0.154588
-0.192177
-0.082275
0.294059
0.031744
-0.204922
0.153823
0.170038
0.327863
-0.081922
-0.003628
0.005431
0.095451
0.206137
-0.423805
-0.277765
0.162137
-0.076765
0.430039
-0.193648
0.245999
0.470294
0.175313
-0.083922
-0.150059
-0.055176
-0.418118
-0.012098
-0.166981
0.332901
0.165235
-0.112784
0.138705
0.181333
0.281666
0.070059
-0.123981
-0.081530
0.237686
-0.413530
-0.163059
-0.380942
0.211333
-0.068001
-0.174804
0.304548
0.271646
0.090137
0.328176
0.184274
-0.205922
-0.040824
0.037548
-0.028197
-0.124745
0.504902
0.014999
-0.025451
0.492411
-0.252373
-0.309961
0.040235
-0.364765
0.445764
-0.395844
-0.083098
-0.103608
-0.002804
-0.064235
-0.480922
-0.313530
0.289725
-0.244452
0.412804
0.221725
0.198157
0.200333
-0.122020
-0.329118
-0.090922
0.060235
0.084784
-0.131746
0.097784
-0.046216
-0.256491
-0.014726
-0.031216
-0.181549
-0.139726
-0.283980
0.125510
0.517920
-0.031334
-0.048157
0.120058
-0.014040
0.365254
0.119667
0.438745
0.501352
0.320745
0.111058
-0.260118
0.216529
-0.285020
0.457078
-0.100550
0.210373
-0.389059
-0.291863
0.273020
0.310725
0.193804
-0.146216
-0.352902
0.037706
-0.258922
0.233294
-0.244236
-0.399040
0.468746
-0.118726
0.119274
-0.182412
-0.267275
0.238940
0.320568
-0.419432
-0.258804
0.141901
-0.432687
-0.455079
0.252961
-0.175785
0.378470
-0.029648
-0.336118
0.175510
-0.336294
-0.107765
-0.113942
-0.065295
0.102568
-0.437157
-0.309491
-0.247922
0.117568
0.046588
-0.014628
-0.227451
0.164568
-0.063294
0.269216
0.283843
-0.343686
0.101940
-0.092216
-0.540137
0.197509
0.263980
0.221587
0.281843
0.328334
-0.142863
0.106451
0.087372
-0.172902
-0.129667
-0.251726
0.008216
-0.337823
0.251353
-0.057471
0.384568
0.329196
-0.266569
0.237039
-0.171039
-0.320373
0.122019
0.216902
0.462000
-0.558295
-0.131294
0.228431
-0.284569
-0.129745
-0.483216
-0.209314
-0.449255
-0.216824
-0.088118
0.450392
0.111117
0.286039
-0.060961
0.198490
0.113137
0.326392
-0.053628
0.121352
-0.011040
0.095313
0.166686
-0.143491
-0.092510
-0.202687
-0.008863
0.253470
-0.003628
0.213548
-0.046647
-0.059039
0.272274
0.338686
0.167372
0.502707
0.307313
0.303980
-0.322000
0.377098
0.086764
-0.309726
0.310470
0.197882
-0.023687
0.249510
0.394353
0.089843
-0.043530
-0.274275
-0.406608
-0.054569
-0.178961
0.375470
0.318960
-0.169059
-0.442216
-0.206922
0.082392
0.171176
-0.093765
0.037764
0.110117
0.178509
-0.142589
-0.239530
0.166607
0.066745
-0.035941
-0.155392
-0.073177
-0.049569
-0.467530
-0.382530
-0.469098
0.128607
0.383999
-0.072726
-0.399354
-0.176942
-0.349020
-0.190569
0.287921
0.089039
-0.430099
0.087450
-0.082039
-0.355687
0.399961
0.103157
0.332510
-0.210824
0.040529
-0.074393
-0.134726
-0.202451
0.203098
-0.485529
-0.035706
-0.447844
-0.125921
-0.110902
-0.397413
0.026372
0.123980
-0.248707
-0.462823
-0.009432
-0.321432
-0.347177
-0.286373
-0.053432
-0.020726
0.101941
0.133980
0.166588
0.189392
0.054353
0.327921
-0.030471
0.057118
0.143411
-0.241295
0.097254
-0.450020
0.243412
0.510196
0.272509
0.272882
-0.140510
-0.177745
0.249764
0.365607
0.042255
0.275744
-0.125412
0.410961
0.329941
-0.237255
0.087117
0.083156
0.093784
-0.483333
0.062431
-0.422079
0.170078
0.331823
0.284725
0.224431
0.041941
-0.262765
-0.235471
-0.331275
0.115372
-0.240627
-0.264667
-0.260647
-0.247844
0.007843
0.112627
0.128666
-0.069510
-0.255020
-0.122745
-0.026863
0.020725
-0.248549
-0.233707
-0.166353
0.131608
-0.144176
-0.085216
0.227411
-0.112510
-0.020373
0.320333
0.157961
-0.308372
0.088039
0.380372
-0.266432
-0.072314
0.044510
0.019706
-0.057333
-0.096118
0.374862
-0.217589
0.175471
-0.136726
-0.104961
0.402509
-0.203824
0.259843
-0.338039
-0.231079
-0.337236
0.030823
0.150608
-0.402805
0.162823
0.006431
0.028608
0.289843
-0.103667
0.108627
0.093156
0.052274
-0.199745
-0.333805
0.334667
0.051235
-0.506511
0.479568
0.170941
0.051549
-0.233569
-0.073628
0.350980
-0.058098
0.309078
-0.273020
-0.273393
-0.412157
-0.013177
0.008392
-0.128236
0.267392
-0.063197
0.539392
-0.236197
0.099627
0.031215
-0.207588
0.389078
-0.074471
-0.196942
-0.034393
-0.022197
0.117921
-0.468588
-0.204549
0.269548
-0.359706
-0.339981
-0.074118
-0.308157
-0.056922
-0.248530
0.042823
0.500373
0.160940
-0.230196
-0.290040
-0.253236
-0.343765
-0.283667
0.135549
0.024019
0.272960
0.160333
0.304843
0.372196
0.091157
0.097255
0.246666
-0.083706
0.000313
0.111882
-0.005510
0.120647
0.157902
-0.308039
-0.227216
-0.201804
-0.033020
0.313666
0.107058
-0.089942
-0.449471
-0.467530
-0.106589
0.226470
-0.082726
0.218372
-0.024745
-0.426490
-0.163275
0.110804
-0.402471
