390.281250
399.875000
481.394531
478.046875
479.304688
460.671875
452.613281
470.378906
439.867188
323.195312
519.195312
357.140625
450.097656
322.171875
452.441406
533.632812
317.652344
454.968750
445.566406
374.386719
517.140625
429.777344
443.085938
535.804688
511.835938
452.562500
448.921875
336.593750
472.214844
391.097656
402.691406
419.570312
287.871094
422.171875
422.453125
349.031250
339.945312
361.039062
441.660156
327.179688
413.003906
372.183594
475.449219
407.085938
411.964844
355.875000
460.648438
404.730469
421.757812
340.816406
516.031250
373.988281
469.500000
327.007812
328.570312
489.410156
405.738281
413.570312
385.382812
410.812500
410.890625
495.730469
356.468750
394.703125
306.039062
268.531250
484.144531
378.718750
353.296875
352.929688
439.824219
463.332031
485.996094
368.664062
410.746094
428.429688
334.246094
312.789062
437.781250
409.660156
401.710938
417.117188
421.218750
348.113281
408.648438
411.335938
313.570312
388.085938
405.355469
461.441406
353.113281
399.359375
