0.750488
0.352486
0.257477
0.616013
0.391251
0.706421
0.566895
0.621521
0.264580
0.416267
0.382088
0.573349
0.856079
0.468399
0.768768
0.450020
0.538177
0.522934
0.449242
0.438126
0.322891
0.672821
0.723312
0.491150
0.765808
0.640549
0.443741
0.325081
0.128784
0.259369
0.546555
0.764847
0.315147
0.389404
0.493668
0.591965
0.206337
0.357964
0.801163
0.359222
0.476364
0.179760
0.632401
0.442955
0.347984
0.698578
0.192692
0.886154
0.220314
0.641937
0.321541
0.543198
0.429192
0.744659
0.620926
0.191071
0.381279
0.475349
0.516602
0.397911
0.322403
0.648529
0.574615
0.637558
0.452545
0.478973
0.225578
0.544434
0.425072
0.437874
0.904846
0.313301
0.317467
0.535599
0.642242
0.552170
0.530869
0.834946
0.434395
0.452179
0.591324
0.455757
0.697525
0.605896
0.497116
0.729126
0.207653
0.881866
0.202843
0.609802
0.390747
0.526428
0.557327
0.550735
0.460220
0.595245
0.029702
0.272331
0.551544
0.454781
0.598068
0.455193
0.768082
0.502090
0.401505
0.407570
0.467247
0.518921
0.355766
0.601471
0.673203
0.243340
0.357407
0.666962
0.849228
0.554352
0.393333
0.353127
0.432274
0.481728
0.663208
0.709747
0.593506
0.217762
0.673935
0.465576
0.813004
0.703644
0.326042
0.477371
0.570282
0.623932
0.517960
0.334412
0.537170
0.506454
0.742416
0.589783
0.725189
0.510071
0.491440
0.394920
0.453232
0.848831
0.172401
0.299690
0.399261
0.454033
0.352646
0.245708
0.636765
0.315559
0.655731
0.643707
0.118696
0.625900
0.694672
0.633835
0.441238
0.431404
0.698212
0.711319
0.353203
0.326683
0.156258
0.778214
0.532944
0.787720
0.779892
0.669281
0.408295
0.567551
0.177013
0.449203
0.412468
0.236137
0.634445
0.814026
0.690170
0.401711
0.645554
0.440193
0.302643
0.597534
0.381310
0.421783
0.337433
0.186493
0.351852
0.778671
0.507370
0.460754
0.488365
0.746124
0.488884
0.530182
0.634872
0.318100
0.729050
0.413124
0.876389
0.725006
0.680954
0.638794
0.472084
0.391968
0.286064
0.517212
0.318130
0.565094
0.504303
0.849243
0.301529
0.218075
0.444023
0.382660
0.527710
0.781479
0.456329
0.580582
0.858688
0.259933
0.743896
0.343117
0.708191
0.529022
0.283989
0.453575
0.736145
0.601883
0.164112
0.723511
0.623581
0.732910
0.658569
0.206169
0.237019
0.645599
0.424377
0.440697
0.507401
0.342110
0.286011
0.808929
0.446907
0.730057
0.603897
0.674438
0.509888
0.647888
0.253380
0.364632
0.907822
0.294693
0.707764
0.726532
0.523544
0.289169
0.478661
0.556381
0.302185
0.228153
0.275970
0.625580
0.373375
0.046216
0.718491
0.495941
0.580154
0.255676
0.522018
0.498230
0.483337
0.507858
0.720154
0.515625
0.351891
0.320114
0.304062
0.747299
0.078527
0.443436
0.523819
0.688477
0.738129
0.342087
0.711273
0.559540
0.631256
0.776474
0.818039
0.521103
0.303619
0.505890
0.444107
0.376831
0.439957
0.275414
0.460449
0.430786
0.417091
0.393150
0.628845
0.785965
0.604309
0.459946
0.413727
0.252441
0.783554
0.603333
0.110283
0.447884
0.457466
0.634094
0.433792
0.897034
0.562729
0.444046
0.454933
0.490234
0.331047
0.269043
0.423653
0.635849
0.660477
0.455444
0.600357
0.800278
0.616852
0.472664
0.342018
0.444626
0.451202
0.269402
0.815964
0.466209
0.730515
0.340225
0.604202
0.510574
0.646149
0.715637
0.846329
0.100855
0.460281
0.390625
0.296432
0.319252
0.835846
0.451195
0.513229
0.465897
0.720230
0.522263
0.687119
0.492416
0.388397
0.285164
0.706131
0.705063
0.643387
0.634689
0.735062
0.508026
0.603928
0.547562
0.271637
0.333267
0.301964
0.578415
0.429222
0.244347
0.704773
0.387222
0.345650
0.754349
0.076397
0.341904
0.184113
0.912689
0.679092
0.697357
0.375816
0.811203
0.332413
0.650620
0.302429
0.721268
0.346466
0.419250
0.424690
0.692413
0.639328
0.456459
0.612320
0.657410
0.303749
0.583755
0.401360
0.305527
0.572891
0.531586
0.550323
0.277641
0.217361
0.482513
0.731796
0.294205
0.712280
0.326607
0.204132
0.503052
0.613251
0.282082
0.427513
0.356354
0.632523
0.729935
0.664154
0.680435
0.734558
0.385544
0.783554
0.785736
0.430855
0.391937
0.439224
0.434418
0.274254
0.540848
0.625504
0.548569
0.370995
0.761200
0.411606
0.588806
0.354233
0.554092
0.584015
0.478828
0.468399
0.487961
0.683990
0.492332
0.655594
0.407753
0.435684
0.584381
0.133762
0.396095
0.677811
0.279015
0.369316
0.458611
0.650131
0.499992
0.738388
0.502808
0.819962
0.714111
0.341080
0.556427
0.258736
0.297455
0.729492
0.672638
0.472801
0.194702
0.222809
0.467491
0.261208
0.391022
0.843323
0.355896
0.470352
0.494987
0.349480
0.202274
0.492783
0.483238
0.300491
0.757156
0.649429
0.370064
0.212269
0.595825
0.756775
0.361351
0.095852
0.687729
0.775253
0.439232
0.656006
0.446999
0.322517
0.496025
0.705017
0.208309
0.276108
0.338516
0.561813
0.538483
0.619019
0.515640
0.191078
0.199886
0.309624
0.541733
0.404457
0.503418
0.910522
0.290329
0.256622
0.670486
0.660385
0.468895
0.266273
0.528137
0.532806
0.362122
0.627731
0.305328
0.501633
0.394249
0.638321
0.712006
0.475662
0.755188
0.332176
0.752213
0.796310
0.593811
0.589249
0.525848
0.698746
0.481323
0.611267
0.118883
0.321602
0.601120
0.507843
0.228649
0.302139
0.464294
0.602417
0.074667
0.633438
0.868698
0.488365
0.463676
0.227352
0.226604
0.771317
0.616837
0.506424
0.520157
0.439362
0.567444
0.274170
0.471359
0.319191
0.771469
0.363037
0.908905
0.293373
0.472488
0.686462
0.791382
0.476906
0.593887
0.505295
0.685760
0.525833
0.808609
0.146111
0.424492
0.771133
0.193726
0.289711
0.370010
0.357231
0.216888
0.600098
0.425240
0.533554
0.102571
0.647522
0.383591
0.559494
0.622665
0.741684
0.289368
0.690414
0.517731
0.194332
0.280022
0.575577
0.582230
0.771225
0.754608
0.174480
0.573944
0.436440
0.700302
0.495827
0.586487
0.824631
0.263031
0.665756
0.814178
0.633484
0.319695
0.327309
0.529831
0.447044
0.863174
0.521881
0.505249
0.243999
0.492058
0.424629
0.399124
0.481262
0.700394
0.502228
0.375854
0.392746
0.663620
0.254333
0.749359
0.528748
0.429993
0.622284
0.265381
0.715668
0.817947
0.737411
0.651993
0.377213
0.513702
0.462685
0.422577
0.833359
0.793442
0.654999
0.390930
0.653122
0.587555
0.482002
0.596970
0.779449
0.493187
0.581467
0.256767
0.604279
0.380371
0.633789
0.696838
0.156818
0.473511
0.746353
0.686737
0.905807
0.479179
0.537506
0.733185
0.294365
0.685608
0.684143
0.671585
0.310249
0.557541
0.679977
0.442154
0.347069
0.446655
0.719086
0.701202
0.619598
0.614090
0.597153
0.696442
0.517975
0.590469
0.653015
0.121801
0.672974
0.283348
0.704666
0.416336
0.171032
0.561539
0.399780
0.073353
0.338135
0.350258
0.692078
0.518051
0.736130
0.486748
0.300148
0.344933
0.343994
0.683426
0.486908
0.276886
0.426323
0.316528
0.680206
0.344452
0.515991
0.274597
0.151421
0.333687
0.865524
0.219067
0.155758
0.534546
0.502426
0.271111
0.951324
0.673447
0.836121
0.463921
0.633530
0.759628
0.399567
0.438873
0.390503
0.546387
0.337486
0.576202
0.476692
0.267296
0.556320
0.374756
0.546478
0.395653
0.579132
0.524094
0.441551
0.507431
0.799164
0.478523
0.426514
0.660721
0.697586
0.582275
0.193638
0.199554
0.555496
0.845978
0.573273
0.387703
0.305962
0.505356
0.558014
0.592697
0.645233
0.533890
0.137463
0.279404
0.224529
0.615784
0.549011
0.780853
0.578217
0.680862
0.763031
0.269035
0.315491
0.200657
0.361847
0.225140
0.681931
0.490921
0.585678
0.676941
0.483887
0.780945
0.576767
0.625214
0.625290
0.448586
0.424767
0.227932
0.654953
0.570908
0.822937
0.711319
0.516663
0.847122
0.401405
0.326576
0.573410
0.535782
0.220242
0.262138
0.627335
0.569107
0.417175
0.643814
0.182755
0.781311
0.754944
0.162102
0.568497
0.640350
0.539307
0.638184
0.417366
0.529053
0.377403
0.339340
0.388344
0.687729
0.455132
0.339539
0.254715
0.275307
0.461525
0.473961
0.232937
0.448311
0.800537
0.806793
0.571747
0.318634
0.367485
0.610962
0.300735
0.485657
0.253586
0.370224
0.563660
0.304787
0.532761
0.833145
0.241383
0.482758
0.584167
0.661499
0.897385
0.257812
0.586212
0.281784
0.645798
0.453209
0.508057
0.314690
0.728531
0.669846
0.374031
0.546829
0.707016
0.472420
0.466446
0.689926
0.493187
0.419754
0.296951
0.679474
0.316101
0.436089
0.749512
0.583054
0.744370
0.278343
0.412712
0.686005
0.346481
0.293114
0.344734
0.242229
0.552551
0.343941
0.525192
0.611359
0.682709
0.735809
0.511429
0.409576
0.401733
0.772614
0.066919
0.404991
0.355560
0.419365
0.392342
0.734283
0.250984
0.277412
0.409836
0.454933
0.714676
0.456764
0.738266
0.455544
0.435379
0.447220
0.440094
0.670883
0.743805
0.784821
0.324257
0.406883
0.126015
0.735001
0.603638
0.811020
0.466888
0.702057
0.332275
0.282791
0.585190
0.284744
0.573776
0.239285
0.407410
0.668243
0.384270
0.658386
0.357521
0.381783
0.813583
0.658020
0.838547
0.849258
0.526566
0.573654
0.409302
0.377357
0.355499
0.149189
0.748734
0.679749
0.556519
0.877060
0.526459
0.749008
0.684128
0.406784
0.561569
0.601776
0.575119
0.445297
0.587524
0.735443
0.684570
0.406067
0.514679
0.064919
0.363007
0.757751
0.446701
0.761963
0.414139
0.399689
0.609604
0.351387
0.858902
0.316330
0.315285
0.625092
0.465958
0.174534
0.300911
0.609039
0.162094
0.713379
0.468552
0.731766
0.117386
0.443558
0.445236
0.392334
0.888855
0.331757
0.426788
0.870132
0.737808
0.528000
0.634872
0.686203
0.698746
0.380562
0.747162
0.110558
0.780258
0.468452
0.461945
0.635223
0.043582
0.137337
0.085615
-0.243359
0.172192
-0.009858
0.064484
0.099480
0.118727
-0.141087
0.132401
-0.004236
-0.226353
-0.104956
0.111895
-0.034303
0.059367
-0.104834
-0.078297
-0.016724
-0.064386
-0.230698
-0.271004
0.111473
-0.033418
0.145954
0.202282
0.175831
0.214542
-0.021421
0.049510
-0.179585
0.261780
-0.155003
0.013637
-0.003738
0.272858
-0.070023
-0.195522
-0.045552
-0.064663
-0.061407
0.097794
0.146694
-0.018792
0.061535
-0.036894
0.040571
-0.042709
-0.115196
0.023277
-0.107100
0.091820
-0.100145
-0.286331
0.058404
0.045815
0.206097
0.235954
-0.178482
-0.106592
-0.004665
-0.068501
0.155186
0.130463
0.235271
0.151459
-0.034394
-0.124306
0.247776
-0.080523
0.100582
0.333946
0.016142
-0.188725
-0.123127
-0.068180
-0.225620
-0.082546
0.036110
0.096897
0.088305
0.075453
-0.101414
-0.157703
0.079258
0.247128
-0.113604
0.284225
0.045366
0.147339
0.177055
-0.106297
-0.211296
0.184673
-0.265968
0.023976
0.045424
-0.010803
-0.100330
-0.145645
-0.090740
0.000253
-0.102402
0.215534
-0.189045
0.063473
-0.143353
0.023622
0.128502
0.039193
-0.027049
0.069233
-0.032920
-0.128456
0.059103
0.045772
-0.028903
-0.054496
-0.107710
0.165756
-0.345451
-0.220783
0.058883
-0.266037
0.253448
-0.207085
-0.242062
0.009314
0.218689
-0.052834
0.011244
-0.162182
-0.052579
0.200699
-0.235641
-0.239914
-0.025969
-0.231419
0.073277
-0.045040
-0.190514
0.193802
0.024188
0.214283
0.064768
0.083292
-0.177078
0.183441
0.317215
-0.137791
0.199902
0.121056
-0.067865
-0.031344
-0.292557
-0.104553
-0.091984
-0.097483
0.194901
-0.162289
-0.002734
0.059705
0.113235
0.382401
-0.178452
0.025165
-0.296928
0.085148
0.085592
0.214054
-0.107471
0.331665
0.116590
-0.083279
0.107655
-0.256340
-0.001111
-0.069420
0.217224
0.027681
0.231075
0.126995
0.001157
0.015058
0.097357
0.144608
0.348221
-0.142200
0.047128
0.105408
-0.014357
0.043263
-0.272598
0.247585
-0.012048
-0.013327
0.125187
-0.017126
0.070684
-0.228638
-0.094343
0.112499
-0.187111
-0.124191
-0.119473
0.212391
-0.090406
0.318260
-0.148869
-0.163319
-0.091774
-0.065365
0.255516
-0.091187
0.097273
-0.085964
0.053424
0.008919
-0.081161
-0.048154
-0.033243
0.052628
-0.004887
-0.159393
0.152649
0.273201
0.264984
-0.161579
-0.035769
0.187527
0.049196
-0.275963
-0.138805
-0.285477
0.037544
0.180561
0.073912
0.094133
0.061106
-0.220814
0.221531
-0.030662
-0.286186
0.038764
-0.121849
0.102360
0.100384
-0.069557
-0.179981
0.018085
-0.117704
-0.213226
-0.077433
-0.122587
0.065081
0.222790
0.002470
0.181374
-0.084654
0.258545
0.078768
-0.035447
0.130146
0.231236
0.116207
-0.270592
-0.025915
-0.247009
0.260124
-0.254944
-0.177692
0.043945
-0.138027
-0.174873
-0.207424
0.176128
-0.072508
0.328949
-0.331139
0.185215
-0.088959
-0.159275
0.118429
-0.166386
0.155849
0.035937
-0.090034
0.158310
-0.073399
-0.028240
0.125599
-0.141621
0.225864
0.107597
0.237179
-0.096769
0.273590
-0.079998
-0.053642
0.097710
-0.044804
-0.083763
-0.296051
-0.036956
0.180790
-0.064632
-0.008404
0.106571
-0.173386
0.098169
0.003362
0.027788
-0.061106
-0.026360
0.010110
-0.195965
-0.137409
-0.081059
-0.185230
0.226906
-0.109301
0.231640
0.084703
-0.321144
0.047970
0.030622
-0.270325
-0.114441
0.240177
0.115440
0.273407
-0.094751
-0.117025
-0.312775
0.158424
0.063181
0.060302
-0.287689
0.171471
0.035065
-0.190094
-0.264008
0.062284
0.186508
0.147346
-0.076307
-0.157032
0.009360
-0.009789
-0.194683
0.089266
-0.119087
-0.253181
-0.116165
-0.003098
0.084930
-0.084406
0.017287
0.118069
-0.281929
-0.157986
0.101334
-0.085972
-0.127430
-0.209728
-0.075693
-0.063663
0.138996
-0.215225
-0.182320
0.026494
-0.115185
-0.009195
0.090487
-0.218811
-0.010553
0.161751
0.061872
0.000513
-0.284027
-0.132812
0.089205
-0.113565
0.050590
-0.318222
-0.116077
0.137234
-0.112488
0.191334
0.254158
-0.246269
-0.256775
0.209637
-0.042678
-0.095795
-0.149372
0.029205
0.130680
0.137199
0.104105
0.095358
0.165405
-0.011075
-0.062540
-0.034812
-0.082308
-0.071383
-0.311897
0.269699
-0.071442
-0.158798
-0.153244
0.164204
0.165928
0.187485
-0.006441
0.049847
0.034007
0.029779
-0.048951
0.142311
0.073645
-0.016177
0.060106
0.030971
-0.111959
0.058307
-0.088533
0.168007
-0.242195
0.164284
0.114660
-0.366920
-0.136921
0.053829
0.035975
0.070910
0.129448
0.015345
0.049345
0.205578
0.002995
0.186245
-0.067926
0.021343
0.084736
-0.221928
0.071196
-0.028826
0.096844
0.312386
-0.177784
0.169922
0.006081
0.029898
-0.237946
0.184834
-0.349510
-0.177769
0.204689
-0.152279
-0.013484
0.029220
-0.229637
-0.151535
-0.207661
0.245754
-0.080626
0.211926
-0.030170
0.116299
-0.021347
0.262955
0.013546
-0.089258
-0.004125
-0.049295
-0.020485
0.067068
0.068323
-0.214344
-0.057119
0.039821
-0.042707
-0.198620
-0.368568
0.009482
-0.014353
-0.278648
-0.020711
0.189201
-0.141373
0.254807
-0.069994
0.066698
-0.186863
0.011351
0.022317
0.022641
-0.212727
-0.008429
-0.298767
0.203651
0.108660
0.152485
-0.032608
0.103960
0.102060
0.093910
-0.266670
-0.119751
-0.120430
0.113916
-0.079929
-0.163136
-0.084692
-0.009076
-0.005507
-0.099043
0.001838
-0.026790
0.239445
0.298180
-0.207981
-0.269386
0.074739
-0.105286
0.031526
0.098766
0.065510
-0.033617
-0.058368
0.204441
-0.120110
0.197292
-0.080770
0.284996
0.152546
-0.268852
-0.058801
-0.112411
-0.098469
-0.031660
0.147373
0.260437
-0.045511
0.062691
-0.186340
-0.199162
-0.034649
0.253212
-0.227093
-0.234039
0.113672
0.002650
-0.065714
-0.101723
-0.102064
0.113384
-0.004661
0.110447
-0.066677
-0.061320
0.314896
0.103355
-0.011604
-0.204166
-0.049356
-0.147469
-0.036431
0.038848
-0.114021
-0.135475
0.007192
-0.114218
-0.313873
0.250107
-0.049824
-0.062498
0.198521
0.063107
0.188999
-0.174427
-0.023361
0.302673
-0.025337
0.201065
-0.236752
0.019600
-0.123837
0.048721
-0.017532
0.098488
-0.012596
0.149792
-0.088285
0.124510
0.093199
0.008801
-0.024093
-0.091375
0.047652
-0.138115
0.211437
0.054841
-0.104757
-0.102434
-0.132755
-0.007008
-0.163223
-0.080099
-0.091473
-0.121794
-0.108082
-0.115971
-0.256828
0.156715
0.084520
-0.203449
0.030457
0.251396
-0.007154
-0.277199
0.059754
0.129539
0.163864
-0.316956
0.106472
-0.033065
0.129559
0.081802
-0.271431
0.029630
-0.346443
0.087584
-0.353233
-0.014062
-0.162422
-0.048285
-0.019363
-0.036087
-0.128380
-0.112555
-0.009735
0.201244
-0.226799
0.023568
0.069546
0.005300
-0.032307
-0.190701
-0.033441
-0.039457
-0.177773
-0.119555
0.089506
0.133663
0.000067
-0.094156
-0.046967
0.129044
-0.013480
0.119308
-0.131458
0.077198
0.206318
-0.194553
-0.083862
0.043896
0.196579
0.186909
-0.280609
-0.080513
0.074368
0.146790
-0.315254
-0.005430
-0.119768
0.043290
-0.147141
-0.300224
0.142715
0.108984
-0.192108
-0.036757
0.135876
-0.100889
-0.339088
-0.154766
0.093382
0.051655
-0.171593
0.081610
0.022817
-0.014043
-0.278893
-0.208572
-0.059321
0.074963
0.273041
-0.011443
0.112589
0.138298
0.055622
-0.101467
0.137505
0.178070
0.039545
-0.130970
-0.068773
-0.108168
0.006518
-0.075333
0.002528
0.104548
0.037193
0.138405
0.003661
-0.011757
-0.014660
0.097044
0.038189
0.250328
-0.259628
-0.229126
-0.053845
-0.100231
-0.001114
0.176968
0.264275
-0.165787
-0.124599
0.088449
-0.173363
0.222866
-0.014151
0.253151
-0.037902
-0.122753
0.270889
0.184597
-0.229218
-0.160297
-0.180870
-0.226677
-0.055752
-0.143681
-0.089411
-0.053797
-0.008992
0.042931
0.192535
0.029205
0.293259
-0.215801
0.090219
-0.197159
-0.169037
-0.201031
-0.021310
-0.050614
0.070890
-0.144775
0.036711
-0.102470
-0.213177
-0.267578
-0.140018
0.186054
0.047373
0.130875
0.080515
0.255875
-0.028845
0.047802
0.176769
-0.232750
0.194260
0.088488
-0.137260
-0.103151
0.130283
-0.093430
0.215611
0.277695
-0.162231
0.016261
0.079405
-0.039431
0.104792
-0.380203
0.200096
-0.114449
-0.087259
-0.053324
0.219662
0.137276
-0.030767
-0.208782
-0.112669
0.163605
0.211098
-0.033287
-0.016521
0.034096
-0.133060
0.010961
-0.049368
-0.227230
0.099449
0.102371
0.105618
0.083878
0.299080
-0.116488
-0.077274
-0.010731
-0.100216
0.001553
0.239983
0.152725
0.059069
0.149948
0.038281
-0.026486
-0.194645
0.111504
-0.037917
0.064146
0.191727
-0.003588
0.228329
-0.035459
-0.182735
0.064236
0.000349
-0.168797
-0.072372
0.241116
0.040545
0.027658
-0.094217
-0.001409
-0.178600
0.204861
0.031396
0.033682
-0.244152
0.219604
0.035240
0.145115
0.082199
-0.195827
0.003225
-0.025961
0.214268
0.100430
0.231991
-0.112062
0.164577
-0.013994
0.174484
-0.044795
0.098124
0.137615
0.017731
0.098473
-0.029477
0.094646
0.049460
-0.136501
0.121729
-0.045891
-0.136780
0.232132
0.158394
0.183617
-0.171894
0.062393
0.113091
-0.137787
0.207508
-0.241295
0.104099
0.063162
0.170460
-0.117628
0.015445
-0.035263
0.059871
-0.109533
-0.049253
-0.204483
-0.154907
-0.099279
0.082407
-0.135468
0.148476
-0.094639
-0.189529
-0.241478
-0.232849
-0.067801
0.004473
0.068083
0.163761
-0.274841
-0.038426
-0.009260
-0.212444
-0.214336
0.290085
0.283485
-0.017919
-0.043524
-0.089346
0.003837
-0.015280
0.072542
0.258705
0.044593
0.252563
-0.081804
-0.010608
-0.190762
-0.181084
-0.076347
-0.037224
-0.181885
0.265594
0.063385
0.016054
0.032749
-0.295120
0.020527
0.102543
-0.132492
0.182819
-0.227726
-0.141754
0.261093
-0.004358
-0.141808
0.106874
-0.170979
-0.038327
-0.273178
-0.167137
0.238235
0.238789
0.091576
0.134113
0.053646
0.009769
-0.166622
-0.138248
0.266388
-0.244099
0.114660
-0.353203
-0.126656
-0.112665
-0.047013
-0.092201
0.029923
-0.026478
-0.280365
0.335144
-0.279655
-0.070377
-0.244324
-0.019142
0.215977
0.051003
0.235306
0.045006
-0.134323
-0.184864
-0.267998
0.103914
-0.236786
-0.028852
-0.052098
0.105860
-0.166073
-0.365715
-0.031255
0.100321
-0.172680
0.083406
-0.252869
-0.304062
0.371986
0.135380
-0.144775
-0.064566
0.257584
-0.242741
0.266693
-0.091057
0.340103
0.304726
0.085318
0.081554
0.452637
0.106550
-0.153980
-0.045533
0.208687
-0.105137
0.468857
-0.190395
0.207924
0.160179
0.054214
-0.265884
-0.252304
-0.231037
0.055415
0.062491
0.319496
0.212040
-0.141174
0.074453
-0.169609
-0.388374
0.110279
-0.012429
-0.011294
-0.142075
-0.005508
-0.290627
0.162254
-0.537613
-0.309471
-0.002530
0.188770
0.154354
-0.048051
0.395042
0.049220
0.423218
0.204655
0.156750
-0.034012
-0.255745
-0.109137
-0.286339
0.030241
-0.054119
-0.125469
-0.169312
-0.359100
0.252785
-0.094858
-0.011682
0.381439
0.015410
0.076277
-0.149292
0.389961
0.073179
0.079512
-0.065197
-0.466454
-0.129955
0.035076
0.339340
0.024393
-0.012980
0.119370
-0.026786
-0.207176
-0.295403
-0.387054
0.375824
-0.034134
0.020824
0.089888
-0.005919
0.067097
-0.136375
-0.172825
0.323006
-0.400604
0.349731
-0.205708
-0.019176
-0.149467
0.390007
-0.168476
0.338882
0.460762
-0.088957
-0.240940
0.511353
-0.216507
0.309143
0.336067
-0.294930
-0.321251
-0.163998
0.295708
0.088978
0.158001
-0.091345
-0.152603
0.126274
0.546890
-0.062725
0.220749
-0.003822
-0.096289
-0.469093
0.321602
0.017710
0.400070
0.115885
-0.001469
-0.268845
0.403473
0.349495
-0.547394
0.347221
0.260529
-0.271706
0.343552
0.043628
-0.479584
0.062201
0.268135
-0.183434
-0.102198
-0.053563
-0.094444
-0.044589
-0.142509
-0.247055
0.179668
-0.213036
0.207634
-0.214584
0.400940
-0.506470
-0.169071
0.205509
0.128651
-0.286034
-0.298042
0.029202
-0.037858
-0.409569
-0.238716
0.034182
-0.162743
-0.078588
-0.139153
-0.436615
0.065828
-0.099308
0.142227
0.233578
0.334671
-0.062393
-0.339043
0.240215
-0.004176
-0.381157
-0.008858
0.175491
-0.077175
-0.318642
-0.141903
-0.193253
-0.207703
0.308846
0.011867
-0.179058
-0.077589
0.331245
-0.149860
-0.015056
0.438690
-0.390602
0.119511
-0.339455
-0.368805
-0.120037
-0.158646
0.213646
-0.221375
0.084352
-0.071815
-0.504501
-0.495049
0.208576
0.351097
0.017394
0.344429
0.243866
-0.323746
-0.249767
0.025615
0.151768
0.073608
-0.179680
-0.156803
0.183846
-0.358749
-0.131977
-0.099918
0.106789
0.470375
-0.281067
-0.283821
-0.029547
-0.003096
-0.135605
-0.249985
-0.060960
-0.438591
0.148472
-0.077389
0.106615
-0.257660
0.044968
0.214790
-0.004941
-0.552628
-0.055781
0.339317
-0.259377
0.209064
0.364929
-0.107609
0.385475
0.185246
0.254639
-0.048099
-0.175533
-0.396385
-0.150043
-0.068743
0.073996
0.188728
-0.352570
-0.055957
-0.431786
0.131649
0.309456
0.124277
0.209690
-0.059096
0.046883
-0.301117
0.202282
-0.006137
0.016478
0.297722
-0.460808
-0.141724
0.120020
-0.203156
0.167732
-0.132469
0.204239
0.036177
-0.047233
0.458870
-0.111921
-0.122364
-0.037921
-0.161957
0.328316
-0.583374
0.026766
-0.124645
-0.021921
0.214424
0.007002
-0.227070
-0.280739
-0.302353
0.328827
0.285576
0.016355
-0.086315
0.377808
-0.069588
-0.307625
0.434021
-0.111313
0.329422
-0.386551
0.156815
-0.420082
-0.283096
0.094608
0.150101
0.176163
0.083082
-0.072666
-0.379173
0.438148
0.255653
-0.342712
-0.150490
-0.383606
0.250359
0.061905
0.240803
-0.077118
-0.218842
0.457489
0.254120
0.167122
-0.045192
-0.351234
-0.072477
-0.014780
-0.139431
0.260757
0.390923
-0.327034
0.489594
0.030713
-0.230095
0.208908
0.024922
0.020397
0.384674
-0.511826
-0.049861
0.103878
-0.071274
0.105398
-0.339256
0.393639
0.339203
-0.086487
-0.161880
-0.037408
0.451393
-0.380730
-0.096941
0.188503
-0.311592
0.374886
-0.160728
0.130531
-0.257309
-0.199760
-0.123331
-0.383408
-0.012194
-0.251160
-0.353096
0.377533
-0.044665
0.189240
-0.221893
-0.177021
0.294830
0.245266
-0.171139
0.223164
-0.166367
0.105001
-0.000626
0.072432
0.018124
-0.062502
0.035027
0.471939
0.076199
-0.164330
0.141384
-0.237808
0.210163
0.497673
0.409760
-0.049172
-0.321915
-0.230606
0.184437
0.185326
0.035649
0.449142
-0.054571
0.507996
0.020961
0.240547
-0.284012
0.315384
0.485817
0.160236
0.023947
-0.297974
0.264847
0.121691
0.291466
0.285370
-0.038804
-0.190529
0.137863
-0.065411
0.162163
-0.338173
-0.303215
-0.142292
-0.455902
-0.410477
0.425552
-0.260811
-0.121664
0.093357
-0.075489
-0.086012
-0.074921
0.485329
-0.195824
0.046440
0.110497
0.135548
-0.155186
0.079279
0.295387
-0.231647
0.298325
-0.054766
0.409073
0.070753
-0.386795
-0.249149
0.397240
-0.148548
0.302849
0.044394
0.130692
-0.000372
0.519501
0.189789
0.106159
0.426025
-0.068609
-0.532516
-0.098032
-0.045726
-0.103939
-0.072561
-0.175781
0.320061
-0.126919
-0.065294
-0.061411
0.237328
0.011959
-0.280624
-0.095118
0.310280
0.181625
-0.205078
-0.236389
-0.106800
0.062784
-0.354149
-0.255356
-0.151779
0.307655
0.389938
-0.152153
0.207733
0.065130
0.056417
0.015943
-0.003879
0.141293
0.020716
0.467415
0.039765
-0.152641
-0.325783
0.357803
0.239876
0.123922
-0.221016
0.376785
-0.381134
0.013355
-0.235352
0.446152
0.294983
-0.438019
0.310150
0.087791
0.241791
-0.144394
0.447433
0.092417
0.161236
0.222378
0.040665
-0.148060
0.287491
-0.003332
-0.132111
0.283607
0.137959
-0.212196
0.131203
0.177731
0.154594
-0.192177
-0.082272
0.294067
0.031748
-0.204914
0.153831
0.170048
0.327873
-0.081923
-0.003627
0.005431
0.095449
0.206142
-0.423798
-0.277763
0.162140
-0.076765
0.430046
-0.193645
0.245995
0.470299
0.175320
-0.083920
-0.150055
-0.055177
-0.418121
-0.012092
-0.166977
0.332901
0.165241
-0.112783
0.138718
0.181343
0.281662
0.070059
-0.123978
-0.081530
0.237690
-0.413536
-0.163059
-0.380936
0.211338
-0.067991
-0.174805
0.304550
0.271652
0.090149
0.328186
0.184284
-0.205921
-0.040816
0.037554
-0.028188
-0.124744
0.504913
0.014998
-0.025450
0.492416
-0.252373
-0.309959
0.040236
-0.364761
0.445763
-0.395844
-0.083099
-0.103603
-0.002803
-0.064240
-0.480919
-0.313530
0.289719
-0.244442
0.412804
0.221733
0.198162
0.200336
-0.122019
-0.329117
-0.090912
0.060236
0.084789
-0.131748
0.097790
-0.046210
-0.256493
-0.014723
-0.031214
-0.181549
-0.139729
-0.283974
0.125511
0.517929
-0.031330
-0.048155
0.120075
-0.014032
0.365265
0.119667
0.438759
0.501358
0.320740
0.111063
-0.260117
0.216537
-0.285019
0.457092
-0.100544
0.210369
-0.389061
-0.291862
0.273026
0.310730
0.193802
-0.146206
-0.352905
0.037714
-0.258919
0.233299
-0.244232
-0.399040
0.468758
-0.118721
0.119286
-0.182411
-0.267273
0.238941
0.320572
-0.419434
-0.258804
0.141907
-0.432686
-0.455078
0.252968
-0.175785
0.378479
-0.029647
-0.336113
0.175514
-0.336288
-0.107761
-0.113943
-0.065279
0.102571
-0.437157
-0.309486
-0.247925
0.117573
0.046590
-0.014627
-0.227451
0.164577
-0.063286
0.269226
0.283852
-0.343689
0.101946
-0.092213
-0.540146
0.197510
0.263985
0.221596
0.281837
0.328339
-0.142864
0.106449
0.087374
-0.172901
-0.129665
-0.251724
0.008216
-0.337822
0.251350
-0.057469
0.384575
0.329201
-0.266556
0.237041
-0.171036
-0.320374
0.122023
0.216900
0.462006
-0.558289
-0.131290
0.228436
-0.284569
-0.129742
-0.483215
-0.209312
-0.449249
-0.216827
-0.088118
0.450394
0.111126
0.286041
-0.060961
0.198490
0.113140
0.326393
-0.053631
0.121359
-0.011028
0.095318
0.166695
-0.143490
-0.092506
-0.202682
-0.008861
0.253479
-0.003627
0.213551
-0.046649
-0.059037
0.272285
0.338684
0.167374
0.502716
0.307320
0.303986
-0.321999
0.377098
0.086773
-0.309731
0.310478
0.197895
-0.023682
0.249519
0.394356
0.089846
-0.043523
-0.274277
-0.406601
-0.054564
-0.178959
0.375473
0.318970
-0.169056
-0.442207
-0.206921
0.082394
0.171177
-0.093765
0.037766
0.110123
0.178524
-0.142582
-0.239521
0.166611
0.066744
-0.035937
-0.155392
-0.073177
-0.049567
-0.467529
-0.382530
-0.469093
0.128620
0.384010
-0.072725
-0.399353
-0.176937
-0.349022
-0.190563
0.287926
0.089039
-0.430099
0.087454
-0.082033
-0.355682
0.399963
0.103172
0.332512
-0.210827
0.040531
-0.074387
-0.134727
-0.202450
0.203110
-0.485527
-0.035701
-0.447838
-0.125923
-0.110903
-0.397400
0.026374
0.123987
-0.248699
-0.462814
-0.009429
-0.321434
-0.347183
-0.286377
-0.053432
-0.020724
0.101946
0.133987
0.166592
0.189396
0.054355
0.327927
-0.030469
0.057119
0.143417
-0.241291
0.097254
-0.450020
0.243412
0.510208
0.272522
0.272896
-0.140511
-0.177742
0.249763
0.365601
0.042258
0.275742
-0.125412
0.410965
0.329948
-0.237251
0.087118
0.083164
0.093786
-0.483322
0.062433
-0.422073
0.170086
0.331833
0.284729
0.224442
0.041948
-0.262772
-0.235470
-0.331284
0.115376
-0.240623
-0.264664
-0.260643
-0.247841
0.007845
0.112637
0.128670
-0.069508
-0.255028
-0.122740
-0.026852
0.020727
-0.248554
-0.233707
-0.166351
0.131611
-0.144180
-0.085213
0.227421
-0.112509
-0.020368
0.320343
0.157967
-0.308365
0.088045
0.380379
-0.266426
-0.072315
0.044510
0.019705
-0.057328
-0.096115
0.374863
-0.217594
0.175476
-0.136726
-0.104958
0.402512
-0.203819
0.259850
-0.338036
-0.231075
-0.337242
0.030829
0.150612
-0.402794
0.162838
0.006434
0.028611
0.289841
-0.103666
0.108639
0.093161
0.052279
-0.199749
-0.333809
0.334671
0.051239
-0.506516
0.479584
0.170948
0.051550
-0.233562
-0.073620
0.350983
-0.058098
0.309082
-0.273018
-0.273392
-0.412155
-0.013166
0.008399
-0.128235
0.267403
-0.063192
0.539413
-0.236198
0.099628
0.031222
-0.207584
0.389091
-0.074472
-0.196945
-0.034388
-0.022191
0.117926
-0.468590
-0.204548
0.269547
-0.359703
-0.339981
-0.074114
-0.308159
-0.056920
-0.248528
0.042823
0.500381
0.160954
-0.230198
-0.290031
-0.253242
-0.343765
-0.283661
0.135551
0.024025
0.272964
0.160336
0.304840
0.372208
0.091158
0.097261
0.246670
-0.083704
0.000319
0.111883
-0.005507
0.120649
0.157906
-0.308044
-0.227219
-0.201809
-0.033019
0.313675
0.107073
-0.089939
-0.449463
-0.467522
-0.106583
0.226479
-0.082726
0.218376
-0.024745
-0.426491
-0.163269
0.110806
-0.402466
