0.750496
0.352482
0.257469
0.615990
0.391251
0.706413
0.566879
0.621513
0.264580
0.416260
0.382080
0.573349
0.856056
0.468391
0.768753
0.450016
0.538177
0.522919
0.449249
0.438129
0.322895
0.672798
0.723297
0.491150
0.765793
0.640541
0.443741
0.325085
0.128780
0.259369
0.546555
0.764832
0.315151
0.389397
0.493660
0.591949
0.206339
0.357967
0.801147
0.359219
0.476360
0.179762
0.632385
0.442944
0.347977
0.698570
0.192690
0.886154
0.220308
0.641937
0.321526
0.543205
0.429180
0.744652
0.620903
0.191065
0.381271
0.475349
0.516586
0.397911
0.322395
0.648521
0.574608
0.637543
0.452538
0.478966
0.225576
0.544434
0.425060
0.437878
0.904823
0.313297
0.317463
0.535591
0.642235
0.552170
0.530861
0.834930
0.434399
0.452171
0.591316
0.455757
0.697502
0.605888
0.497108
0.729111
0.207647
0.881859
0.202837
0.609795
0.390739
0.526413
0.557320
0.550728
0.460201
0.595245
0.029702
0.272335
0.551544
0.454769
0.598053
0.455196
0.768059
0.502075
0.401485
0.407555
0.467247
0.518906
0.355766
0.601471
0.673210
0.243338
0.357407
0.666954
0.849220
0.554344
0.393326
0.353119
0.432278
0.481712
0.663193
0.709747
0.593506
0.217760
0.673927
0.465580
0.812996
0.703629
0.326042
0.477379
0.570259
0.623932
0.517952
0.334412
0.537155
0.506439
0.742416
0.589783
0.725174
0.510056
0.491428
0.394909
0.453220
0.848839
0.172400
0.299694
0.399254
0.454029
0.352638
0.245707
0.636749
0.315552
0.655731
0.643707
0.118693
0.625900
0.694656
0.633827
0.441231
0.431400
0.698196
0.711319
0.353207
0.326679
0.156260
0.778214
0.532951
0.787704
0.779869
0.669273
0.408287
0.567558
0.177011
0.449196
0.412468
0.236137
0.634445
0.814018
0.690163
0.401699
0.645561
0.440186
0.302635
0.597534
0.381302
0.421776
0.337433
0.186491
0.351852
0.778664
0.507362
0.460758
0.488361
0.746124
0.488888
0.530174
0.634865
0.318092
0.729019
0.413113
0.876396
0.724998
0.680939
0.638779
0.472065
0.391956
0.286068
0.517204
0.318130
0.565086
0.504288
0.849236
0.301525
0.218071
0.444027
0.382656
0.527702
0.781456
0.456318
0.580551
0.858673
0.259933
0.743889
0.343117
0.708183
0.529030
0.283993
0.453568
0.736137
0.601875
0.164110
0.723503
0.623573
0.732903
0.658539
0.206163
0.237011
0.645615
0.424374
0.440693
0.507401
0.342110
0.286011
0.808907
0.446911
0.730034
0.603889
0.674431
0.509872
0.647888
0.253368
0.364628
0.907822
0.294685
0.707741
0.726532
0.523537
0.289158
0.478657
0.556381
0.302177
0.228148
0.275974
0.625580
0.373367
0.046216
0.718475
0.495937
0.580124
0.255669
0.522003
0.498222
0.483334
0.507851
0.720146
0.515617
0.351883
0.320110
0.304050
0.747314
0.078526
0.443424
0.523811
0.688484
0.738113
0.342079
0.711266
0.559517
0.631233
0.776482
0.818031
0.521103
0.303623
0.505882
0.444111
0.376823
0.439953
0.275406
0.460442
0.430775
0.417080
0.393158
0.628830
0.785957
0.604301
0.459942
0.413731
0.252445
0.783531
0.603340
0.110283
0.447884
0.457458
0.634094
0.433781
0.897018
0.562721
0.444046
0.454926
0.490223
0.331047
0.269051
0.423645
0.635849
0.660484
0.455437
0.600342
0.800262
0.616852
0.472664
0.342014
0.444622
0.451199
0.269402
0.815971
0.466198
0.730522
0.340221
0.604195
0.510574
0.646133
0.715645
0.846298
0.100851
0.460270
0.390617
0.296432
0.319248
0.835831
0.451183
0.513222
0.465885
0.720230
0.522247
0.687103
0.492409
0.388386
0.285156
0.706131
0.705063
0.643372
0.634689
0.735062
0.508011
0.603912
0.547554
0.271637
0.333260
0.301956
0.578407
0.429214
0.244345
0.704758
0.387226
0.345642
0.754333
0.076396
0.341896
0.184109
0.912682
0.679085
0.697334
0.375820
0.811180
0.332413
0.650604
0.302425
0.721245
0.346466
0.419243
0.424690
0.692413
0.639313
0.456455
0.612289
0.657402
0.303741
0.583763
0.401363
0.305527
0.572876
0.531578
0.550316
0.277637
0.217356
0.482513
0.731804
0.294197
0.712265
0.326607
0.204132
0.503052
0.613235
0.282082
0.427505
0.356350
0.632523
0.729935
0.664154
0.680435
0.734550
0.385544
0.783546
0.785728
0.430851
0.391926
0.439220
0.434422
0.274254
0.540855
0.625496
0.548576
0.370995
0.761192
0.411591
0.588783
0.354233
0.554092
0.583992
0.478817
0.468388
0.487957
0.683998
0.492325
0.655602
0.407757
0.435677
0.584366
0.133762
0.396080
0.677803
0.279015
0.369301
0.458599
0.650124
0.499981
0.738388
0.502792
0.819946
0.714088
0.341076
0.556427
0.258736
0.297451
0.729500
0.672630
0.472801
0.194700
0.222807
0.467495
0.261200
0.391022
0.843307
0.355892
0.470345
0.494976
0.349480
0.202274
0.492790
0.483238
0.300484
0.757141
0.649422
0.370068
0.212267
0.595802
0.756775
0.361347
0.095851
0.687706
0.775261
0.439236
0.656013
0.446995
0.322506
0.496017
0.705009
0.208309
0.276108
0.338520
0.561798
0.538483
0.619011
0.515633
0.191078
0.199881
0.309612
0.541725
0.404461
0.503403
0.910515
0.290325
0.256618
0.670471
0.660393
0.468887
0.266277
0.528137
0.532814
0.362125
0.627716
0.305321
0.501633
0.394249
0.638313
0.711998
0.475651
0.755203
0.332172
0.752205
0.796295
0.593803
0.589241
0.525826
0.698746
0.481316
0.611267
0.118882
0.321598
0.601105
0.507835
0.228647
0.302124
0.464279
0.602417
0.074667
0.633446
0.868690
0.488358
0.463676
0.227346
0.226604
0.771301
0.616829
0.506401
0.520142
0.439350
0.567436
0.274174
0.471359
0.319191
0.771461
0.363037
0.908882
0.293373
0.472477
0.686440
0.791367
0.476910
0.593872
0.505302
0.685745
0.525826
0.808609
0.146107
0.424496
0.771133
0.193727
0.289711
0.370014
0.357231
0.216885
0.600082
0.425228
0.533546
0.102572
0.647507
0.383598
0.559471
0.622681
0.741684
0.289371
0.690392
0.517708
0.194328
0.280025
0.575577
0.582222
0.771217
0.754608
0.174477
0.573944
0.436443
0.700302
0.495827
0.586472
0.824615
0.263023
0.665749
0.814163
0.633476
0.319679
0.327297
0.529823
0.447041
0.863152
0.521873
0.505249
0.243996
0.492054
0.424625
0.399124
0.481255
0.700401
0.502213
0.375858
0.392738
0.663620
0.254330
0.749344
0.528755
0.429981
0.622292
0.265373
0.715660
0.817940
0.737404
0.651993
0.377216
0.513680
0.462677
0.422573
0.833366
0.793449
0.654976
0.390926
0.653122
0.587555
0.482002
0.596954
0.779434
0.493179
0.581451
0.256763
0.604279
0.380367
0.633804
0.696846
0.156811
0.473507
0.746361
0.686745
0.905792
0.479176
0.537483
0.733162
0.294361
0.685585
0.684143
0.671577
0.310246
0.557518
0.679970
0.442158
0.347057
0.446648
0.719078
0.701187
0.619576
0.614090
0.597137
0.696434
0.517967
0.590462
0.653023
0.121799
0.672966
0.283348
0.704651
0.416328
0.171032
0.561539
0.399769
0.073353
0.338127
0.350262
0.692062
0.518044
0.736130
0.486740
0.300144
0.344921
0.343994
0.683426
0.486912
0.276878
0.426327
0.316521
0.680191
0.344460
0.515991
0.274586
0.151421
0.333687
0.865501
0.219069
0.155760
0.534546
0.502419
0.271107
0.951317
0.673447
0.836113
0.463917
0.633522
0.759621
0.399555
0.438862
0.390491
0.546387
0.337479
0.576187
0.476692
0.267300
0.556313
0.374748
0.546478
0.395638
0.579132
0.524094
0.441540
0.507439
0.799126
0.478519
0.426502
0.660713
0.697586
0.582260
0.193640
0.199553
0.555489
0.845963
0.573280
0.387691
0.305954
0.505356
0.558014
0.592690
0.645210
0.533882
0.137459
0.279396
0.224525
0.615768
0.548988
0.780838
0.578201
0.680855
0.763031
0.269024
0.315475
0.200653
0.361847
0.225138
0.681923
0.490917
0.585678
0.676926
0.483879
0.780937
0.576752
0.625206
0.625282
0.448582
0.424770
0.227934
0.654938
0.570908
0.822914
0.711296
0.516670
0.847115
0.401398
0.326572
0.573410
0.535767
0.220240
0.262135
0.627319
0.569092
0.417164
0.643806
0.182751
0.781311
0.754944
0.162098
0.568481
0.640343
0.539299
0.638199
0.417355
0.529060
0.377396
0.339336
0.388340
0.687714
0.455124
0.339531
0.254711
0.275303
0.461529
0.473946
0.232935
0.448307
0.800522
0.806793
0.571762
0.318634
0.367485
0.610962
0.300735
0.485645
0.253590
0.370213
0.563660
0.304779
0.532761
0.833138
0.241375
0.482750
0.584152
0.661484
0.897362
0.257809
0.586205
0.281788
0.645813
0.453201
0.508041
0.314686
0.728500
0.669846
0.374020
0.546822
0.707001
0.472416
0.466438
0.689911
0.493179
0.419746
0.296951
0.679466
0.316093
0.436092
0.749504
0.583054
0.744339
0.278339
0.412712
0.685997
0.346478
0.293121
0.344734
0.242228
0.552551
0.343937
0.525185
0.611351
0.682686
0.735809
0.511421
0.409573
0.401730
0.772614
0.066917
0.404991
0.355553
0.419353
0.392326
0.734283
0.250977
0.277405
0.409832
0.454922
0.714676
0.456764
0.738251
0.455540
0.435379
0.447212
0.440090
0.670876
0.743805
0.784828
0.324253
0.406887
0.126011
0.734993
0.603615
0.810997
0.466885
0.702034
0.332275
0.282787
0.585182
0.284748
0.573784
0.239283
0.407402
0.668236
0.384266
0.658379
0.357521
0.381779
0.813576
0.658012
0.838539
0.849251
0.526558
0.573647
0.409298
0.377342
0.355499
0.149189
0.748718
0.679749
0.556526
0.877037
0.526443
0.748993
0.684113
0.406780
0.561562
0.601768
0.575111
0.445290
0.587517
0.735458
0.684578
0.406067
0.514664
0.064919
0.362999
0.757729
0.446697
0.761963
0.414127
0.399685
0.609596
0.351387
0.858879
0.316319
0.315281
0.625076
0.465954
0.174528
0.300907
0.609032
0.162090
0.713356
0.468548
0.731758
0.117385
0.443558
0.445229
0.392326
0.888847
0.331749
0.426781
0.870125
0.737816
0.527985
0.634857
0.686195
0.698730
0.380562
0.747154
0.110557
0.780243
0.468452
0.461941
0.635201
0.043585
0.137339
0.085616
-0.243357
0.172194
-0.009854
0.064487
0.099479
0.118729
-0.141085
0.132404
-0.004232
-0.226353
-0.104957
0.111898
-0.034302
0.059363
-0.104827
-0.078300
-0.016720
-0.064385
-0.230698
-0.271004
0.111478
-0.033410
0.145960
0.202286
0.175835
0.214544
-0.021419
0.049516
-0.179575
0.261784
-0.155003
0.013643
-0.003734
0.272854
-0.070024
-0.195522
-0.045550
-0.064668
-0.061408
0.097795
0.146694
-0.018788
0.061543
-0.036894
0.040575
-0.042709
-0.115191
0.023278
-0.107095
0.091820
-0.100145
-0.286324
0.058407
0.045814
0.206095
0.235952
-0.178486
-0.106593
-0.004668
-0.068503
0.155193
0.130463
0.235273
0.151459
-0.034394
-0.124305
0.247782
-0.080519
0.100584
0.333950
0.016146
-0.188723
-0.123127
-0.068181
-0.225618
-0.082550
0.036112
0.096900
0.088305
0.075459
-0.101411
-0.157705
0.079270
0.247129
-0.113599
0.284229
0.045374
0.147339
0.177061
-0.106294
-0.211300
0.184675
-0.265968
0.023976
0.045423
-0.010800
-0.100330
-0.145638
-0.090742
0.000253
-0.102399
0.215536
-0.189043
0.063477
-0.143354
0.023627
0.128502
0.039196
-0.027047
0.069233
-0.032916
-0.128458
0.059103
0.045772
-0.028906
-0.054498
-0.107708
0.165754
-0.345451
-0.220787
0.058883
-0.266033
0.253448
-0.207083
-0.242062
0.009314
0.218695
-0.052830
0.011252
-0.162182
-0.052577
0.200695
-0.235643
-0.239912
-0.025967
-0.231419
0.073275
-0.045039
-0.190510
0.193804
0.024188
0.214283
0.064768
0.083293
-0.177080
0.183441
0.317223
-0.137789
0.199907
0.121056
-0.067865
-0.031345
-0.292557
-0.104553
-0.091985
-0.097477
0.194899
-0.162291
-0.002734
0.059704
0.113239
0.382404
-0.178440
0.025172
-0.296928
0.085149
0.085597
0.214054
-0.107466
0.331665
0.116590
-0.083273
0.107659
-0.256351
-0.001114
-0.069420
0.217224
0.027681
0.231079
0.126995
0.001164
0.015064
0.097360
0.144611
0.348225
-0.142199
0.047135
0.105413
-0.014355
0.043263
-0.272591
0.247595
-0.012044
-0.013327
0.125189
-0.017130
0.070690
-0.228634
-0.094343
0.112512
-0.187105
-0.124192
-0.119474
0.212397
-0.090408
0.318253
-0.148867
-0.163317
-0.091770
-0.065365
0.255524
-0.091183
0.097275
-0.085960
0.053428
0.008921
-0.081160
-0.048150
-0.033242
0.052635
-0.004883
-0.159391
0.152651
0.273209
0.264996
-0.161579
-0.035765
0.187531
0.049203
-0.275978
-0.138803
-0.285480
0.037545
0.180567
0.073916
0.094137
0.061110
-0.220816
0.221531
-0.030662
-0.286179
0.038766
-0.121848
0.102359
0.100379
-0.069554
-0.179985
0.018086
-0.117702
-0.213228
-0.077431
-0.122585
0.065089
0.222797
0.002472
0.181372
-0.084653
0.258549
0.078769
-0.035446
0.130156
0.231234
0.116208
-0.270588
-0.025913
-0.247009
0.260124
-0.254940
-0.177692
0.043945
-0.138025
-0.174873
-0.207426
0.176130
-0.072509
0.328957
-0.331135
0.185215
-0.088958
-0.159279
0.118432
-0.166389
0.155846
0.035945
-0.090034
0.158318
-0.073392
-0.028244
0.125601
-0.141623
0.225866
0.107602
0.237186
-0.096768
0.273590
-0.079996
-0.053642
0.097713
-0.044799
-0.083756
-0.296047
-0.036956
0.180792
-0.064631
-0.008403
0.106576
-0.173384
0.098171
0.003364
0.027794
-0.061104
-0.026360
0.010114
-0.195969
-0.137411
-0.081057
-0.185226
0.226908
-0.109299
0.231640
0.084704
-0.321144
0.047972
0.030626
-0.270336
-0.114440
0.240185
0.115441
0.273411
-0.094748
-0.117023
-0.312775
0.158424
0.063193
0.060302
-0.287693
0.171476
0.035072
-0.190092
-0.264008
0.062286
0.186512
0.147350
-0.076309
-0.157032
0.009360
-0.009789
-0.194681
0.089270
-0.119085
-0.253174
-0.116163
-0.003094
0.084930
-0.084404
0.017283
0.118069
-0.281933
-0.157986
0.101344
-0.085968
-0.127432
-0.209726
-0.075693
-0.063663
0.139002
-0.215227
-0.182322
0.026495
-0.115185
-0.009193
0.090491
-0.218805
-0.010553
0.161755
0.061874
0.000513
-0.284035
-0.132811
0.089208
-0.113561
0.050591
-0.318222
-0.116076
0.137236
-0.112491
0.191339
0.254166
-0.246265
-0.256783
0.209641
-0.042676
-0.095787
-0.149372
0.029201
0.130684
0.137203
0.104109
0.095361
0.165407
-0.011073
-0.062541
-0.034811
-0.082303
-0.071383
-0.311897
0.269707
-0.071444
-0.158794
-0.153236
0.164207
0.165932
0.187489
-0.006438
0.049850
0.034011
0.029783
-0.048947
0.142311
0.073648
-0.016169
0.060104
0.030972
-0.111959
0.058309
-0.088534
0.168015
-0.242195
0.164288
0.114664
-0.366920
-0.136921
0.053833
0.035976
0.070911
0.129446
0.015347
0.049351
0.205578
0.002991
0.186247
-0.067924
0.021345
0.084737
-0.221933
0.071197
-0.028828
0.096852
0.312386
-0.177784
0.169926
0.006082
0.029896
-0.237947
0.184837
-0.349503
-0.177769
0.204695
-0.152279
-0.013482
0.029224
-0.229645
-0.151539
-0.207655
0.245752
-0.080626
0.211926
-0.030169
0.116295
-0.021335
0.262959
0.013544
-0.089260
-0.004123
-0.049293
-0.020481
0.067073
0.068322
-0.214342
-0.057119
0.039823
-0.042706
-0.198610
-0.368565
0.009484
-0.014353
-0.278648
-0.020707
0.189211
-0.141371
0.254810
-0.069993
0.066699
-0.186863
0.011353
0.022317
0.022643
-0.212725
-0.008429
-0.298771
0.203650
0.108665
0.152485
-0.032607
0.103964
0.102060
0.093911
-0.266666
-0.119754
-0.120429
0.113921
-0.079928
-0.163136
-0.084691
-0.009074
-0.005499
-0.099043
0.001834
-0.026789
0.239449
0.298176
-0.207983
-0.269386
0.074739
-0.105285
0.031526
0.098771
0.065510
-0.033618
-0.058368
0.204454
-0.120102
0.197296
-0.080771
0.285004
0.152550
-0.268848
-0.058801
-0.112411
-0.098468
-0.031654
0.147377
0.260448
-0.045508
0.062684
-0.186338
-0.199162
-0.034647
0.253208
-0.227081
-0.234037
0.113674
0.002648
-0.065713
-0.101716
-0.102062
0.113386
-0.004661
0.110447
-0.066674
-0.061316
0.314896
0.103358
-0.011600
-0.204161
-0.049353
-0.147476
-0.036433
0.038848
-0.114018
-0.135473
0.007192
-0.114221
-0.313869
0.250111
-0.049823
-0.062499
0.198526
0.063107
0.189001
-0.174423
-0.023357
0.302673
-0.025333
0.201065
-0.236753
0.019604
-0.123836
0.048723
-0.017524
0.098491
-0.012596
0.149797
-0.088285
0.124514
0.093214
0.008808
-0.024095
-0.091372
0.047650
-0.138115
0.211441
0.054844
-0.104756
-0.102432
-0.132759
-0.007004
-0.163219
-0.080099
-0.091475
-0.121797
-0.108081
-0.115966
-0.256832
0.156725
0.084522
-0.203451
0.030459
0.251396
-0.007152
-0.277203
0.059754
0.129538
0.163864
-0.316959
0.106476
-0.033058
0.129557
0.081805
-0.271431
0.029631
-0.346447
0.087584
-0.353241
-0.014066
-0.162424
-0.048281
-0.019363
-0.036085
-0.128382
-0.112546
-0.009731
0.201252
-0.226799
0.023571
0.069549
0.005296
-0.032300
-0.190704
-0.033441
-0.039454
-0.177769
-0.119554
0.089507
0.133671
0.000067
-0.094154
-0.046967
0.129044
-0.013484
0.119317
-0.131456
0.077209
0.206324
-0.194555
-0.083858
0.043896
0.196581
0.186914
-0.280613
-0.080511
0.074368
0.146791
-0.315262
-0.005430
-0.119771
0.043291
-0.147133
-0.300220
0.142723
0.108984
-0.192102
-0.036757
0.135872
-0.100887
-0.339085
-0.154770
0.093386
0.051658
-0.171587
0.081612
0.022819
-0.014043
-0.278893
-0.208569
-0.059314
0.074960
0.273041
-0.011443
0.112590
0.138292
0.055622
-0.101465
0.137512
0.178072
0.039545
-0.130970
-0.068769
-0.108165
0.006518
-0.075334
0.002531
0.104549
0.037197
0.138405
0.003663
-0.011756
-0.014656
0.097048
0.038189
0.250332
-0.259628
-0.229120
-0.053843
-0.100232
-0.001114
0.176975
0.264290
-0.165787
-0.124599
0.088451
-0.173357
0.222866
-0.014149
0.253155
-0.037900
-0.122758
0.270893
0.184599
-0.229214
-0.160297
-0.180870
-0.226681
-0.055752
-0.143671
-0.089411
-0.053796
-0.008988
0.042934
0.192535
0.029205
0.293266
-0.215799
0.090218
-0.197155
-0.169033
-0.201035
-0.021310
-0.050611
0.070893
-0.144777
0.036707
-0.102463
-0.213179
-0.267578
-0.140018
0.186056
0.047377
0.130875
0.080519
0.255875
-0.028849
0.047800
0.176767
-0.232752
0.194260
0.088491
-0.137257
-0.103154
0.130293
-0.093431
0.215609
0.277691
-0.162233
0.016268
0.079408
-0.039419
0.104791
-0.380188
0.200104
-0.114448
-0.087258
-0.053326
0.219667
0.137274
-0.030767
-0.208778
-0.112672
0.163610
0.211100
-0.033284
-0.016517
0.034098
-0.133060
0.010964
-0.049366
-0.227228
0.099452
0.102374
0.105618
0.083879
0.299080
-0.116481
-0.077273
-0.010729
-0.100215
0.001553
0.239983
0.152731
0.059071
0.149954
0.038281
-0.026482
-0.194643
0.111506
-0.037912
0.064151
0.191732
-0.003586
0.228334
-0.035457
-0.182735
0.064239
0.000348
-0.168800
-0.072372
0.241117
0.040548
0.027658
-0.094217
-0.001407
-0.178598
0.204865
0.031395
0.033688
-0.244152
0.219604
0.035241
0.145117
0.082200
-0.195826
0.003228
-0.025963
0.214275
0.100432
0.231987
-0.112064
0.164581
-0.013994
0.174484
-0.044796
0.098124
0.137615
0.017735
0.098474
-0.029475
0.094646
0.049458
-0.136501
0.121730
-0.045890
-0.136778
0.232134
0.158394
0.183620
-0.171892
0.062393
0.113090
-0.137783
0.207516
-0.241289
0.104102
0.063165
0.170462
-0.117622
0.015443
-0.035260
0.059870
-0.109534
-0.049251
-0.204487
-0.154907
-0.099279
0.082411
-0.135464
0.148479
-0.094634
-0.189526
-0.241478
-0.232847
-0.067797
0.004475
0.068086
0.163761
-0.274837
-0.038425
-0.009260
-0.212444
-0.214336
0.290089
0.283493
-0.017915
-0.043521
-0.089340
0.003838
-0.015278
0.072545
0.258717
0.044592
0.252571
-0.081805
-0.010608
-0.190760
-0.181082
-0.076348
-0.037222
-0.181887
0.265594
0.063385
0.016056
0.032749
-0.295120
0.020531
0.102547
-0.132490
0.182821
-0.227726
-0.141754
0.261089
-0.004352
-0.141804
0.106876
-0.170977
-0.038325
-0.273178
-0.167137
0.238241
0.238791
0.091577
0.134123
0.053649
0.009771
-0.166620
-0.138247
0.266403
-0.244097
0.114662
-0.353195
-0.126654
-0.112663
-0.047009
-0.092196
0.029926
-0.026479
-0.280357
0.335140
-0.279655
-0.070375
-0.244324
-0.019141
0.215982
0.051003
0.235310
0.045006
-0.134321
-0.184868
-0.267998
0.103914
-0.236790
-0.028849
-0.052095
0.105860
-0.166075
-0.365715
-0.031255
0.100326
-0.172680
0.083410
-0.252876
-0.304058
0.371983
0.135374
-0.144787
-0.064569
0.257568
-0.242746
0.266682
-0.091060
0.340096
0.304726
0.085315
0.081551
0.452625
0.106549
-0.153982
-0.045532
0.208685
-0.105140
0.468861
-0.190392
0.207920
0.160173
0.054215
-0.265884
-0.252316
-0.231039
0.055410
0.062490
0.319485
0.212036
-0.141176
0.074450
-0.169605
-0.388371
0.110273
-0.012432
-0.011296
-0.142076
-0.005512
-0.290627
0.162254
-0.537605
-0.309471
-0.002530
0.188765
0.154350
-0.048062
0.395039
0.049216
0.423210
0.204645
0.156742
-0.034024
-0.255745
-0.109138
-0.286335
0.030236
-0.054118
-0.125471
-0.169315
-0.359100
0.252781
-0.094866
-0.011687
0.381432
0.015411
0.076273
-0.149292
0.389961
0.073171
0.079508
-0.065197
-0.466450
-0.129965
0.035077
0.339333
0.024389
-0.012982
0.119372
-0.026787
-0.207176
-0.295414
-0.387058
0.375820
-0.034142
0.020822
0.089884
-0.005922
0.067097
-0.136372
-0.172825
0.322998
-0.400604
0.349720
-0.205706
-0.019176
-0.149471
0.389996
-0.168468
0.338863
0.460762
-0.088961
-0.240942
0.511337
-0.216511
0.309139
0.336056
-0.294918
-0.321255
-0.164001
0.295708
0.088980
0.158001
-0.091352
-0.152609
0.126276
0.546883
-0.062727
0.220743
-0.003826
-0.096295
-0.469097
0.321587
0.017706
0.400063
0.115882
-0.001469
-0.268841
0.403469
0.349491
-0.547394
0.347218
0.260529
-0.271706
0.343548
0.043627
-0.479588
0.062193
0.268139
-0.183432
-0.102198
-0.053569
-0.094454
-0.044588
-0.142509
-0.247059
0.179665
-0.213039
0.207624
-0.214588
0.400940
-0.506470
-0.169077
0.205509
0.128645
-0.286041
-0.298038
0.029196
-0.037864
-0.409565
-0.238726
0.034176
-0.162745
-0.078588
-0.139156
-0.436607
0.065822
-0.099316
0.142210
0.233566
0.334667
-0.062393
-0.339039
0.240215
-0.004178
-0.381157
-0.008866
0.175493
-0.077177
-0.318645
-0.141903
-0.193256
-0.207708
0.308842
0.011861
-0.179060
-0.077589
0.331234
-0.149866
-0.015059
0.438679
-0.390610
0.119511
-0.339451
-0.368809
-0.120041
-0.158648
0.213646
-0.221373
0.084352
-0.071827
-0.504501
-0.495056
0.208567
0.351101
0.017391
0.344433
0.243858
-0.323746
-0.249763
0.025606
0.151766
0.073606
-0.179689
-0.156805
0.183842
-0.358746
-0.131983
-0.099921
0.106783
0.470371
-0.281059
-0.283825
-0.029551
-0.003097
-0.135609
-0.249981
-0.060963
-0.438587
0.148470
-0.077394
0.106608
-0.257668
0.044960
0.214783
-0.004943
-0.552650
-0.055786
0.339306
-0.259373
0.209057
0.364922
-0.107611
0.385471
0.185236
0.254623
-0.048100
-0.175529
-0.396393
-0.150038
-0.068746
0.073976
0.188726
-0.352570
-0.055962
-0.431786
0.131647
0.309444
0.124275
0.209686
-0.059099
0.046882
-0.301117
0.202274
-0.006137
0.016467
0.297722
-0.460804
-0.141724
0.120016
-0.203157
0.167721
-0.132471
0.204239
0.036176
-0.047237
0.458862
-0.111922
-0.122375
-0.037922
-0.161961
0.328308
-0.583374
0.026766
-0.124648
-0.021921
0.214409
0.007000
-0.227079
-0.280746
-0.302353
0.328823
0.285561
0.016350
-0.086314
0.377800
-0.069589
-0.307625
0.434013
-0.111315
0.329411
-0.386547
0.156801
-0.420078
-0.283100
0.094609
0.150097
0.176157
0.083078
-0.072666
-0.379173
0.438137
0.255642
-0.342728
-0.150494
-0.383610
0.250347
0.061902
0.240803
-0.077118
-0.218842
0.457485
0.254112
0.167118
-0.045197
-0.351238
-0.072490
-0.014783
-0.139433
0.260746
0.390923
-0.327038
0.489582
0.030708
-0.230097
0.208897
0.024920
0.020389
0.384666
-0.511826
-0.049864
0.103858
-0.071275
0.105390
-0.339252
0.393627
0.339191
-0.086493
-0.161882
-0.037412
0.451393
-0.380726
-0.096939
0.188488
-0.311588
0.374882
-0.160725
0.130529
-0.257313
-0.199766
-0.123334
-0.383411
-0.012197
-0.251156
-0.353100
0.377529
-0.044666
0.189236
-0.221903
-0.177019
0.294823
0.245255
-0.171137
0.223154
-0.166374
0.105000
-0.000628
0.072431
0.018113
-0.062513
0.035016
0.471916
0.076194
-0.164335
0.141371
-0.237804
0.210152
0.497665
0.409744
-0.049179
-0.321922
-0.230606
0.184429
0.185316
0.035645
0.449139
-0.054568
0.507996
0.020959
0.240549
-0.284019
0.315395
0.485798
0.160236
0.023943
-0.297981
0.264839
0.121687
0.291466
0.285370
-0.038804
-0.190531
0.137861
-0.065413
0.162159
-0.338177
-0.303215
-0.142294
-0.455906
-0.410488
0.425549
-0.260803
-0.121668
0.093351
-0.075492
-0.086020
-0.074922
0.485325
-0.195824
0.046428
0.110488
0.135551
-0.155199
0.079274
0.295383
-0.231646
0.298309
-0.054766
0.409077
0.070744
-0.386803
-0.249157
0.397236
-0.148548
0.302841
0.044392
0.130686
-0.000373
0.519508
0.189779
0.106157
0.426022
-0.068608
-0.532532
-0.098041
-0.045726
-0.103942
-0.072569
-0.175785
0.320057
-0.126919
-0.065293
-0.061412
0.237309
0.011963
-0.280624
-0.095118
0.310272
0.181625
-0.205078
-0.236391
-0.106808
0.062783
-0.354156
-0.255352
-0.151785
0.307648
0.389938
-0.152157
0.207724
0.065112
0.056409
0.015941
-0.003884
0.141293
0.020704
0.467407
0.039764
-0.152649
-0.325787
0.357803
0.239861
0.123922
-0.221022
0.376778
-0.381130
0.013352
-0.235353
0.446159
0.294979
-0.438019
0.310158
0.087784
0.241781
-0.144394
0.447430
0.092410
0.161234
0.222368
0.040642
-0.148060
0.287487
-0.003336
-0.132116
0.283604
0.137962
-0.212196
0.131197
0.177723
0.154587
-0.192177
-0.082274
0.294056
0.031744
-0.204926
0.153824
0.170040
0.327858
-0.081925
-0.003631
0.005432
0.095450
0.206135
-0.423805
-0.277763
0.162138
-0.076765
0.430038
-0.193647
0.245996
0.470295
0.175312
-0.083923
-0.150061
-0.055177
-0.418118
-0.012097
-0.166979
0.332901
0.165234
-0.112784
0.138700
0.181335
0.281658
0.070058
-0.123981
-0.081530
0.237684
-0.413528
-0.163057
-0.380943
0.211332
-0.068004
-0.174805
0.304550
0.271641
0.090133
0.328178
0.184271
-0.205923
-0.040824
0.037550
-0.028196
-0.124745
0.504898
0.014998
-0.025452
0.492413
-0.252373
-0.309959
0.040236
-0.364769
0.445759
-0.395844
-0.083097
-0.103611
-0.002805
-0.064235
-0.480923
-0.313526
0.289726
-0.244452
0.412800
0.221724
0.198156
0.200331
-0.122018
-0.329121
-0.090923
0.060235
0.084786
-0.131744
0.097783
-0.046215
-0.256489
-0.014727
-0.031216
-0.181547
-0.139725
-0.283981
0.125507
0.517921
-0.031337
-0.048155
0.120056
-0.014040
0.365257
0.119665
0.438740
0.501350
0.320744
0.111056
-0.260117
0.216530
-0.285019
0.457077
-0.100552
0.210371
-0.389057
-0.291862
0.273018
0.310726
0.193804
-0.146215
-0.352901
0.037707
-0.258923
0.233292
-0.244236
-0.399036
0.468742
-0.118725
0.119273
-0.182415
-0.267277
0.238937
0.320568
-0.419430
-0.258801
0.141901
-0.432686
-0.455078
0.252956
-0.175785
0.378471
-0.029646
-0.336121
0.175508
-0.336296
-0.107768
-0.113940
-0.065298
0.102567
-0.437157
-0.309490
-0.247921
0.117569
0.046586
-0.014628
-0.227451
0.164568
-0.063297
0.269218
0.283844
-0.343685
0.101938
-0.092216
-0.540138
0.197506
0.263977
0.221588
0.281841
0.328327
-0.142862
0.106450
0.087370
-0.172903
-0.129667
-0.251724
0.008215
-0.337826
0.251350
-0.057471
0.384567
0.329193
-0.266571
0.237036
-0.171040
-0.320370
0.122020
0.216898
0.462002
-0.558296
-0.131296
0.228432
-0.284565
-0.129745
-0.483219
-0.209312
-0.449257
-0.216822
-0.088118
0.450394
0.111114
0.286037
-0.060961
0.198488
0.113135
0.326389
-0.053623
0.121350
-0.011038
0.095313
0.166685
-0.143494
-0.092509
-0.202688
-0.008864
0.253471
-0.003628
0.213551
-0.046648
-0.059040
0.272270
0.338688
0.167370
0.502693
0.307312
0.303974
-0.322002
0.377094
0.086761
-0.309727
0.310471
0.197884
-0.023685
0.249508
0.394352
0.089843
-0.043531
-0.274273
-0.406609
-0.054569
-0.178961
0.375465
0.318962
-0.169056
-0.442219
-0.206923
0.082391
0.171179
-0.093765
0.037761
0.110116
0.178511
-0.142590
-0.239531
0.166609
0.066743
-0.035941
-0.155392
-0.073175
-0.049569
-0.467529
-0.382530
-0.469093
0.128607
0.383999
-0.072725
-0.399349
-0.176939
-0.349018
-0.190571
0.287922
0.089038
-0.430096
0.087452
-0.082041
-0.355690
0.399963
0.103154
0.332504
-0.210823
0.040527
-0.074393
-0.134726
-0.202452
0.203093
-0.485531
-0.035705
-0.447845
-0.125923
-0.110902
-0.397411
0.026372
0.123980
-0.248709
-0.462826
-0.009432
-0.321430
-0.347176
-0.286373
-0.053432
-0.020727
0.101938
0.133976
0.166586
0.189392
0.054351
0.327919
-0.030471
0.057117
0.143410
-0.241295
0.097254
-0.450020
0.243412
0.510193
0.272511
0.272877
-0.140511
-0.177746
0.249765
0.365604
0.042253
0.275742
-0.125414
0.410957
0.329937
-0.237257
0.087116
0.083154
0.093783
-0.483334
0.062430
-0.422073
0.170074
0.331829
0.284725
0.224430
0.041941
-0.262764
-0.235470
-0.331276
0.115373
-0.240629
-0.264668
-0.260647
-0.247845
0.007842
0.112624
0.128664
-0.069510
-0.255020
-0.122745
-0.026864
0.020726
-0.248549
-0.233709
-0.166355
0.131609
-0.144178
-0.085217
0.227413
-0.112511
-0.020374
0.320335
0.157957
-0.308372
0.088037
0.380375
-0.266430
-0.072314
0.044509
0.019706
-0.057335
-0.096119
0.374866
-0.217590
0.175468
-0.136724
-0.104961
0.402512
-0.203825
0.259842
-0.338043
-0.231079
-0.337231
0.030821
0.150606
-0.402798
0.162819
0.006430
0.028608
0.289837
-0.103667
0.108621
0.093155
0.052271
-0.199745
-0.333805
0.334667
0.051234
-0.506508
0.479565
0.170940
0.051548
-0.233568
-0.073630
0.350979
-0.058102
0.309074
-0.273018
-0.273392
-0.412155
-0.013174
0.008388
-0.128235
0.267391
-0.063199
0.539383
-0.236197
0.099627
0.031214
-0.207590
0.389076
-0.074471
-0.196939
-0.034395
-0.022199
0.117922
-0.468590
-0.204550
0.269550
-0.359703
-0.339977
-0.074118
-0.308155
-0.056922
-0.248531
0.042824
0.500374
0.160940
-0.230196
-0.290043
-0.253235
-0.343765
-0.283669
0.135550
0.024018
0.272961
0.160330
0.304840
0.372200
0.091157
0.097255
0.246668
-0.083707
0.000315
0.111880
-0.005511
0.120647
0.157898
-0.308037
-0.227217
-0.201803
-0.033019
0.313667
0.107053
-0.089943
-0.449471
-0.467529
-0.106588
0.226467
-0.082725
0.218369
-0.024745
-0.426487
-0.163275
0.110804
-0.402470
