0.750498
0.352482
0.257467
0.616001
0.391252
0.706415
0.566885
0.621517
0.264581
0.416262
0.382083
0.573345
0.856058
0.468391
0.768753
0.450020
0.538172
0.522913
0.449247
0.438126
0.322894
0.672800
0.723297
0.491149
0.765804
0.640541
0.443746
0.325083
0.128780
0.259364
0.546549
0.764830
0.315149
0.389396
0.493659
0.591951
0.206337
0.357968
0.801153
0.359219
0.476360
0.179760
0.632393
0.442945
0.347980
0.698570
0.192690
0.886152
0.220309
0.641937
0.321529
0.543201
0.429184
0.744654
0.620909
0.191066
0.381274
0.475349
0.516596
0.397911
0.322396
0.648525
0.574612
0.637547
0.452542
0.478970
0.225576
0.544432
0.425067
0.437875
0.904821
0.313298
0.317462
0.535597
0.642242
0.552168
0.530863
0.834932
0.434400
0.452171
0.591318
0.455757
0.697506
0.605883
0.497108
0.729109
0.207647
0.881857
0.202839
0.609797
0.390740
0.526407
0.557322
0.550734
0.460203
0.595243
0.029702
0.272333
0.551546
0.454768
0.598061
0.455195
0.768064
0.502077
0.401490
0.407560
0.467247
0.518906
0.355768
0.601475
0.673210
0.243337
0.357405
0.666964
0.849220
0.554340
0.393326
0.353117
0.432279
0.481717
0.663187
0.709745
0.593504
0.217761
0.673925
0.465580
0.813004
0.703627
0.326043
0.477376
0.570267
0.623934
0.517954
0.334412
0.537157
0.506441
0.742420
0.589785
0.725176
0.510059
0.491431
0.394910
0.453223
0.848833
0.172400
0.299694
0.399255
0.454028
0.352639
0.245706
0.636745
0.315554
0.655725
0.643698
0.118694
0.625902
0.694658
0.633827
0.441227
0.431400
0.698204
0.711323
0.353204
0.326682
0.156259
0.778217
0.532951
0.787704
0.779871
0.669275
0.408290
0.567553
0.177012
0.449196
0.412466
0.236137
0.634443
0.814022
0.690165
0.401702
0.645557
0.440185
0.302635
0.597532
0.381306
0.421777
0.337435
0.186490
0.351854
0.778662
0.507364
0.460756
0.488365
0.746120
0.488886
0.530176
0.634863
0.318090
0.729027
0.413114
0.876392
0.725000
0.680944
0.638784
0.472068
0.391960
0.286067
0.517206
0.318130
0.565086
0.504292
0.849239
0.301521
0.218071
0.444023
0.382655
0.527702
0.781456
0.456317
0.580557
0.858675
0.259933
0.743891
0.343118
0.708183
0.529026
0.283992
0.453572
0.736145
0.601875
0.164109
0.723509
0.623573
0.732906
0.658545
0.206165
0.237012
0.645611
0.424372
0.440694
0.507397
0.342110
0.286013
0.808918
0.446906
0.730034
0.603891
0.674435
0.509872
0.647892
0.253373
0.364627
0.907824
0.294686
0.707743
0.726532
0.523542
0.289161
0.478660
0.556383
0.302180
0.228149
0.275971
0.625580
0.373372
0.046216
0.718468
0.495937
0.580128
0.255671
0.522011
0.498224
0.483334
0.507851
0.720142
0.515619
0.351887
0.320109
0.304054
0.747316
0.078526
0.443427
0.523811
0.688478
0.738113
0.342082
0.711264
0.559525
0.631245
0.776474
0.818039
0.521105
0.303623
0.505882
0.444110
0.376823
0.439953
0.275408
0.460443
0.430779
0.417078
0.393153
0.628832
0.785965
0.604307
0.459946
0.413730
0.252443
0.783527
0.603336
0.110283
0.447883
0.457463
0.634094
0.433785
0.897024
0.562729
0.444047
0.454928
0.490223
0.331047
0.269047
0.423646
0.635843
0.660484
0.455439
0.600349
0.800262
0.616846
0.472662
0.342016
0.444624
0.451196
0.269400
0.815969
0.466200
0.730516
0.340223
0.604195
0.510572
0.646137
0.715652
0.846308
0.100851
0.460270
0.390619
0.296427
0.319251
0.835840
0.451184
0.513224
0.465886
0.720232
0.522251
0.687109
0.492412
0.388388
0.285156
0.706120
0.705063
0.643372
0.634691
0.735065
0.508015
0.603918
0.547560
0.271639
0.333262
0.301957
0.578413
0.429215
0.244345
0.704760
0.387223
0.345644
0.754332
0.076396
0.341898
0.184109
0.912682
0.679083
0.697330
0.375819
0.811184
0.332412
0.650610
0.302424
0.721245
0.346466
0.419242
0.424691
0.692415
0.639313
0.456455
0.612301
0.657402
0.303741
0.583769
0.401365
0.305525
0.572878
0.531580
0.550318
0.277638
0.217357
0.482512
0.731800
0.294200
0.712267
0.326608
0.204133
0.503048
0.613241
0.282082
0.427505
0.356354
0.632523
0.729929
0.664152
0.680435
0.734550
0.385541
0.783548
0.785738
0.430851
0.391929
0.439219
0.434420
0.274251
0.540859
0.625498
0.548574
0.370993
0.761198
0.411596
0.588797
0.354236
0.554094
0.583996
0.478819
0.468385
0.487957
0.683996
0.492326
0.655592
0.407753
0.435678
0.584364
0.133761
0.396081
0.677799
0.279012
0.369306
0.458599
0.650129
0.499984
0.738384
0.502796
0.819956
0.714081
0.341078
0.556429
0.258738
0.297451
0.729494
0.672636
0.472799
0.194702
0.222807
0.467494
0.261204
0.391020
0.843306
0.355898
0.470345
0.494977
0.349478
0.202274
0.492787
0.483238
0.300487
0.757141
0.649422
0.370067
0.212266
0.595802
0.756777
0.361349
0.095851
0.687706
0.775259
0.439231
0.656002
0.446996
0.322510
0.496023
0.705011
0.208309
0.276106
0.338517
0.561806
0.538483
0.619011
0.515635
0.191078
0.199882
0.309612
0.541729
0.404459
0.503401
0.910521
0.290325
0.256619
0.670471
0.660391
0.468886
0.266275
0.528141
0.532812
0.362125
0.627718
0.305322
0.501631
0.394247
0.638317
0.711996
0.475650
0.755199
0.332176
0.752205
0.796295
0.593807
0.589241
0.525831
0.698744
0.481317
0.611267
0.118882
0.321599
0.601107
0.507835
0.228647
0.302131
0.464282
0.602421
0.074667
0.633442
0.868692
0.488359
0.463677
0.227345
0.226604
0.771301
0.616831
0.506403
0.520144
0.439354
0.567434
0.274172
0.471357
0.319192
0.771467
0.363035
0.908876
0.293377
0.472478
0.686449
0.791367
0.476913
0.593872
0.505302
0.685747
0.525824
0.808601
0.146110
0.424494
0.771126
0.193725
0.289714
0.370013
0.357231
0.216886
0.600090
0.425231
0.533546
0.102573
0.647507
0.383596
0.559481
0.622679
0.741678
0.289372
0.690395
0.517712
0.194329
0.280024
0.575573
0.582224
0.771217
0.754614
0.174478
0.573944
0.436442
0.700302
0.495823
0.586473
0.824625
0.263027
0.665752
0.814163
0.633486
0.319682
0.327303
0.529827
0.447042
0.863148
0.521875
0.505247
0.243996
0.492054
0.424623
0.399121
0.481254
0.700399
0.502216
0.375859
0.392742
0.663614
0.254333
0.749340
0.528757
0.429984
0.622284
0.265372
0.715666
0.817936
0.737398
0.651987
0.377215
0.513678
0.462678
0.422573
0.833363
0.793455
0.654974
0.390930
0.653130
0.587549
0.482004
0.596954
0.779430
0.493179
0.581455
0.256765
0.604279
0.380368
0.633795
0.696848
0.156812
0.473509
0.746361
0.686741
0.905798
0.479173
0.537497
0.733162
0.294361
0.685591
0.684149
0.671576
0.310243
0.557526
0.679977
0.442157
0.347059
0.446651
0.719086
0.701189
0.619579
0.614090
0.597141
0.696434
0.517969
0.590466
0.653027
0.121800
0.672964
0.283350
0.704647
0.416329
0.171031
0.561533
0.399768
0.073353
0.338128
0.350263
0.692066
0.518042
0.736128
0.486742
0.300145
0.344925
0.343992
0.683424
0.486910
0.276878
0.426325
0.316521
0.680197
0.344459
0.515993
0.274589
0.151419
0.333686
0.865503
0.219067
0.155760
0.534546
0.502415
0.271105
0.951321
0.673447
0.836113
0.463917
0.633524
0.759624
0.399562
0.438867
0.390494
0.546389
0.337479
0.576191
0.476695
0.267299
0.556313
0.374749
0.546478
0.395639
0.579124
0.524097
0.441545
0.507435
0.799133
0.478518
0.426501
0.660713
0.697584
0.582262
0.193639
0.199553
0.555498
0.845961
0.573275
0.387691
0.305957
0.505352
0.558012
0.592690
0.645218
0.533886
0.137458
0.279396
0.224525
0.615772
0.548996
0.780838
0.578203
0.680855
0.763033
0.269028
0.315478
0.200655
0.361843
0.225137
0.681921
0.490922
0.585678
0.676929
0.483883
0.780937
0.576757
0.625206
0.625278
0.448583
0.424768
0.227933
0.654936
0.570910
0.822924
0.711302
0.516666
0.847109
0.401396
0.326573
0.573408
0.535772
0.220239
0.262137
0.627325
0.569098
0.417164
0.643805
0.182753
0.781309
0.754940
0.162098
0.568481
0.640345
0.539301
0.638191
0.417361
0.529060
0.377399
0.339337
0.388342
0.687719
0.455126
0.339530
0.254709
0.275303
0.461529
0.473953
0.232937
0.448305
0.800524
0.806791
0.571760
0.318635
0.367482
0.610956
0.300734
0.485646
0.253589
0.370212
0.563654
0.304780
0.532757
0.833138
0.241376
0.482757
0.584156
0.661486
0.897369
0.257808
0.586205
0.281788
0.645803
0.453199
0.508041
0.314686
0.728500
0.669847
0.374019
0.546820
0.707008
0.472416
0.466440
0.689915
0.493180
0.419748
0.296948
0.679466
0.316094
0.436090
0.749504
0.583052
0.744345
0.278341
0.412713
0.685997
0.346478
0.293122
0.344732
0.242228
0.552549
0.343938
0.525188
0.611351
0.682690
0.735807
0.511419
0.409573
0.401734
0.772612
0.066917
0.404992
0.355553
0.419356
0.392329
0.734285
0.250977
0.277408
0.409832
0.454925
0.714670
0.456760
0.738251
0.455541
0.435376
0.447215
0.440090
0.670883
0.743811
0.784822
0.324255
0.406886
0.126012
0.734995
0.603619
0.811003
0.466883
0.702040
0.332274
0.282788
0.585176
0.284744
0.573780
0.239282
0.407404
0.668240
0.384267
0.658379
0.357517
0.381781
0.813580
0.658018
0.838541
0.849255
0.526556
0.573645
0.409298
0.377346
0.355499
0.149188
0.748720
0.679752
0.556522
0.877035
0.526447
0.748995
0.684118
0.406776
0.561562
0.601772
0.575117
0.445291
0.587517
0.735451
0.684574
0.406066
0.514662
0.064918
0.363000
0.757734
0.446698
0.761961
0.414129
0.399686
0.609596
0.351384
0.858883
0.316318
0.315283
0.625078
0.465954
0.174530
0.300910
0.609028
0.162090
0.713356
0.468549
0.731760
0.117384
0.443557
0.445231
0.392330
0.888845
0.331749
0.426780
0.870117
0.737814
0.527996
0.634861
0.686195
0.698730
0.380560
0.747156
0.110557
0.780247
0.468451
0.461941
0.635208
0.043588
0.137338
0.085616
-0.243356
0.172193
-0.009851
0.064487
0.099479
0.118730
-0.141087
0.132404
-0.004231
-0.226348
-0.104957
0.111898
-0.034301
0.059365
-0.104827
-0.078298
-0.016721
-0.064384
-0.230698
-0.270999
0.111479
-0.033412
0.145961
0.202286
0.175836
0.214545
-0.021420
0.049514
-0.179576
0.261785
-0.155004
0.013644
-0.003733
0.272856
-0.070023
-0.195521
-0.045549
-0.064666
-0.061408
0.097796
0.146695
-0.018788
0.061542
-0.036894
0.040577
-0.042710
-0.115191
0.023279
-0.107094
0.091819
-0.100145
-0.286325
0.058408
0.045816
0.206094
0.235953
-0.178483
-0.106592
-0.004666
-0.068501
0.155192
0.130463
0.235275
0.151459
-0.034392
-0.124305
0.247780
-0.080517
0.100585
0.333949
0.016145
-0.188721
-0.123125
-0.068180
-0.225615
-0.082549
0.036110
0.096902
0.088306
0.075459
-0.101412
-0.157706
0.079267
0.247129
-0.113600
0.284227
0.045373
0.147338
0.177058
-0.106295
-0.211298
0.184674
-0.265964
0.023977
0.045424
-0.010800
-0.100329
-0.145639
-0.090741
0.000256
-0.102400
0.215538
-0.189043
0.063475
-0.143353
0.023628
0.128502
0.039200
-0.027047
0.069231
-0.032918
-0.128458
0.059102
0.045773
-0.028906
-0.054498
-0.107710
0.165753
-0.345447
-0.220784
0.058882
-0.266035
0.253448
-0.207081
-0.242059
0.009314
0.218695
-0.052831
0.011252
-0.162180
-0.052576
0.200694
-0.235642
-0.239909
-0.025964
-0.231419
0.073275
-0.045039
-0.190510
0.193804
0.024193
0.214283
0.064769
0.083294
-0.177078
0.183439
0.317219
-0.137788
0.199905
0.121059
-0.067862
-0.031345
-0.292552
-0.104550
-0.091984
-0.097478
0.194899
-0.162290
-0.002732
0.059706
0.113240
0.382400
-0.178442
0.025172
-0.296929
0.085150
0.085597
0.214055
-0.107467
0.331663
0.116592
-0.083274
0.107659
-0.256349
-0.001113
-0.069419
0.217224
0.027683
0.231078
0.126996
0.001165
0.015063
0.097361
0.144612
0.348223
-0.142200
0.047133
0.105411
-0.014357
0.043267
-0.272593
0.247591
-0.012043
-0.013325
0.125189
-0.017130
0.070691
-0.228635
-0.094340
0.112509
-0.187105
-0.124192
-0.119474
0.212397
-0.090408
0.318254
-0.148867
-0.163317
-0.091772
-0.065365
0.255522
-0.091184
0.097275
-0.085960
0.053428
0.008922
-0.081161
-0.048148
-0.033243
0.052636
-0.004882
-0.159391
0.152651
0.273208
0.264991
-0.161580
-0.035765
0.187530
0.049204
-0.275971
-0.138803
-0.285478
0.037545
0.180565
0.073919
0.094137
0.061110
-0.220815
0.221529
-0.030663
-0.286179
0.038765
-0.121846
0.102361
0.100381
-0.069553
-0.179985
0.018087
-0.117702
-0.213227
-0.077431
-0.122584
0.065090
0.222796
0.002471
0.181373
-0.084651
0.258550
0.078769
-0.035447
0.130153
0.231231
0.116208
-0.270588
-0.025914
-0.247008
0.260125
-0.254936
-0.177690
0.043945
-0.138023
-0.174870
-0.207423
0.176130
-0.072510
0.328957
-0.331133
0.185215
-0.088957
-0.159278
0.118431
-0.166388
0.155848
0.035945
-0.090035
0.158318
-0.073391
-0.028243
0.125600
-0.141623
0.225866
0.107600
0.237184
-0.096768
0.273588
-0.079996
-0.053643
0.097714
-0.044799
-0.083756
-0.296051
-0.036957
0.180793
-0.064631
-0.008404
0.106573
-0.173384
0.098172
0.003365
0.027792
-0.061106
-0.026356
0.010114
-0.195968
-0.137412
-0.081055
-0.185227
0.226906
-0.109298
0.231639
0.084706
-0.321140
0.047973
0.030624
-0.270332
-0.114439
0.240185
0.115443
0.273408
-0.094748
-0.117023
-0.312776
0.158428
0.063192
0.060302
-0.287685
0.171474
0.035071
-0.190090
-0.264003
0.062286
0.186514
0.147350
-0.076310
-0.157031
0.009361
-0.009788
-0.194682
0.089267
-0.119086
-0.253176
-0.116160
-0.003094
0.084930
-0.084404
0.017282
0.118066
-0.281930
-0.157984
0.101341
-0.085969
-0.127430
-0.209725
-0.075694
-0.063663
0.138999
-0.215227
-0.182322
0.026494
-0.115184
-0.009192
0.090491
-0.218803
-0.010553
0.161757
0.061874
0.000517
-0.284031
-0.132808
0.089208
-0.113560
0.050592
-0.318219
-0.116078
0.137231
-0.112490
0.191337
0.254165
-0.246266
-0.256781
0.209639
-0.042678
-0.095787
-0.149373
0.029204
0.130682
0.137204
0.104110
0.095361
0.165408
-0.011074
-0.062541
-0.034812
-0.082301
-0.071384
-0.311898
0.269706
-0.071443
-0.158796
-0.153235
0.164207
0.165929
0.187490
-0.006435
0.049851
0.034012
0.029784
-0.048945
0.142310
0.073652
-0.016169
0.060106
0.030972
-0.111956
0.058310
-0.088533
0.168011
-0.242196
0.164286
0.114663
-0.366922
-0.136922
0.053831
0.035976
0.070910
0.129447
0.015345
0.049349
0.205581
0.002993
0.186247
-0.067921
0.021345
0.084738
-0.221933
0.071196
-0.028827
0.096852
0.312385
-0.177784
0.169925
0.006083
0.029899
-0.237945
0.184835
-0.349502
-0.177768
0.204694
-0.152277
-0.013482
0.029224
-0.229643
-0.151537
-0.207655
0.245752
-0.080627
0.211926
-0.030168
0.116298
-0.021336
0.262957
0.013545
-0.089259
-0.004121
-0.049294
-0.020482
0.067075
0.068322
-0.214340
-0.057117
0.039824
-0.042706
-0.198611
-0.368564
0.009482
-0.014353
-0.278646
-0.020710
0.189208
-0.141368
0.254807
-0.069992
0.066698
-0.186862
0.011353
0.022318
0.022643
-0.212721
-0.008427
-0.298768
0.203651
0.108663
0.152486
-0.032608
0.103965
0.102058
0.093910
-0.266670
-0.119753
-0.120431
0.113922
-0.079929
-0.163136
-0.084690
-0.009074
-0.005501
-0.099043
0.001836
-0.026788
0.239452
0.298176
-0.207980
-0.269383
0.074742
-0.105286
0.031526
0.098769
0.065510
-0.033620
-0.058368
0.204451
-0.120102
0.197294
-0.080772
0.284999
0.152550
-0.268847
-0.058800
-0.112412
-0.098466
-0.031654
0.147377
0.260448
-0.045505
0.062687
-0.186337
-0.199161
-0.034647
0.253208
-0.227082
-0.234039
0.113675
0.002647
-0.065714
-0.101717
-0.102063
0.113389
-0.004659
0.110446
-0.066675
-0.061318
0.314898
0.103357
-0.011600
-0.204161
-0.049353
-0.147474
-0.036431
0.038847
-0.114019
-0.135474
0.007192
-0.114219
-0.313870
0.250110
-0.049823
-0.062498
0.198525
0.063106
0.189000
-0.174423
-0.023357
0.302675
-0.025333
0.201063
-0.236752
0.019605
-0.123835
0.048722
-0.017525
0.098491
-0.012596
0.149796
-0.088285
0.124514
0.093213
0.008804
-0.024094
-0.091372
0.047651
-0.138113
0.211440
0.054843
-0.104757
-0.102431
-0.132757
-0.007003
-0.163219
-0.080098
-0.091475
-0.121796
-0.108078
-0.115965
-0.256831
0.156722
0.084522
-0.203451
0.030459
0.251396
-0.007153
-0.277199
0.059753
0.129537
0.163862
-0.316957
0.106474
-0.033059
0.129557
0.081804
-0.271432
0.029631
-0.346442
0.087584
-0.353235
-0.014066
-0.162424
-0.048282
-0.019360
-0.036086
-0.128380
-0.112545
-0.009728
0.201252
-0.226800
0.023573
0.069549
0.005298
-0.032301
-0.190701
-0.033439
-0.039455
-0.177768
-0.119553
0.089507
0.133670
0.000067
-0.094153
-0.046964
0.129047
-0.013482
0.119313
-0.131454
0.077208
0.206322
-0.194557
-0.083859
0.043898
0.196580
0.186913
-0.280611
-0.080509
0.074368
0.146793
-0.315258
-0.005430
-0.119769
0.043290
-0.147132
-0.300223
0.142722
0.108984
-0.192101
-0.036757
0.135875
-0.100886
-0.339087
-0.154768
0.093384
0.051659
-0.171588
0.081612
0.022820
-0.014043
-0.278890
-0.208569
-0.059314
0.074961
0.273039
-0.011443
0.112589
0.138295
0.055624
-0.101466
0.137510
0.178075
0.039545
-0.130969
-0.068768
-0.108165
0.006518
-0.075333
0.002529
0.104549
0.037196
0.138404
0.003663
-0.011757
-0.014654
0.097047
0.038192
0.250333
-0.259627
-0.229122
-0.053843
-0.100231
-0.001114
0.176977
0.264287
-0.165784
-0.124599
0.088451
-0.173357
0.222867
-0.014149
0.253153
-0.037902
-0.122756
0.270895
0.184596
-0.229211
-0.160298
-0.180870
-0.226681
-0.055749
-0.143674
-0.089412
-0.053796
-0.008988
0.042934
0.192537
0.029204
0.293266
-0.215800
0.090216
-0.197153
-0.169031
-0.201031
-0.021310
-0.050612
0.070894
-0.144776
0.036706
-0.102463
-0.213176
-0.267576
-0.140019
0.186055
0.047377
0.130875
0.080518
0.255875
-0.028847
0.047800
0.176769
-0.232749
0.194259
0.088491
-0.137259
-0.103153
0.130290
-0.093431
0.215608
0.277690
-0.162231
0.016267
0.079404
-0.039420
0.104792
-0.380192
0.200101
-0.114447
-0.087258
-0.053325
0.219666
0.137275
-0.030768
-0.208776
-0.112670
0.163608
0.211097
-0.033285
-0.016518
0.034098
-0.133062
0.010965
-0.049364
-0.227227
0.099455
0.102377
0.105619
0.083879
0.299078
-0.116481
-0.077274
-0.010729
-0.100215
0.001553
0.239985
0.152730
0.059071
0.149953
0.038283
-0.026478
-0.194639
0.111506
-0.037914
0.064150
0.191730
-0.003584
0.228334
-0.035459
-0.182737
0.064240
0.000349
-0.168800
-0.072373
0.241117
0.040549
0.027660
-0.094215
-0.001408
-0.178595
0.204863
0.031397
0.033687
-0.244153
0.219604
0.035240
0.145117
0.082200
-0.195823
0.003228
-0.025961
0.214275
0.100432
0.231988
-0.112062
0.164581
-0.013992
0.174486
-0.044796
0.098126
0.137616
0.017733
0.098475
-0.029474
0.094648
0.049459
-0.136502
0.121729
-0.045890
-0.136776
0.232134
0.158397
0.183620
-0.171890
0.062397
0.113091
-0.137784
0.207514
-0.241286
0.104102
0.063165
0.170463
-0.117623
0.015444
-0.035259
0.059871
-0.109533
-0.049251
-0.204486
-0.154905
-0.099279
0.082416
-0.135463
0.148482
-0.094635
-0.189525
-0.241478
-0.232847
-0.067796
0.004474
0.068087
0.163761
-0.274839
-0.038427
-0.009262
-0.212443
-0.214337
0.290086
0.283494
-0.017913
-0.043521
-0.089341
0.003839
-0.015278
0.072545
0.258714
0.044592
0.252569
-0.081804
-0.010607
-0.190760
-0.181083
-0.076346
-0.037223
-0.181886
0.265596
0.063385
0.016055
0.032749
-0.295121
0.020530
0.102545
-0.132493
0.182824
-0.227726
-0.141756
0.261089
-0.004353
-0.141804
0.106875
-0.170976
-0.038325
-0.273176
-0.167136
0.238239
0.238788
0.091576
0.134122
0.053648
0.009773
-0.166619
-0.138247
0.266400
-0.244098
0.114663
-0.353195
-0.126655
-0.112663
-0.047008
-0.092196
0.029926
-0.026478
-0.280360
0.335141
-0.279654
-0.070377
-0.244326
-0.019141
0.215980
0.051004
0.235310
0.045004
-0.134321
-0.184866
-0.268000
0.103918
-0.236788
-0.028847
-0.052094
0.105859
-0.166074
-0.365713
-0.031255
0.100327
-0.172678
0.083408
-0.252871
-0.304058
0.371981
0.135373
-0.144784
-0.064568
0.257567
-0.242745
0.266687
-0.091059
0.340097
0.304726
0.085314
0.081550
0.452627
0.106550
-0.153980
-0.045529
0.208687
-0.105137
0.468862
-0.190392
0.207922
0.160177
0.054216
-0.265882
-0.252313
-0.231040
0.055412
0.062490
0.319490
0.212039
-0.141176
0.074451
-0.169607
-0.388372
0.110275
-0.012431
-0.011294
-0.142078
-0.005510
-0.290627
0.162254
-0.537607
-0.309470
-0.002529
0.188765
0.154353
-0.048058
0.395040
0.049216
0.423215
0.204647
0.156745
-0.034020
-0.255745
-0.109137
-0.286333
0.030235
-0.054117
-0.125470
-0.169313
-0.359098
0.252784
-0.094862
-0.011686
0.381432
0.015412
0.076275
-0.149294
0.389960
0.073177
0.079510
-0.065196
-0.466451
-0.129960
0.035078
0.339334
0.024392
-0.012980
0.119373
-0.026783
-0.207176
-0.295412
-0.387057
0.375824
-0.034137
0.020824
0.089882
-0.005921
0.067098
-0.136372
-0.172823
0.323001
-0.400608
0.349725
-0.205705
-0.019176
-0.149470
0.389999
-0.168470
0.338862
0.460765
-0.088960
-0.240941
0.511332
-0.216510
0.309138
0.336057
-0.294922
-0.321255
-0.163999
0.295706
0.088981
0.157999
-0.091353
-0.152607
0.126274
0.546881
-0.062726
0.220745
-0.003823
-0.096294
-0.469096
0.321588
0.017706
0.400059
0.115883
-0.001470
-0.268843
0.403470
0.349490
-0.547392
0.347215
0.260529
-0.271706
0.343550
0.043628
-0.479588
0.062196
0.268136
-0.183431
-0.102196
-0.053568
-0.094451
-0.044588
-0.142510
-0.247059
0.179667
-0.213039
0.207628
-0.214588
0.400942
-0.506470
-0.169079
0.205510
0.128648
-0.286039
-0.298038
0.029197
-0.037862
-0.409567
-0.238726
0.034177
-0.162745
-0.078588
-0.139157
-0.436607
0.065823
-0.099313
0.142215
0.233569
0.334668
-0.062392
-0.339039
0.240216
-0.004176
-0.381156
-0.008862
0.175490
-0.077176
-0.318645
-0.141901
-0.193254
-0.207705
0.308843
0.011863
-0.179059
-0.077588
0.331235
-0.149862
-0.015058
0.438685
-0.390608
0.119510
-0.339451
-0.368804
-0.120039
-0.158647
0.213648
-0.221372
0.084354
-0.071824
-0.504509
-0.495058
0.208569
0.351098
0.017392
0.344432
0.243863
-0.323745
-0.249765
0.025608
0.151764
0.073608
-0.179686
-0.156804
0.183843
-0.358744
-0.131980
-0.099921
0.106785
0.470373
-0.281058
-0.283824
-0.029548
-0.003098
-0.135608
-0.249980
-0.060960
-0.438587
0.148470
-0.077393
0.106608
-0.257667
0.044961
0.214784
-0.004941
-0.552647
-0.055784
0.339315
-0.259372
0.209059
0.364922
-0.107606
0.385470
0.185236
0.254627
-0.048098
-0.175529
-0.396392
-0.150039
-0.068745
0.073980
0.188725
-0.352568
-0.055960
-0.431785
0.131647
0.309450
0.124274
0.209686
-0.059098
0.046882
-0.301117
0.202275
-0.006137
0.016471
0.297726
-0.460803
-0.141725
0.120020
-0.203157
0.167726
-0.132470
0.204235
0.036177
-0.047235
0.458864
-0.111922
-0.122372
-0.037922
-0.161961
0.328314
-0.583372
0.026765
-0.124647
-0.021921
0.214411
0.007000
-0.227078
-0.280745
-0.302352
0.328824
0.285568
0.016353
-0.086313
0.377803
-0.069588
-0.307628
0.434021
-0.111313
0.329412
-0.386548
0.156805
-0.420078
-0.283098
0.094608
0.150098
0.176157
0.083078
-0.072667
-0.379176
0.438138
0.255648
-0.342726
-0.150490
-0.383607
0.250353
0.061902
0.240805
-0.077117
-0.218843
0.457490
0.254119
0.167119
-0.045196
-0.351234
-0.072490
-0.014784
-0.139431
0.260745
0.390922
-0.327040
0.489588
0.030707
-0.230098
0.208902
0.024922
0.020392
0.384668
-0.511822
-0.049862
0.103864
-0.071275
0.105392
-0.339254
0.393626
0.339196
-0.086490
-0.161882
-0.037411
0.451392
-0.380724
-0.096941
0.188489
-0.311587
0.374883
-0.160726
0.130529
-0.257313
-0.199764
-0.123333
-0.383410
-0.012196
-0.251157
-0.353098
0.377529
-0.044667
0.189235
-0.221901
-0.177019
0.294824
0.245254
-0.171137
0.223157
-0.166372
0.105000
-0.000627
0.072431
0.018118
-0.062509
0.035020
0.471922
0.076196
-0.164333
0.141373
-0.237803
0.210156
0.497665
0.409744
-0.049177
-0.321921
-0.230608
0.184432
0.185314
0.035648
0.449138
-0.054568
0.507999
0.020961
0.240549
-0.284019
0.315393
0.485804
0.160235
0.023941
-0.297980
0.264843
0.121687
0.291471
0.285373
-0.038804
-0.190529
0.137863
-0.065412
0.162156
-0.338177
-0.303215
-0.142294
-0.455901
-0.410490
0.425549
-0.260803
-0.121666
0.093353
-0.075490
-0.086020
-0.074922
0.485334
-0.195824
0.046432
0.110490
0.135549
-0.155196
0.079274
0.295393
-0.231647
0.298312
-0.054765
0.409079
0.070745
-0.386803
-0.249156
0.397235
-0.148549
0.302843
0.044392
0.130687
-0.000372
0.519510
0.189784
0.106157
0.426020
-0.068607
-0.532530
-0.098039
-0.045725
-0.103941
-0.072568
-0.175784
0.320059
-0.126922
-0.065294
-0.061411
0.237313
0.011961
-0.280626
-0.095118
0.310275
0.181628
-0.205079
-0.236392
-0.106804
0.062784
-0.354156
-0.255353
-0.151784
0.307647
0.389941
-0.152157
0.207726
0.065118
0.056412
0.015941
-0.003882
0.141294
0.020707
0.467411
0.039765
-0.152647
-0.325783
0.357803
0.239862
0.123922
-0.221020
0.376784
-0.381136
0.013353
-0.235353
0.446156
0.294980
-0.438020
0.310157
0.087784
0.241785
-0.144392
0.447433
0.092412
0.161236
0.222374
0.040648
-0.148058
0.287491
-0.003333
-0.132117
0.283608
0.137960
-0.212195
0.131196
0.177726
0.154588
-0.192176
-0.082274
0.294058
0.031746
-0.204921
0.153823
0.170040
0.327863
-0.081921
-0.003627
0.005432
0.095451
0.206137
-0.423803
-0.277764
0.162138
-0.076765
0.430039
-0.193646
0.245999
0.470294
0.175313
-0.083922
-0.150058
-0.055176
-0.418118
-0.012098
-0.166981
0.332903
0.165236
-0.112784
0.138706
0.181334
0.281668
0.070059
-0.123980
-0.081529
0.237686
-0.413528
-0.163059
-0.380939
0.211333
-0.067999
-0.174804
0.304549
0.271647
0.090137
0.328176
0.184275
-0.205921
-0.040823
0.037550
-0.028195
-0.124745
0.504902
0.015000
-0.025451
0.492413
-0.252372
-0.309960
0.040235
-0.364763
0.445765
-0.395842
-0.083098
-0.103608
-0.002803
-0.064235
-0.480921
-0.313528
0.289726
-0.244451
0.412804
0.221725
0.198156
0.200334
-0.122019
-0.329117
-0.090922
0.060236
0.084784
-0.131744
0.097785
-0.046216
-0.256491
-0.014726
-0.031215
-0.181548
-0.139724
-0.283979
0.125510
0.517921
-0.031332
-0.048157
0.120058
-0.014039
0.365254
0.119667
0.438745
0.501354
0.320745
0.111059
-0.260117
0.216528
-0.285019
0.457077
-0.100549
0.210372
-0.389058
-0.291862
0.273019
0.310725
0.193804
-0.146216
-0.352901
0.037707
-0.258922
0.233294
-0.244235
-0.399038
0.468746
-0.118725
0.119274
-0.182411
-0.267274
0.238942
0.320568
-0.419431
-0.258803
0.141903
-0.432685
-0.455078
0.252960
-0.175784
0.378470
-0.029647
-0.336118
0.175510
-0.336293
-0.107764
-0.113940
-0.065294
0.102569
-0.437157
-0.309489
-0.247921
0.117570
0.046588
-0.014627
-0.227450
0.164568
-0.063293
0.269216
0.283844
-0.343687
0.101942
-0.092215
-0.540136
0.197510
0.263980
0.221589
0.281843
0.328334
-0.142862
0.106451
0.087374
-0.172901
-0.129666
-0.251726
0.008216
-0.337823
0.251353
-0.057470
0.384568
0.329196
-0.266568
0.237040
-0.171039
-0.320373
0.122019
0.216902
0.461998
-0.558292
-0.131293
0.228431
-0.284569
-0.129745
-0.483214
-0.209314
-0.449255
-0.216823
-0.088118
0.450392
0.111118
0.286039
-0.060961
0.198490
0.113137
0.326391
-0.053627
0.121353
-0.011039
0.095314
0.166687
-0.143489
-0.092510
-0.202685
-0.008862
0.253471
-0.003627
0.213550
-0.046647
-0.059039
0.272275
0.338687
0.167372
0.502705
0.307314
0.303980
-0.322000
0.377098
0.086765
-0.309725
0.310471
0.197882
-0.023686
0.249510
0.394352
0.089843
-0.043529
-0.274274
-0.406608
-0.054569
-0.178961
0.375472
0.318960
-0.169059
-0.442215
-0.206921
0.082392
0.171177
-0.093764
0.037765
0.110118
0.178509
-0.142588
-0.239529
0.166608
0.066745
-0.035941
-0.155392
-0.073176
-0.049568
-0.467528
-0.382529
-0.469098
0.128609
0.384000
-0.072725
-0.399353
-0.176941
-0.349019
-0.190567
0.287922
0.089040
-0.430098
0.087452
-0.082039
-0.355685
0.399961
0.103157
0.332510
-0.210823
0.040530
-0.074393
-0.134726
-0.202451
0.203099
-0.485529
-0.035706
-0.447843
-0.125922
-0.110901
-0.397411
0.026373
0.123981
-0.248705
-0.462823
-0.009431
-0.321432
-0.347177
-0.286372
-0.053431
-0.020725
0.101942
0.133981
0.166588
0.189393
0.054353
0.327922
-0.030471
0.057118
0.143412
-0.241293
0.097256
-0.450019
0.243412
0.510197
0.272511
0.272882
-0.140509
-0.177745
0.249765
0.365609
0.042255
0.275744
-0.125411
0.410960
0.329941
-0.237255
0.087118
0.083156
0.093784
-0.483334
0.062431
-0.422078
0.170078
0.331822
0.284725
0.224432
0.041941
-0.262764
-0.235470
-0.331274
0.115373
-0.240627
-0.264667
-0.260647
-0.247843
0.007843
0.112628
0.128667
-0.069510
-0.255019
-0.122745
-0.026862
0.020725
-0.248549
-0.233706
-0.166353
0.131608
-0.144176
-0.085215
0.227412
-0.112510
-0.020372
0.320332
0.157960
-0.308372
0.088039
0.380373
-0.266431
-0.072314
0.044510
0.019706
-0.057333
-0.096117
0.374863
-0.217587
0.175470
-0.136725
-0.104961
0.402511
-0.203823
0.259844
-0.338039
-0.231078
-0.337234
0.030824
0.150608
-0.402803
0.162823
0.006432
0.028608
0.289844
-0.103666
0.108628
0.093157
0.052274
-0.199744
-0.333804
0.334666
0.051236
-0.506510
0.479568
0.170941
0.051549
-0.233568
-0.073627
0.350981
-0.058097
0.309078
-0.273019
-0.273392
-0.412155
-0.013176
0.008392
-0.128235
0.267391
-0.063195
0.539392
-0.236196
0.099627
0.031217
-0.207588
0.389078
-0.074470
-0.196940
-0.034392
-0.022195
0.117922
-0.468587
-0.204549
0.269549
-0.359705
-0.339980
-0.074118
-0.308156
-0.056921
-0.248529
0.042824
0.500372
0.160942
-0.230196
-0.290040
-0.253235
-0.343764
-0.283666
0.135549
0.024020
0.272961
0.160333
0.304844
0.372196
0.091157
0.097255
0.246667
-0.083706
0.000314
0.111883
-0.005510
0.120647
0.157902
-0.308039
-0.227215
-0.201803
-0.033019
0.313667
0.107058
-0.089942
-0.449470
-0.467528
-0.106588
0.226470
-0.082725
0.218373
-0.024745
-0.426490
-0.163274
0.110804
-0.402471
