0.690674
0.786377
0.575562
0.732300
0.738281
0.403259
0.629272
0.894165
0.331238
0.570801
0.611816
0.496582
0.325378
0.719238
0.754517
0.387878
0.291809
0.898926
0.436035
0.633179
0.371948
0.496277
0.683838
0.351257
0.480652
0.578003
0.649658
0.248505
0.583008
0.391846
0.533203
0.569824
0.289978
0.219116
0.415039
0.324402
0.210510
0.456543
0.803955
0.427246
0.615112
0.413757
0.624146
0.640137
0.243500
0.790649
0.325500
0.535767
0.685547
0.649414
0.755493
0.354126
0.257202
0.435303
0.408691
0.323669
0.601074
0.354614
0.572144
0.480774
0.331848
0.101318
0.464722
0.507324
0.324402
0.765747
0.531982
0.420410
0.218292
0.632080
0.848877
0.245148
0.156738
0.583618
0.770996
0.289246
0.670410
0.509399
0.410400
0.353638
0.859741
0.278687
0.407532
0.113037
0.599976
0.701904
0.438965
0.612915
0.166962
0.421814
0.206421
0.385498
0.525879
0.256897
0.892944
0.435608
0.134308
0.422058
0.857178
0.352661
0.467468
0.702148
0.485657
0.325256
0.696777
0.368347
0.614502
0.364441
0.463135
0.727417
0.417969
0.619141
0.303467
0.711182
0.734253
0.488831
0.526855
0.584595
0.804321
0.579346
0.591797
0.308167
0.077698
0.704224
0.450623
0.382874
0.436035
0.585083
0.392639
0.289307
0.824219
0.559937
0.691772
0.420532
0.181335
0.385803
0.791016
0.383972
0.450134
0.551636
0.408752
0.568237
0.283447
0.712280
0.392151
0.604858
0.197540
0.805054
0.299866
0.299255
0.496094
0.778320
0.307190
0.459656
0.481201
0.643921
0.544678
0.617065
0.340515
0.233521
0.610107
0.278076
0.205719
0.412231
0.398315
0.387085
0.500122
0.487244
0.657715
0.360901
0.626465
0.477234
0.516968
0.610352
0.889771
0.206818
0.625732
0.385742
0.308044
0.223053
0.384827
0.503906
0.586670
0.579834
0.377808
0.478638
0.335327
0.507935
0.509033
0.678589
0.743164
0.529663
0.541870
0.834473
0.643066
0.236511
0.217499
0.439270
0.611694
0.577759
0.689209
0.349121
0.165497
0.316895
0.371216
0.353699
0.409302
0.882446
0.440369
0.418396
0.216064
0.825195
0.218506
0.688354
0.517090
0.296631
0.580322
0.265320
0.691284
0.790283
0.829468
0.730591
0.316040
0.481873
0.675415
0.255127
0.604370
0.595581
0.697876
0.327698
0.470703
0.497498
0.676880
0.636230
0.699951
0.633301
0.576782
0.106522
0.627686
0.427979
0.524902
0.729126
0.251953
0.629395
0.832153
0.769165
0.929565
0.408386
0.619873
0.616821
0.309265
0.560181
0.760742
0.626343
0.338257
0.432373
0.581421
0.356689
0.438477
0.575439
0.684937
0.494629
0.772827
0.474426
0.545410
0.470459
0.405701
0.532959
0.576904
0.146088
0.548828
0.398560
0.761353
0.500488
0.440918
0.703979
0.381165
0.366455
0.224030
0.299866
0.683228
0.418762
0.861206
0.440063
0.341492
0.197723
0.285767
0.811768
0.554932
0.310852
0.497864
0.350159
0.808105
0.570312
0.711304
0.349609
0.451477
0.229797
0.582520
0.327454
0.261902
0.541748
0.425720
0.433899
0.629272
0.452148
0.726562
0.308960
0.705444
0.836182
0.308716
0.386841
0.553589
0.580566
0.239105
0.595947
0.365173
0.410400
0.518311
0.330750
0.423279
0.014423
0.569946
0.528931
0.584839
0.277344
0.578491
0.736572
0.393127
0.572632
0.649414
0.655029
0.113312
0.373718
0.676758
0.742676
0.826904
0.399292
0.462280
0.530640
0.231506
0.658081
0.917358
0.486023
0.236877
0.152588
0.380371
0.602173
0.566406
0.598389
0.636108
0.875732
0.612915
0.316650
0.515137
0.194916
0.480103
0.205627
0.933716
0.575317
0.663940
0.580200
0.226349
0.662842
0.653809
0.602783
0.705078
0.479126
0.299438
0.163727
0.709595
0.533203
0.824097
0.624634
0.429932
0.761963
0.187805
0.395630
0.475037
0.640259
0.407104
0.521973
0.627686
0.906738
0.424438
0.842651
0.214386
0.792236
0.933838
0.444702
0.478149
0.596558
0.610352
0.704590
0.671021
0.678711
0.606934
0.372681
0.568359
0.606201
0.538818
0.275574
0.435730
0.474426
0.310852
0.454407
0.232483
0.384216
0.850098
0.707642
0.727661
0.254333
0.229401
0.465820
0.159424
0.539429
0.307373
0.259460
0.443420
0.238403
0.403931
0.921509
0.245636
0.312134
0.625488
0.504883
0.690674
0.228546
0.877686
0.255127
0.720337
0.413574
0.416382
0.268738
0.587891
0.727051
0.422974
0.820312
0.700439
0.570312
0.526733
0.538696
0.526855
0.641724
0.301270
0.686279
0.292786
0.608521
0.645508
0.738525
0.734863
0.346069
0.656128
0.681885
0.358093
0.277649
0.483093
0.347290
0.506104
0.360168
0.603516
0.339294
0.473572
0.607910
0.609131
0.359985
0.332275
0.617554
0.176392
0.443542
0.298462
0.402893
0.393372
0.710938
0.156189
0.396790
0.393250
0.451294
0.890991
0.334961
0.775146
0.737549
0.567871
0.427185
0.417664
0.813843
0.708252
0.786255
0.272705
0.324890
0.256958
0.762329
0.665161
0.732788
0.480835
0.859863
0.203369
0.226135
0.587891
0.380188
0.670044
0.186035
0.672119
0.651245
0.193207
0.414124
0.344299
0.589966
0.750977
0.821899
0.925415
0.636841
0.557617
0.491516
0.362488
0.271912
0.417542
0.181702
0.757935
0.690186
0.507690
0.604370
0.562988
0.761108
0.747925
0.342407
0.731323
0.838379
0.455811
0.732788
0.803955
0.711304
0.804443
0.472046
0.474182
0.109680
0.299194
0.403931
0.585205
0.750244
0.638672
0.623413
0.685791
0.306824
0.816406
0.159912
0.278564
0.530151
0.341675
0.334412
0.330688
0.435242
0.349365
0.779785
0.607056
0.682617
0.232666
0.336914
0.631470
0.273865
0.656128
0.434937
0.399231
0.871826
0.492920
0.873535
0.866943
0.793213
0.575928
0.564819
0.541870
0.326233
0.775269
0.639404
0.218842
0.887695
0.799927
0.498596
0.528320
0.137573
0.532837
0.558838
0.573975
0.770142
0.334595
0.179352
0.563721
0.455505
0.403442
0.194702
0.730469
0.470276
0.515747
0.540771
0.338013
0.419189
0.412598
0.316528
0.325256
0.688843
0.581787
0.754272
0.600464
0.653076
0.504150
0.231140
0.651245
0.414612
0.730103
0.290100
0.438171
0.559204
0.734497
0.308350
0.440186
0.482422
0.374817
0.416870
0.638916
0.778320
0.497192
0.780151
0.358948
0.712769
0.319153
0.282837
0.543579
0.432190
0.601685
0.454773
0.116974
0.480835
0.619751
0.718628
0.835938
0.234436
0.360718
0.484680
0.534912
0.676270
0.476807
0.859863
0.531616
0.623413
0.281006
0.673950
0.805664
0.655762
0.676270
0.440674
0.546997
0.285400
0.333435
0.491699
0.294312
0.653198
0.663574
0.538208
0.670532
0.375732
0.292725
0.788696
0.742554
0.612305
0.503296
0.575928
0.435486
0.864136
0.473877
0.381226
0.536377
0.361389
0.239410
0.479187
0.570312
0.221863
0.449402
0.375610
0.463135
0.536743
0.816162
0.307861
0.707764
0.447510
0.387268
0.588623
0.686035
0.161346
0.539673
0.468262
0.423828
0.532349
0.553345
0.276978
0.441956
0.467285
0.741089
0.288574
0.327942
0.325500
0.257446
0.864380
0.573608
0.198273
0.341919
0.729858
0.305725
0.491516
0.215820
0.179504
0.615967
0.031921
0.189453
0.620972
0.479431
0.577881
0.322327
0.278137
0.739258
0.748047
0.631958
0.574097
0.692261
0.297974
0.737915
0.719971
0.350586
0.589478
0.710815
0.566406
0.212372
0.264404
0.427246
0.371887
0.462646
0.769165
0.514526
0.768433
0.559082
0.617188
0.649414
0.586914
0.649048
0.249451
0.793213
0.830688
0.713379
0.526611
0.694092
0.564209
0.385193
0.437622
0.134460
0.662842
0.435547
0.875000
0.795776
0.675659
0.461792
0.502563
0.352478
0.562378
0.468384
0.780884
0.344910
0.816528
0.548828
0.444885
0.697021
0.219574
0.764160
0.342529
0.506592
0.409729
0.479736
0.410400
0.350830
0.604858
0.824707
0.457214
0.167938
0.320618
0.597046
0.302368
0.872803
0.329163
0.174683
0.664673
0.415466
0.524780
0.465149
0.654663
0.497803
0.633179
0.548828
0.428040
0.560425
0.208038
0.760742
0.253540
0.427551
0.636597
0.596069
0.819824
0.342712
0.373657
0.641357
0.697510
0.091309
0.462280
0.150696
0.259277
0.372009
0.633301
0.562134
0.655396
0.260986
0.624634
0.316162
0.263000
0.560059
0.481079
0.620239
0.757568
0.410645
0.465210
0.296082
0.268860
0.673218
0.468750
0.522583
0.687256
0.691284
0.416382
0.803833
0.332458
0.792114
0.442322
0.440552
0.883545
0.606567
0.476868
0.439514
0.389282
0.108902
0.586914
0.155273
0.371033
0.623413
0.358582
0.520020
0.294434
0.539551
0.250732
0.753052
0.248016
0.415710
0.348145
0.216736
0.674316
0.402283
0.739258
0.657837
0.392029
0.740845
0.573242
0.726196
0.643555
0.128357
0.752197
0.523560
0.735474
0.226654
0.548462
0.422180
0.335510
0.549561
0.577881
0.592163
0.283447
0.521973
0.814209
0.280029
0.358765
0.650391
0.329651
0.306641
0.364563
0.564575
0.523315
0.450684
0.668945
0.259033
0.407471
0.358826
0.297302
0.680542
0.195496
0.643433
0.694824
0.243866
0.464355
0.727661
0.470459
0.425781
0.849731
0.394836
0.860962
0.423584
0.283630
0.254761
0.646606
0.799072
0.421936
0.116241
0.862671
0.753906
0.308411
0.224548
0.314453
0.832275
0.675659
0.395203
0.087265
0.668457
0.339539
0.386841
0.648804
0.420532
0.327637
0.454163
0.664795
0.377380
0.180206
0.724121
0.688599
0.441040
0.530151
0.661133
0.453491
0.513550
0.329285
0.096497
0.310852
0.636719
0.100586
0.170776
0.387939
0.408936
0.395691
0.404541
0.239563
0.367676
0.685425
0.326843
0.738403
0.138062
0.300598
0.497437
0.558594
0.628296
0.249390
0.222931
0.893921
0.429504
0.647339
0.692993
0.459412
0.173462
0.767700
0.498779
0.572632
0.094101
0.595215
0.469971
0.430786
0.695801
0.526855
0.820923
0.517944
0.333191
0.337158
0.457642
0.288452
0.433167
0.670044
0.437378
0.157776
0.269226
0.521484
0.719116
0.597778
0.656372
0.527344
0.487732
0.674072
0.585449
0.594849
0.833374
0.644531
0.473022
0.442566
0.214264
0.567139
0.334045
0.687134
0.295227
0.732056
0.624634
0.226654
0.246368
0.545410
0.449402
0.704102
0.719482
0.471802
0.671509
0.856689
0.629639
0.640869
0.374146
0.344849
0.538330
0.441650
0.284485
0.436768
0.816528
0.755493
0.142212
0.645996
0.697632
0.502441
0.386353
0.614258
0.365723
0.422546
0.597412
0.363464
0.266663
0.518311
0.176727
0.512939
0.059700
0.628906
0.214203
0.779297
0.396851
0.471008
0.631958
0.726196
0.525024
0.418396
0.371277
0.359558
0.447754
0.655762
0.382935
0.260437
0.409668
0.527954
0.320496
0.217896
0.326477
0.292236
0.128754
0.395508
0.715210
0.726196
0.344360
0.867432
0.357788
0.521606
0.377686
0.303040
0.447754
0.591919
0.195435
0.544434
0.061256
0.828613
0.270264
0.472168
0.359741
0.641724
0.532715
0.692993
0.293396
0.326782
0.065018
0.703613
0.439941
0.271423
0.221069
0.469849
0.565918
0.349792
0.450745
0.391602
0.665405
0.795410
0.373047
0.319336
0.614380
0.450500
0.323364
0.764282
0.930176
0.518799
0.419312
0.577271
0.460510
0.689575
0.460144
0.705811
0.742432
0.103409
0.510864
0.148499
0.315796
0.575928
0.738770
0.459106
0.435181
0.960205
0.225128
0.112045
0.308350
0.561768
0.503784
0.384521
0.768188
0.462585
0.404785
0.378601
0.211609
0.728516
0.253418
0.727661
0.360168
0.676270
0.715576
0.407227
0.661987
0.287415
0.524292
0.403870
0.276428
0.735107
0.552734
0.593750
0.307007
0.287476
0.463623
0.742554
0.246033
0.274536
0.554443
0.556030
0.836426
0.357788
0.525879
0.600464
0.520264
0.630859
0.093018
0.618896
0.469971
0.346436
0.757324
0.716797
0.318848
0.470093
0.535278
0.684204
0.757568
0.759277
0.198883
0.444580
0.491516
0.337036
0.626099
0.686401
0.511230
0.200623
0.540405
0.757812
0.362976
0.393372
0.309875
0.309875
0.337036
0.536621
0.324463
0.743896
0.578369
0.417480
0.475708
0.636963
0.349304
0.229004
0.464905
0.671631
0.701416
0.298645
0.351807
0.455017
0.643311
0.550781
0.199829
0.547852
0.183990
0.825806
0.345703
0.395569
0.323975
0.471985
0.567383
0.386719
0.450745
0.577026
0.699951
0.788940
0.226654
0.609863
0.646118
0.692017
0.727173
0.117859
0.439636
0.487122
0.347290
0.203033
0.744263
0.635254
0.201477
0.506958
0.503784
0.844727
0.643188
0.703735
0.389771
0.828735
0.526733
0.321289
0.637085
0.551025
0.795532
0.790039
0.350586
0.242432
0.364380
0.636353
0.144623
0.476501
0.356812
0.676270
0.281433
0.080429
0.794067
0.607056
0.454285
0.138672
0.810059
0.311584
0.187378
0.308228
0.519653
0.576660
0.152527
0.275513
0.391907
0.542725
0.100220
0.329285
0.566162
0.738647
0.765747
0.357788
0.638916
0.816528
0.600220
0.416504
0.750366
0.631592
0.594482
0.217651
0.418335
0.172119
0.184814
0.210083
0.782593
0.341675
0.351013
0.589233
0.653198
0.423950
0.901001
0.758179
0.700439
0.638672
0.331116
0.388611
0.291992
0.434021
0.303650
0.743652
0.757935
0.480103
0.397705
0.396973
0.296082
0.700439
0.398865
0.746338
0.328003
0.404053
0.852295
0.750244
0.465637
0.447754
0.256470
0.358765
0.489197
0.307373
0.244171
0.139679
0.617310
0.730469
0.785767
0.428223
0.780396
0.113297
0.818481
0.370850
0.548584
0.118240
0.225433
0.304810
0.301575
0.325256
0.701782
0.598145
0.323120
0.212799
0.640747
0.651611
0.502441
0.489014
0.397766
0.667847
0.640503
0.656616
0.912476
0.425964
0.849487
0.745605
0.453979
0.579590
0.587036
0.351318
0.594971
0.781372
0.464722
0.411743
0.852051
0.600708
0.529907
0.375000
0.492615
0.242218
0.286011
0.605103
0.725830
0.609009
0.403259
0.365479
0.260193
0.792847
0.555542
0.657959
0.458984
0.192047
0.311829
0.783325
0.620850
0.274536
0.525391
0.661255
0.440674
0.525513
0.712402
0.446289
0.302917
0.473755
0.154205
0.266724
0.661133
0.686523
0.527710
0.564453
0.815918
0.515869
0.165985
0.540039
0.422363
0.570435
0.606567
0.382690
0.013235
-0.240356
-0.188721
-0.146271
-0.100952
0.042923
-0.263428
0.038605
0.164978
0.072311
0.046326
-0.118881
-0.050003
-0.010355
-0.022060
0.065781
-0.137787
-0.068008
0.179108
0.163177
0.083237
-0.170776
0.014767
0.033669
0.207367
0.155457
0.154968
-0.027679
0.023712
0.127563
0.067673
-0.110565
0.324341
0.316711
0.179749
0.075882
0.070084
0.207581
-0.175537
-0.202606
-0.011396
-0.130341
-0.172241
0.086273
0.297058
0.095276
0.003860
0.161041
0.027390
-0.255859
0.033394
-0.035233
0.010492
0.048256
0.144287
-0.070557
-0.087524
0.151642
-0.098251
-0.209625
-0.010876
-0.030537
-0.031799
-0.124222
0.286133
-0.287964
0.100983
-0.081421
-0.080399
-0.222198
-0.284607
0.197784
0.086899
-0.019024
-0.153656
-0.055450
-0.071259
0.139160
-0.184570
-0.042755
0.030331
0.285522
0.069611
0.040871
-0.102203
-0.223785
-0.030823
0.099884
0.365540
0.161041
0.326843
-0.083588
0.131073
0.006663
-0.207825
0.127197
0.155823
-0.107407
0.045219
0.075394
-0.038879
-0.239349
-0.165619
0.195007
0.033394
0.117828
0.139587
-0.038406
-0.033089
0.103119
0.066422
-0.150299
0.240509
-0.301575
-0.110504
-0.151794
-0.089462
0.150482
0.096146
-0.161591
0.021446
0.274902
0.191437
-0.138092
-0.156097
0.274902
-0.158508
-0.000306
-0.123810
-0.113266
-0.363159
-0.015104
-0.203369
-0.091095
0.032341
-0.170471
0.025612
-0.117615
-0.061241
-0.155640
-0.162598
0.154480
0.130707
0.077881
0.289490
-0.268738
-0.072128
-0.236023
0.319336
-0.124069
0.039551
-0.097366
0.298401
-0.205017
-0.234924
-0.293701
0.216248
-0.245819
0.143127
-0.055069
-0.211487
0.218292
0.221069
0.022884
0.274780
0.253418
-0.001134
0.153931
-0.302429
0.227722
-0.292908
-0.174927
0.091019
-0.012928
0.052269
0.234009
0.008455
-0.168518
-0.149536
0.179718
-0.144989
0.037590
-0.207794
-0.285339
0.120956
-0.152527
-0.141876
0.047150
-0.107635
0.001838
-0.006802
-0.029015
-0.069946
-0.223450
0.140869
0.057243
0.030041
-0.007812
-0.227570
-0.124268
-0.219421
-0.081039
0.138550
0.310974
0.195618
0.042160
0.107285
-0.233582
0.020649
0.104752
0.383850
-0.124298
-0.005223
-0.261597
0.029167
0.265076
-0.123413
0.176270
-0.126099
-0.084015
-0.259583
-0.280396
-0.113052
0.108246
-0.066086
-0.119720
-0.270508
0.112106
-0.129242
-0.060936
-0.160278
0.089035
-0.141998
-0.021751
-0.037682
-0.236511
-0.268555
0.069138
-0.032967
0.042252
0.173889
-0.086761
-0.081436
-0.267273
-0.058273
-0.052330
-0.003922
-0.181671
-0.166107
-0.129974
0.171997
0.013725
-0.119675
0.058334
-0.025566
-0.185699
0.086212
-0.007628
0.216553
-0.190552
-0.066818
-0.233795
0.046082
0.227722
0.034622
0.009621
-0.155212
0.056190
0.078796
0.248474
-0.192780
0.106857
-0.274353
-0.126648
0.128571
0.105087
0.258179
0.124695
0.360596
-0.054886
0.142273
0.094940
-0.041664
0.022671
0.005729
-0.068344
0.127686
-0.347473
-0.074265
0.053551
-0.100281
0.296570
-0.179718
-0.203430
0.086029
-0.145081
0.096329
0.367493
0.058731
0.028095
0.179871
0.156067
0.282471
0.195679
-0.259583
0.120956
0.009007
-0.150085
-0.192657
-0.068008
-0.057396
-0.051468
-0.121780
0.191040
0.262512
0.031006
-0.166260
-0.047546
0.121262
0.049599
0.152527
0.019920
-0.093231
-0.175293
-0.183502
-0.007154
-0.172791
0.062134
-0.075729
0.175476
-0.199890
0.104172
0.332092
-0.066086
0.008640
0.072556
0.054291
0.017708
0.212585
-0.139465
-0.050278
-0.281372
-0.190979
-0.025063
-0.091431
0.071564
-0.142700
-0.257690
0.022366
0.126099
-0.062286
-0.261169
0.146027
0.282227
0.001287
-0.038010
-0.160919
0.267334
0.022980
-0.090195
0.005147
-0.177551
0.014048
-0.100403
-0.095993
0.170288
-0.177124
-0.042831
0.039856
0.037178
-0.034744
-0.011520
-0.245331
-0.224457
0.253540
-0.189789
0.137268
-0.179291
-0.008059
-0.276428
0.235840
0.219849
-0.100403
-0.056374
0.213715
0.048470
0.342163
-0.386047
-0.121872
0.219269
-0.038483
-0.116058
-0.248322
-0.024387
0.073105
-0.054169
-0.003370
-0.102325
0.193146
0.184082
-0.066299
0.159607
0.025002
0.125549
0.225311
-0.013235
-0.064194
-0.075165
-0.192505
-0.072174
-0.205658
0.042770
0.147675
0.131622
-0.014736
-0.076324
0.180664
-0.110229
-0.025246
0.058273
0.256592
-0.063721
0.232330
-0.138123
-0.089767
0.015839
-0.044670
-0.093140
-0.086456
0.148468
-0.346680
-0.153320
-0.129608
0.114807
0.119797
0.095718
0.249146
0.055634
-0.269531
-0.091507
-0.016022
-0.037498
0.097702
-0.306030
-0.051712
0.082962
0.054749
0.128937
0.120346
0.028370
-0.251587
0.231110
-0.035294
0.129425
0.240570
-0.125000
-0.002236
0.047180
-0.218170
-0.090408
0.195068
-0.128326
-0.096115
-0.224091
-0.014093
-0.124969
-0.128845
-0.055054
-0.069366
-0.108246
0.291199
0.062225
0.146118
-0.048836
0.193329
0.240814
0.034126
0.246887
-0.067947
0.006893
-0.014828
0.117645
-0.200317
-0.050034
0.245972
-0.398621
-0.176758
-0.193939
0.085754
0.042801
0.153412
-0.155151
-0.086090
0.056190
0.058517
-0.390320
0.368896
0.218689
-0.007689
0.301208
0.112198
0.134186
-0.075912
-0.033028
-0.062210
-0.171051
0.060326
-0.029778
-0.361816
-0.298279
-0.021202
0.062744
-0.181793
-0.222565
-0.135895
-0.081619
-0.182251
0.126709
-0.127960
-0.096542
0.168976
-0.264709
0.186066
-0.206635
0.081619
0.095901
-0.159241
0.013908
-0.121948
0.123718
0.025063
-0.299866
-0.179779
-0.050858
0.104294
0.196930
0.067078
-0.125549
-0.270508
-0.145508
-0.134796
0.144867
-0.231323
0.121140
0.070953
0.069855
0.187134
-0.258850
0.196625
-0.087280
0.082352
0.077148
-0.061829
-0.167572
0.160614
-0.270264
0.366028
0.000214
0.181305
-0.046021
-0.166718
0.204712
-0.057472
-0.054596
-0.134583
0.046814
-0.295410
-0.068008
-0.227386
-0.129333
-0.214600
0.074936
-0.273376
-0.156433
-0.092316
-0.349976
-0.084869
0.094238
-0.171112
0.111771
0.154510
0.058792
0.188324
-0.346130
-0.108734
0.347839
-0.177032
-0.179779
-0.088486
0.002573
-0.226410
0.034927
-0.228729
0.007965
-0.019638
-0.073151
0.053673
0.122116
0.295410
-0.024448
0.142029
-0.355835
-0.239594
-0.278931
-0.074509
-0.042313
-0.191193
0.278442
0.053612
0.075378
-0.045799
0.060600
-0.303467
-0.005055
0.153870
-0.121490
-0.093750
0.265808
-0.154297
-0.182220
-0.169312
-0.090500
0.290405
-0.250427
-0.083679
-0.017647
-0.034004
0.119278
0.103333
-0.026993
0.094910
0.097275
-0.092560
-0.145264
-0.035172
0.270569
0.104294
-0.226929
0.113052
-0.132233
-0.005116
-0.371033
-0.219116
-0.017342
0.060509
0.081192
0.008762
-0.033272
0.056923
-0.145477
0.221069
0.326477
0.200623
0.223114
-0.071487
0.118622
-0.233948
0.043808
-0.052208
0.307129
-0.132416
0.042099
-0.031555
-0.077423
-0.103058
-0.067337
-0.098602
0.001225
-0.003523
0.304504
-0.130951
0.281494
-0.067566
-0.058212
-0.025921
0.141663
-0.124573
-0.018780
-0.181671
0.224182
-0.164215
-0.106995
0.112991
-0.110077
-0.175110
-0.249146
-0.281555
0.028660
0.083633
0.103333
-0.102463
0.098831
-0.002053
0.303650
-0.126709
0.184998
-0.200775
0.066513
0.187958
0.233429
0.079834
0.057045
0.076721
0.160980
-0.002298
-0.237610
-0.135040
0.022427
0.181305
-0.026585
-0.044609
0.017097
0.012882
-0.079742
-0.093018
-0.162811
0.107666
0.061996
-0.134155
-0.244659
-0.272278
0.055206
0.143677
0.162170
-0.079407
-0.271362
0.057076
0.157532
-0.058456
-0.193756
0.242828
-0.126099
-0.134979
0.031158
0.034836
-0.137268
0.082565
-0.100250
-0.263550
-0.174347
0.021935
-0.018536
-0.157227
0.324890
-0.388428
-0.103806
-0.273865
0.011122
-0.331848
0.029076
0.204132
-0.167114
0.084366
0.057846
0.142639
0.005515
0.075363
-0.237976
0.162537
0.017002
0.006005
-0.031708
0.039612
-0.129608
0.289673
-0.363220
-0.266235
0.082108
-0.024570
-0.092575
0.054108
-0.002635
0.038116
-0.101349
-0.116516
0.087433
0.232513
-0.100800
-0.340271
0.191895
-0.071075
0.301575
0.171173
0.013266
-0.078308
0.167999
0.018246
-0.002880
0.220184
-0.256287
-0.132294
-0.212097
0.002114
0.054840
0.096603
0.001654
0.129364
0.268127
-0.355103
0.104813
0.175476
0.136200
0.102203
-0.224030
-0.112686
-0.160736
0.155273
0.119919
0.175049
-0.184937
0.311768
0.103989
-0.173492
0.045341
0.118927
0.038361
0.064606
-0.301575
0.035507
-0.005898
-0.267761
0.050735
-0.069855
-0.118134
-0.041878
-0.120743
0.321228
-0.058929
0.147369
0.255615
0.045891
0.032234
0.103561
0.001654
-0.337646
-0.157806
-0.160217
-0.182892
0.252136
0.014767
-0.221375
0.126282
-0.027054
-0.104752
0.172180
-0.198181
0.371277
0.236237
-0.210297
-0.029747
-0.205658
-0.038651
0.168579
0.162262
-0.009743
-0.019699
0.189056
0.164490
0.068954
0.046326
0.130066
0.114822
-0.069000
0.084961
-0.173615
0.030453
-0.071686
0.103989
0.284180
-0.109680
0.120499
0.064468
0.017769
-0.196625
-0.188354
0.189941
-0.106400
0.184631
-0.011520
0.121048
-0.135223
-0.070709
0.228790
-0.114731
-0.198578
0.073227
0.013113
-0.158203
-0.200562
0.082108
0.177704
0.075912
0.198639
-0.038300
0.014492
-0.123062
0.139771
0.380432
0.129059
-0.012011
0.123215
0.101410
-0.095673
0.140991
0.193848
-0.136475
0.039093
-0.350342
0.048225
-0.118225
0.208466
0.060051
-0.041969
0.000766
0.384766
0.050186
0.072861
-0.039871
-0.108582
-0.127686
0.043930
0.070831
0.237793
0.242676
-0.257568
-0.037773
0.118469
-0.267090
-0.095016
0.099411
0.158630
0.029903
-0.089279
0.061874
-0.120956
-0.333130
0.217285
0.210052
-0.246277
-0.026287
0.239410
0.252930
0.035477
0.196320
-0.184052
-0.018631
0.245941
-0.111740
-0.058456
0.139099
-0.092972
-0.015640
0.062347
-0.292847
0.226990
-0.048836
0.107666
0.056541
0.121811
0.012623
0.155884
0.134003
0.040886
-0.370483
0.195862
0.069244
-0.265869
0.121323
0.279358
-0.221436
-0.193329
0.081070
0.030914
-0.157898
-0.013327
-0.005546
-0.176514
-0.203369
-0.118378
0.053986
0.225861
0.225739
0.187683
-0.002972
0.223083
-0.023041
0.238373
0.040047
-0.115128
0.069458
0.053246
0.190063
-0.234161
-0.195953
-0.180267
-0.327820
0.163422
-0.157715
-0.058884
0.005147
0.058578
0.185547
0.085587
0.089462
-0.119904
0.072800
-0.064148
-0.149902
0.159607
0.255127
-0.094147
0.094330
0.043228
0.093506
-0.346313
-0.023804
-0.077576
0.039581
0.016239
-0.043381
0.109100
0.069580
-0.002543
0.166809
0.164886
0.107346
-0.014032
-0.109406
0.387390
-0.072830
-0.250732
0.009405
-0.033760
-0.018627
-0.048668
-0.007199
-0.093384
0.035355
0.281738
-0.081314
-0.000153
0.187561
0.013083
0.043625
0.280518
-0.333313
-0.127655
-0.087128
-0.293640
0.036156
0.158508
0.106735
-0.041832
0.008394
-0.017677
0.123032
-0.174896
-0.031677
0.012562
0.213013
0.183960
0.199585
0.074875
-0.139923
0.035065
0.172089
-0.145508
-0.058273
-0.082626
-0.301331
0.298645
-0.081100
-0.114395
-0.125885
-0.185547
0.166168
-0.020878
-0.165619
0.077927
-0.315125
-0.131134
-0.199554
0.228210
-0.172913
-0.044151
-0.227142
-0.049866
0.072800
0.178375
-0.035538
-0.004258
-0.073715
0.014782
0.216431
-0.214752
0.049850
0.098465
0.077484
-0.298523
0.017464
0.212067
-0.147430
-0.211670
0.245209
-0.126312
-0.250732
-0.027451
-0.147217
0.021355
-0.237885
-0.024021
-0.109772
-0.147308
-0.233459
0.009130
0.246277
-0.021721
0.395813
-0.118622
0.156616
-0.077942
0.022945
-0.208374
-0.061455
0.091858
0.016285
-0.012745
-0.245667
0.093750
-0.021202
0.062012
0.017403
-0.021629
-0.149628
0.113968
-0.146240
0.037376
-0.201843
0.143127
0.056984
-0.149597
-0.171570
-0.200317
0.140228
-0.113174
-0.192871
-0.051147
0.012684
0.204712
-0.168640
0.169342
0.126770
0.144409
-0.037315
0.064178
-0.052101
0.126556
0.052574
-0.297791
0.071045
-0.258728
-0.235718
0.236023
-0.131012
0.050705
-0.086578
0.160431
0.088089
0.001777
-0.134674
-0.002481
-0.148407
-0.014368
-0.056862
-0.008150
0.020039
0.189636
0.230835
0.032135
0.104263
-0.229034
-0.237366
-0.207245
0.354797
0.162445
-0.141327
-0.136108
0.140320
-0.088745
0.003860
-0.077026
-0.200439
0.056587
-0.279297
-0.041328
0.107285
0.070831
-0.172729
-0.094727
0.072586
0.132019
-0.098862
-0.076935
-0.031052
-0.155792
-0.085052
-0.301147
0.033882
-0.001792
0.019974
-0.009405
-0.230896
0.219757
-0.067368
-0.024220
0.093842
0.079742
-0.012745
-0.055916
0.138611
-0.010601
-0.133514
0.374695
-0.244171
0.025551
-0.103180
0.010723
0.096375
0.161865
0.206116
0.170685
0.145172
-0.182800
-0.196991
0.261719
-0.046783
0.008701
-0.039459
-0.302979
0.006863
-0.020004
-0.311340
-0.224518
-0.088638
-0.089676
-0.099411
0.004106
-0.299988
0.176819
-0.051750
-0.161987
-0.122147
0.253052
-0.224945
0.071411
-0.159119
0.108490
0.083908
-0.062744
-0.165619
-0.148224
0.107376
-0.020405
0.107254
0.201141
0.095398
0.207520
-0.227875
0.054276
0.341064
0.216217
0.035965
0.029797
0.281860
0.093811
-0.060417
-0.255188
0.097946
0.077209
0.070892
0.046204
0.204254
-0.199432
-0.139008
0.128082
0.309753
0.139618
0.088989
-0.044632
0.078033
-0.078369
-0.044655
0.184296
-0.097061
0.062622
-0.052269
-0.003370
-0.019974
-0.132507
-0.239227
0.172913
-0.063812
0.234528
0.203308
-0.070343
-0.109375
-0.147278
-0.035416
-0.158936
-0.069931
0.033775
0.035416
-0.155762
-0.018078
-0.103592
0.262451
-0.145477
0.035965
-0.086273
0.100098
-0.033516
0.273071
0.203064
0.298340
0.028522
0.265076
-0.189880
-0.264954
-0.193756
0.115326
-0.212280
-0.019066
0.052635
-0.126434
0.183655
-0.017654
0.203613
0.035294
0.092773
0.191101
-0.034683
0.128235
0.078430
0.248413
-0.037376
-0.023468
0.073166
-0.182709
0.012592
0.134491
0.064957
-0.021999
-0.028370
0.120407
-0.161346
-0.291748
-0.051559
0.085327
-0.117249
0.191864
-0.088272
-0.040993
0.172791
-0.036736
-0.019913
0.065201
-0.054382
0.035599
-0.188477
0.328491
-0.061646
0.067032
0.019058
0.016788
0.025307
-0.017647
-0.008348
-0.338135
-0.053368
0.004228
-0.204712
0.011612
-0.018337
0.056496
0.132599
0.258606
-0.233521
-0.209686
0.053246
-0.061707
0.129791
0.255066
-0.102753
0.156677
0.070816
0.314453
-0.068817
0.015318
-0.085907
0.032875
-0.092773
-0.001134
0.101608
-0.074722
-0.132477
0.126312
0.054596
0.008455
-0.251526
-0.008728
-0.143646
-0.246918
-0.369019
0.523560
-0.297546
0.027557
-0.149567
0.204529
0.103302
0.152618
0.547241
0.232666
0.118958
-0.099457
0.170685
-0.121185
-0.093552
0.297668
-0.233398
0.362915
0.194916
0.176910
-0.015686
-0.197540
-0.411621
0.122604
-0.336060
0.203217
0.223816
0.029888
0.096542
-0.020222
-0.319336
0.345032
-0.016083
-0.097778
-0.144318
-0.065262
-0.412231
-0.043060
-0.530518
-0.482544
0.089127
0.108002
0.037865
0.259399
-0.013159
0.042694
0.042465
0.370544
0.307678
0.237396
-0.069595
-0.225464
-0.479187
0.136139
-0.102814
-0.198090
-0.177612
0.120987
0.349182
0.019363
0.100739
0.129822
-0.253418
0.185089
0.032112
0.219635
0.122208
0.139282
0.075806
-0.508545
-0.242889
0.265686
0.216949
0.309998
0.008114
0.205811
-0.262390
-0.051826
-0.041054
0.045326
0.285522
-0.010248
-0.182129
0.325928
0.025551
0.232025
0.025307
-0.049232
0.350525
-0.142853
-0.029903
-0.065674
-0.110962
-0.280884
0.121872
-0.078857
0.453430
0.244110
0.158783
-0.085770
0.252197
-0.182037
0.179901
0.471497
-0.389099
-0.431763
0.059990
-0.033943
0.136261
0.119370
0.009375
-0.095123
0.009115
0.343811
-0.389160
0.135071
0.058838
0.256104
-0.016552
-0.105103
0.213623
0.472656
0.446716
0.102600
-0.327209
0.568481
0.126587
-0.491211
0.194763
0.185028
0.040459
0.449463
0.000980
-0.299011
0.303528
0.231750
-0.110901
-0.254272
0.095398
0.025429
-0.237366
-0.410278
-0.070099
-0.128235
-0.166748
0.160645
-0.091171
-0.005040
-0.200684
-0.007746
-0.112564
0.112946
-0.154510
-0.283264
0.117554
0.135681
-0.332153
0.141357
0.163544
-0.237793
-0.291016
0.204041
-0.407837
0.329407
0.007818
0.412720
0.042084
0.413879
-0.360535
-0.480347
-0.178436
0.021523
-0.373596
0.366882
0.510620
0.079590
-0.089844
-0.197845
-0.442444
-0.192169
0.311890
-0.037941
-0.177216
-0.359619
0.193390
-0.061996
-0.221832
0.378235
-0.437622
0.042107
-0.474548
-0.111145
0.246185
-0.264954
0.316650
-0.365845
0.248657
0.257935
-0.052292
-0.212677
0.297058
0.384705
-0.090744
0.023983
0.136566
-0.195007
0.003109
0.046661
0.224579
-0.338989
-0.243805
-0.081314
0.137726
0.094055
-0.338135
-0.283875
0.132477
0.057442
0.094315
-0.405518
-0.000812
0.237183
-0.416748
-0.374512
-0.027359
-0.198029
-0.120544
0.120880
0.059891
-0.172882
0.008602
-0.160065
-0.303101
-0.079681
-0.234070
0.350342
-0.274719
-0.130615
0.394775
0.049896
0.047562
0.150970
-0.031067
0.185272
-0.271912
-0.369141
-0.199005
-0.240265
0.202942
-0.102264
-0.028355
0.202179
-0.482544
0.072372
0.344604
0.107529
-0.125977
-0.292847
-0.388977
-0.168518
0.051292
-0.378296
0.290955
0.265198
-0.458008
-0.045593
0.096634
-0.115723
-0.076141
-0.126007
0.449158
-0.129059
-0.072922
0.418213
-0.041695
0.270203
-0.568359
-0.140350
0.032402
-0.365417
0.374756
0.001991
0.351318
-0.006974
0.074005
0.181427
0.000184
-0.152405
-0.113861
0.228973
-0.218109
-0.062477
0.367737
-0.029579
-0.414734
0.524658
0.024830
0.198883
-0.208405
0.465637
-0.441895
-0.276245
-0.179901
0.100525
0.244781
-0.121216
-0.246735
-0.325623
0.353943
0.302612
-0.171936
0.113647
-0.210327
0.279907
0.006342
0.380676
-0.158081
0.004549
0.329102
0.347839
0.233490
0.111038
-0.331970
-0.016544
0.181458
-0.227203
-0.008873
0.206268
-0.030590
0.398071
0.152954
-0.472534
0.124283
-0.026871
0.145050
0.366943
-0.148041
0.000685
0.041481
-0.409180
0.301331
-0.130402
0.319885
0.090988
0.149872
-0.291138
-0.145355
0.091766
-0.286560
0.083420
0.339294
-0.050552
0.294495
-0.090958
-0.069122
-0.143433
-0.217773
-0.075577
0.062881
-0.147980
-0.294861
-0.401550
-0.002711
-0.172546
0.191437
0.141907
-0.422852
0.041359
0.140625
-0.379333
0.149261
-0.173065
0.007269
-0.047775
-0.182800
0.257141
0.176147
0.188904
0.250916
-0.007598
-0.245087
-0.027145
-0.160583
0.147858
-0.017769
0.387390
-0.096085
-0.237793
-0.205231
-0.033195
0.133698
0.016972
0.183136
0.130615
0.361450
-0.242828
0.270508
-0.059418
0.416016
0.313110
0.078217
0.048645
0.140106
0.185944
0.000743
-0.042725
-0.173920
0.179352
0.146240
-0.023361
0.169800
0.001578
-0.052864
0.109619
0.051346
-0.068069
-0.120438
-0.044670
0.211151
0.293823
-0.077469
-0.174622
-0.306641
0.105698
-0.044106
0.054832
-0.036743
0.228912
0.095810
0.276917
-0.075363
0.174011
-0.291992
0.064758
-0.157013
0.328735
0.019577
-0.431396
-0.111298
0.266235
0.162323
0.058441
0.169861
0.109436
-0.449341
0.219116
0.139771
0.047287
0.174469
-0.264465
-0.276367
0.097031
0.178314
0.032463
0.202759
0.134674
0.089737
0.063629
-0.253723
-0.333862
0.342834
0.286194
-0.157379
-0.466125
0.350952
0.202606
-0.237762
-0.246826
0.287842
-0.248688
-0.078522
-0.169250
-0.190186
0.089264
0.040565
-0.022099
-0.208649
0.082367
0.127960
-0.034142
-0.184082
-0.050026
0.063324
0.094604
-0.115417
0.165680
0.128937
0.074356
0.231750
-0.126862
-0.359863
0.057549
0.058990
-0.002298
-0.508789
0.409607
0.199951
-0.128815
0.263611
-0.031227
0.239960
-0.332336
0.416992
0.050125
-0.142731
-0.056984
0.027634
-0.452087
0.023453
0.153625
0.129211
0.456360
0.005342
0.091721
-0.066422
-0.110077
0.259888
-0.454468
-0.136108
-0.027809
-0.064285
0.119308
-0.070618
0.097031
0.219482
-0.064926
-0.010309
-0.097641
-0.093323
0.253296
-0.226776
0.048286
0.435913
-0.326843
0.198792
-0.324524
0.131195
0.124039
-0.161224
0.054276
-0.337769
-0.130035
-0.106750
0.285034
-0.038254
0.446289
0.074539
-0.295837
0.508789
0.038429
0.193329
-0.072525
0.057365
0.120712
-0.075790
-0.240204
-0.458679
-0.085724
0.179535
-0.035400
-0.349792
-0.047241
0.113342
0.088562
0.241272
0.209747
-0.237976
0.274597
-0.181213
0.120163
-0.188538
0.098465
-0.010233
-0.292908
0.283081
-0.048439
-0.464111
-0.259705
-0.341858
0.143188
-0.221252
-0.150452
-0.030075
-0.065887
0.072754
-0.105453
-0.303711
0.131073
-0.091125
0.392456
0.095673
0.076004
0.343323
0.111053
0.062164
-0.033165
-0.297058
-0.073486
-0.275635
0.139160
-0.053551
0.055298
0.137268
-0.164154
-0.238037
0.320068
-0.112610
-0.084610
0.160797
0.162964
-0.042160
0.454041
0.114929
0.442749
-0.226776
0.187653
0.437744
-0.013474
0.218323
-0.270813
0.377075
-0.203430
0.324646
0.102524
-0.094421
-0.130646
0.069427
0.228424
0.312988
-0.203735
-0.251831
0.159027
0.368164
-0.112137
0.094879
-0.386902
-0.411438
0.085129
0.145966
0.268372
0.145721
-0.515503
0.105026
0.260620
-0.589722
-0.121643
0.345825
-0.250427
-0.237488
0.046844
0.096161
0.139160
-0.055779
-0.196991
-0.275330
-0.250549
0.290283
-0.203430
0.077866
-0.014185
-0.407166
-0.171509
-0.371765
-0.039062
0.231049
0.240143
-0.425903
0.336670
0.323303
0.236694
0.087936
-0.146484
0.338623
0.193512
-0.402893
0.265381
0.071854
0.562378
0.115341
0.453735
0.090302
-0.302917
0.076004
-0.065842
0.014982
-0.297241
-0.213562
-0.312195
0.116730
-0.236084
0.293457
0.226471
-0.309692
0.438354
0.187103
-0.178925
0.159424
-0.238800
0.260559
-0.132690
-0.004037
-0.168945
-0.178741
-0.283264
-0.075790
-0.064575
-0.536865
-0.003923
-0.121490
0.198334
0.449890
-0.028751
-0.207062
0.423462
-0.094635
-0.092072
0.226532
0.208466
0.115219
0.240875
0.075180
-0.108719
-0.049576
-0.334778
-0.289856
0.235931
0.106125
0.487061
-0.003224
-0.150787
0.354431
-0.007292
0.195343
0.175690
0.324890
0.222351
-0.504272
0.307373
0.218475
-0.108749
-0.011238
0.048882
-0.037560
0.298279
-0.044731
-0.230072
0.105865
0.083908
-0.021637
-0.295959
-0.292664
0.051132
0.110352
-0.241791
-0.281189
-0.179443
-0.106262
-0.077148
-0.307739
-0.107101
0.289246
0.147186
-0.116776
-0.032509
0.224457
0.110123
-0.429626
-0.279785
-0.200256
-0.211548
-0.290161
-0.311829
-0.263123
0.191803
0.084900
0.211243
-0.040680
0.090393
-0.324280
-0.062325
-0.105133
0.000184
-0.008755
0.005193
0.275513
-0.192017
0.445190
0.271973
0.247986
-0.479919
0.062164
0.020100
-0.433167
-0.154968
0.085968
-0.208679
-0.044823
-0.441589
-0.488464
-0.144745
-0.035728
-0.159210
0.060066
-0.298767
-0.069794
0.145020
-0.087463
-0.110458
-0.281616
-0.311279
-0.173187
0.130280
0.304321
-0.083527
0.135437
0.065170
0.241516
-0.036743
-0.282593
-0.127930
0.100754
0.396973
-0.208191
0.287048
0.241974
0.397217
0.078339
-0.317383
-0.561768
0.209320
0.154907
0.017971
0.048126
0.217468
0.236206
-0.021645
-0.256958
0.249146
0.484863
-0.021568
-0.064590
-0.205292
0.008272
0.242096
0.230652
0.246185
0.407349
0.371338
-0.407959
0.024326
-0.371643
0.312256
-0.196136
0.035187
-0.018101
-0.471069
-0.084564
0.060280
-0.171143
-0.030891
-0.247467
-0.114136
-0.010921
-0.299683
0.000919
-0.291748
-0.321716
-0.256348
-0.040550
-0.353882
0.341797
-0.105133
-0.041725
0.349670
0.237488
0.088486
0.078842
0.025276
-0.159607
0.290710
-0.467407
0.085754
-0.014431
-0.048065
0.223785
-0.032509
0.000245
-0.480225
0.027359
0.444092
0.108368
0.399780
-0.287354
-0.002941
-0.519775
-0.186493
0.322815
-0.221558
0.176941
0.282288
-0.060432
-0.098618
-0.339478
-0.001790
0.251038
0.514893
-0.013634
-0.285034
-0.074738
-0.070847
-0.095078
-0.027481
0.012867
-0.009085
-0.073135
0.236725
-0.042038
-0.073273
0.276001
-0.014629
-0.146088
-0.132660
0.383179
0.184326
-0.035187
0.483215
-0.102493
0.287170
-0.255310
0.072418
0.052765
-0.215393
0.490295
0.229889
-0.315063
0.224823
0.127411
0.185913
-0.060570
0.050705
0.215454
-0.057266
0.025627
0.230804
-0.066391
-0.047874
-0.151947
-0.110397
0.496338
0.224457
-0.125031
-0.269165
-0.011023
-0.256836
-0.185242
-0.046242
0.226440
0.331726
0.241425
0.068970
0.404053
-0.323669
-0.246796
0.377869
-0.093719
-0.047264
0.085373
0.134064
0.141083
0.024754
-0.329712
-0.260925
-0.032501
-0.204132
-0.032120
0.416199
0.265015
-0.282043
-0.312012
0.242340
0.459412
-0.336731
0.490173
-0.066193
0.021835
-0.209747
-0.114792
-0.369629
0.222382
-0.390503
-0.300598
0.107056
-0.197113
-0.029964
-0.132416
-0.190369
-0.177551
-0.147430
-0.053841
-0.036491
0.494934
-0.385986
0.322449
-0.157074
-0.073105
0.189941
0.258667
-0.327087
0.008310
-0.053383
0.015589
-0.049278
0.229797
-0.111694
-0.115433
-0.366150
-0.321411
-0.230225
-0.117981
0.417603
-0.101639
0.098450
-0.090286
-0.198303
-0.031868
-0.222687
0.230835
-0.106995
0.249359
-0.442505
0.473877
0.124756
-0.211090
0.176544
-0.130768
0.333191
-0.148163
0.127869
0.006116
-0.142212
0.076965
0.021729
0.425903
-0.210297
-0.089920
-0.306946
-0.061424
0.107742
0.080231
0.437988
0.006342
-0.021416
0.021885
-0.083939
-0.221741
-0.012407
0.210785
-0.091354
0.497986
-0.056786
0.083115
0.354858
0.067520
-0.127991
0.014368
0.037254
0.102417
-0.134155
0.167511
0.208954
0.343384
0.244537
0.127899
0.151947
0.032280
0.040367
-0.154602
0.070847
0.045677
-0.074295
-0.106140
0.152374
-0.095718
0.432373
-0.029510
-0.317749
-0.097061
0.281311
0.208618
-0.216095
0.222473
0.291809
-0.378174
0.189667
-0.353271
-0.364258
0.126831
0.366638
0.121460
-0.323059
-0.039413
-0.154541
0.019897
0.088455
-0.102951
-0.465271
0.026012
-0.257446
0.122665
0.172028
0.184753
-0.083847
0.226074
-0.013296
0.448853
0.196564
-0.228302
-0.265137
-0.041161
-0.020176
0.136200
0.080612
0.269531
-0.142029
0.270203
0.433411
0.010830
-0.120285
0.184998
0.132355
0.172180
0.145233
-0.122543
-0.325256
0.131287
-0.225128
-0.273499
-0.357300
0.134857
-0.248718
0.331360
0.320007
-0.232178
-0.059914
0.306335
0.218719
0.136627
0.078064
0.470642
0.095093
0.055946
0.089447
-0.441589
0.327576
-0.052612
0.446472
0.243988
-0.041687
-0.291260
-0.188782
-0.009359
-0.016621
-0.143921
-0.131897
0.175110
0.090118
0.260437
-0.095917
0.249481
-0.221741
-0.344604
-0.036507
-0.002474
-0.059792
-0.094055
-0.213135
-0.360046
0.141052
-0.032310
0.009804
0.138245
0.023285
0.197601
0.312073
0.350891
0.044708
0.241028
-0.020176
0.520508
0.052635
0.308105
0.510986
-0.066406
-0.352539
-0.137878
0.108734
-0.363098
0.122910
0.010746
0.501831
-0.098770
-0.333801
-0.051727
-0.101242
0.223846
0.369263
0.303040
-0.136292
0.412292
-0.346985
0.493408
0.033165
0.193665
0.073563
-0.171814
-0.072845
0.118668
0.071625
-0.195404
0.122086
0.021431
0.215088
0.015717
-0.044907
-0.237732
0.394836
0.063400
0.014545
0.000858
-0.440369
-0.101074
0.418823
-0.259644
-0.152893
-0.199524
-0.035797
0.218903
0.105515
-0.169647
0.113754
0.273560
-0.294067
0.144989
-0.049782
0.294495
-0.026871
-0.120132
-0.104263
-0.058044
-0.215149
-0.082489
0.063843
-0.102402
-0.067123
0.018932
-0.240143
0.430664
0.084778
-0.225586
0.328735
0.158997
0.290466
0.132446
-0.000161
0.138000
-0.169434
-0.133942
0.356384
-0.063828
0.213409
-0.149200
0.212128
0.019775
-0.004251
0.062057
-0.303467
-0.031113
0.456787
0.212128
0.013626
-0.373596
0.029243
-0.022900
0.141418
0.064926
-0.001953
-0.098312
-0.124268
0.080826
-0.324280
0.204468
0.340210
-0.033409
-0.180023
-0.277405
-0.412476
0.270325
0.206085
-0.156372
0.204071
-0.097855
-0.205139
-0.100739
0.438965
0.408020
-0.038666
0.135834
-0.242950
-0.098801
-0.269470
-0.229279
0.044655
-0.142273
-0.252197
0.286499
0.439697
0.363281
0.087784
-0.301880
-0.173279
0.380920
-0.095001
0.266907
-0.169525
-0.176666
-0.110825
-0.065292
0.093262
0.097275
0.393677
0.299744
-0.000515
0.087784
0.197083
-0.178589
-0.123642
0.158356
-0.043121
0.253235
-0.038757
0.304871
0.023552
0.106277
0.162720
-0.228607
-0.224640
-0.014952
0.132690
-0.036842
0.300598
0.059792
-0.172455
0.303528
0.224335
-0.442749
0.028908
-0.401489
0.009420
0.122162
-0.306152
-0.214325
-0.097046
-0.306702
0.493286
-0.414978
0.031769
-0.147705
0.260437
0.089035
0.105530
-0.295349
0.391541
0.129578
-0.086624
-0.060699
-0.099014
-0.313232
-0.075607
0.036118
0.169373
0.222595
-0.006893
-0.003444
0.011581
-0.297180
0.068817
-0.576782
-0.181610
0.078278
0.162323
0.129639
-0.233978
-0.449280
-0.179047
0.359314
-0.347168
-0.044853
-0.407715
-0.087128
0.042183
0.317566
-0.380005
-0.181244
-0.170654
