0.494202
0.387268
0.284424
0.300537
0.509399
0.315674
0.582886
0.813965
0.375671
0.733521
0.595215
0.348755
0.553345
0.710815
0.783447
0.136993
0.388123
0.618042
0.192780
0.389832
0.124619
0.389160
0.380066
0.200684
0.255432
0.608521
0.644043
0.503052
0.199890
0.648804
0.651978
0.579590
0.736938
0.636108
0.582397
0.657104
0.654053
0.462524
0.467102
0.325867
0.306946
0.647705
0.262329
0.559937
0.354980
0.457703
0.698120
0.743042
0.661499
0.890991
0.833862
0.788208
0.279602
0.801514
0.690063
0.120422
0.520996
0.744629
0.624023
0.606445
0.503906
0.274292
0.597778
0.539429
0.207886
0.476379
0.192932
0.747559
0.639160
0.547852
0.487366
0.357849
0.306458
0.335571
0.330750
0.664795
0.678833
0.914429
0.403931
0.451965
0.804932
0.350952
0.350769
0.080505
0.448730
0.337158
0.201385
0.381470
0.192719
0.713379
0.687866
0.585693
0.398132
0.281677
0.421631
0.305847
0.461853
0.315491
0.467407
0.511475
0.748901
0.540161
0.871826
0.644165
0.761353
0.199768
0.719727
0.552368
0.110275
0.120071
0.704102
0.211365
0.472168
0.354004
0.291870
0.506226
0.391968
0.495544
0.588013
0.472595
0.204773
0.573242
0.054672
0.303955
0.268311
0.477478
0.609863
0.730103
0.378296
0.662598
0.653564
0.240021
0.788452
0.521362
0.295288
0.661621
0.606567
0.600342
0.324402
0.605835
0.721558
0.731079
0.517090
0.492371
0.081039
0.512207
0.698730
0.473022
0.593506
0.586548
0.647095
0.799561
0.270142
0.587280
0.689331
0.538452
0.175171
0.295166
0.265869
0.555908
0.661377
0.507080
0.797119
0.560547
0.138794
0.388489
0.220459
0.634399
0.401123
0.545288
0.350708
0.418884
0.272400
0.567627
0.496948
0.354675
0.376526
0.608643
0.715576
0.381958
0.191223
0.358643
0.177521
0.461487
0.360046
0.277466
0.589355
0.235046
0.575317
0.855103
0.677734
0.532959
0.473083
0.771362
0.090714
0.499695
0.270264
0.311218
0.545166
0.256714
0.860107
0.481384
0.378235
0.128510
0.461304
0.875244
0.485535
0.725708
0.481079
0.198700
0.103653
0.557861
0.557373
0.283447
0.722656
0.617676
0.446899
0.608032
0.152405
0.723267
0.759888
0.830444
0.366760
0.231323
0.714600
0.459778
0.141632
0.570190
0.657593
0.273376
0.241547
0.628662
0.755127
0.505249
0.645020
0.212494
0.377686
0.128143
0.639038
0.861206
0.326904
0.745117
0.415039
0.884277
0.325989
0.548340
0.801514
0.472595
0.742310
0.539673
0.308777
0.614868
0.780884
0.562256
0.142456
0.491455
0.607422
0.170837
0.474609
0.678589
0.444641
0.301514
0.303162
0.195862
0.807983
0.649170
0.409546
0.596313
0.187988
0.047050
0.453552
0.400452
0.792114
0.570679
0.583496
0.817993
0.706055
0.495605
0.402710
0.746826
0.145813
0.596924
0.659058
0.512085
0.458130
0.501465
0.302063
0.362854
0.672363
0.363647
0.626709
0.702271
0.665161
0.344055
0.309998
0.469727
0.879272
0.304932
0.651489
0.365723
0.351990
0.404114
0.466431
0.440369
0.675781
0.160492
0.255859
0.678101
0.542725
0.546387
0.420837
0.274414
0.554077
0.490601
0.200592
0.598633
0.578613
0.388611
0.549805
0.661743
0.452148
0.286987
0.661499
0.414673
0.631470
0.557373
0.584229
0.509033
0.750122
0.533691
0.574585
0.398804
0.048180
0.337402
0.541138
0.609619
0.501221
0.496948
0.700928
0.629883
0.153809
0.533569
0.906494
0.297119
0.612305
0.103180
0.781372
0.601440
0.492981
0.441589
0.263000
0.830688
0.142059
0.510376
0.356201
0.360168
0.480652
0.527100
0.869385
0.341187
0.471252
0.441162
0.439697
0.521851
0.366577
0.566772
0.543579
0.567749
0.477844
0.240509
0.193634
0.517700
0.661987
0.211823
0.814697
0.385925
0.201050
0.594360
0.573242
0.694092
0.447205
0.836426
0.636597
0.590454
0.459412
0.578369
0.538208
0.825562
0.516113
0.703735
0.277771
0.689819
0.257690
0.603027
0.508911
0.625488
0.584106
0.752319
0.489807
0.647583
0.291443
0.270020
0.575806
0.654785
0.484619
0.390076
0.626099
0.685669
0.280762
0.610229
0.379089
0.428894
0.446472
0.601196
0.606934
0.316528
0.292297
0.556030
0.729126
0.509644
0.370117
0.303101
0.495728
0.514893
0.607178
0.704590
0.725830
0.187653
0.755859
0.211700
0.720825
0.748291
0.484497
0.294983
0.399048
0.854614
0.270386
0.436279
0.537476
0.552368
0.746216
0.616577
0.681396
0.488831
0.516724
0.584717
0.392395
0.808960
0.137024
0.532227
0.614990
0.394958
0.535278
0.224640
0.495361
0.140747
0.815308
0.634521
0.328369
0.568237
0.847412
0.636841
0.426819
0.327942
0.932983
0.711914
0.294250
0.313843
0.258667
0.834106
0.566406
0.592651
0.747192
0.543945
0.193512
0.374329
0.127014
0.588135
0.479492
0.264038
0.820312
0.798096
0.660645
0.353821
0.608032
0.568970
0.495728
0.719482
0.200684
0.409912
0.400513
0.344788
0.458618
0.713379
0.374756
0.502563
0.538086
0.554932
0.401794
0.796631
0.685181
0.265564
0.686646
0.545044
0.697510
0.582153
0.805054
0.826050
0.466553
0.398926
0.500854
0.282898
0.307495
0.749146
0.636719
0.801147
0.315796
0.243347
0.631592
0.516479
0.542236
0.618530
0.446594
0.700684
0.744873
0.232483
0.790771
0.694824
0.676514
0.489319
0.487549
0.472168
0.757080
0.762085
0.129395
0.566772
0.640747
0.636475
0.689087
0.218140
0.446045
0.889771
0.501099
0.338867
0.636597
0.137695
0.136444
0.837891
0.266602
0.654785
0.464905
0.508545
0.686279
0.914185
0.507935
0.541992
0.731934
0.295349
0.822144
0.519043
0.485657
0.307434
0.405273
0.653442
0.180145
0.420227
0.516479
0.707642
0.353394
0.315979
0.625488
0.500366
0.794922
0.426575
0.424988
0.727905
0.564331
0.448242
0.678589
0.416260
0.215668
0.139435
0.224640
0.901978
0.049675
0.432312
0.439941
0.783936
0.614380
0.259888
0.600464
0.510620
0.567261
0.891846
0.752441
0.635254
0.424744
0.380371
0.453247
0.477966
0.284546
0.378845
0.566406
0.375793
0.505249
0.288818
0.803345
0.655029
0.739380
0.592285
0.367432
0.251221
0.734009
0.591919
0.263611
0.784302
0.321777
0.589478
0.565430
0.936523
0.849487
0.464905
0.560059
0.412720
0.467163
0.308411
0.345459
0.477234
0.574829
0.386353
0.543335
0.860596
0.765137
0.521606
0.346802
0.266541
0.695923
0.149689
0.807129
0.431335
0.441895
0.471863
0.682617
0.473389
0.766113
0.531494
0.845337
0.384399
0.231598
0.407349
0.433777
0.192719
0.572021
0.579224
0.493347
0.452148
0.774780
0.538574
0.514771
0.460022
0.337280
0.469910
0.619141
0.687744
0.576782
0.666870
0.655884
0.571411
0.702148
0.759033
0.113205
0.557129
0.344116
0.798096
0.615845
0.107330
0.626221
0.573242
0.191589
0.860352
0.393555
0.511963
0.349487
0.852417
0.677124
0.543701
0.300537
0.562256
-0.042496
0.151093
0.099335
0.120346
-0.200592
-0.103088
-0.113174
0.080017
0.245392
-0.229706
-0.036217
0.160370
-0.221954
-0.052513
-0.358521
0.050339
0.002022
0.020161
0.053772
-0.191711
0.012003
0.045959
0.274353
-0.015701
0.250610
-0.274475
-0.284241
0.041817
0.287537
-0.251648
-0.123962
-0.192596
0.046326
0.122971
0.074234
0.135956
0.166290
-0.187103
0.215942
0.264221
0.022610
-0.110321
0.133270
-0.051811
-0.161163
0.064331
-0.002022
-0.159088
-0.203918
0.051651
-0.203888
-0.193085
0.095978
-0.220764
-0.061768
0.056526
-0.055763
-0.055824
0.100067
-0.205872
0.130219
-0.024971
-0.108917
0.027912
-0.050133
-0.182190
0.165619
-0.321533
-0.220032
-0.057228
0.231079
0.092133
0.271790
0.076004
0.329285
0.108948
-0.297363
-0.110413
-0.050156
-0.064148
-0.060356
0.184296
0.180511
0.035667
-0.184082
-0.028797
0.093872
0.049721
0.354797
-0.244781
-0.008640
0.045586
0.020283
-0.117432
-0.072296
0.117752
-0.152069
0.240295
0.084656
-0.081985
-0.254639
0.025612
0.009069
-0.274658
-0.336060
0.337830
0.124451
-0.194550
0.227448
0.076019
-0.111084
0.019562
0.259766
-0.077576
0.055237
-0.214386
0.040627
0.147980
-0.015442
-0.043381
-0.096832
-0.172089
0.003975
0.070496
0.001195
-0.068909
0.188171
-0.150879
-0.118713
-0.017281
0.056679
0.063248
-0.280029
0.065811
0.080460
-0.178894
-0.034096
-0.085144
0.064301
-0.245972
-0.009682
0.101349
-0.078888
0.101318
0.023819
0.122208
0.036217
0.064468
-0.018139
-0.128479
0.169739
-0.115570
0.137177
-0.263916
-0.333496
0.138367
0.104889
-0.145264
-0.013083
-0.014982
-0.014889
-0.247620
0.047668
0.142853
0.255920
-0.019394
-0.037132
-0.217590
0.186707
0.028893
-0.025890
0.029381
0.130280
0.042862
-0.157684
0.153473
0.019211
0.167450
-0.220886
0.290649
0.039062
-0.051056
0.175049
0.176270
-0.026562
0.131744
0.024509
0.225891
-0.012960
0.011396
-0.227325
-0.175385
0.203247
-0.325562
-0.033066
0.020313
0.092834
-0.070206
0.094604
-0.010586
-0.042953
-0.221405
0.166962
0.087280
0.112686
0.009314
0.239655
-0.306885
0.176239
0.019928
-0.016239
-0.222321
-0.031158
0.157715
0.099701
0.091599
-0.146576
-0.023346
0.168182
-0.012438
-0.157776
-0.057472
0.249847
0.044380
0.053551
0.215698
0.354919
-0.143677
-0.292786
0.158722
0.135864
0.103622
-0.060905
-0.134857
-0.247955
0.051781
-0.126068
-0.007123
-0.108124
0.049019
0.012806
-0.125488
-0.173309
-0.018322
-0.115921
0.216553
-0.075974
-0.114853
-0.095184
-0.196167
0.309265
0.183563
0.036461
0.120865
0.080460
0.090073
0.046448
-0.002956
0.235413
0.044365
0.157501
0.081223
0.148010
0.096588
-0.054169
0.047058
0.147797
0.109894
0.330078
0.038605
0.158936
-0.094803
-0.086823
0.132080
-0.260071
-0.055206
0.059624
0.101654
0.268738
-0.184235
0.343140
0.140350
-0.148712
0.089493
0.114273
0.079285
0.030914
0.012562
0.076355
-0.022610
-0.233215
-0.056252
0.058578
0.203217
0.329956
0.006158
-0.185699
0.187622
-0.174042
-0.004290
0.226257
-0.162140
0.050247
-0.008181
0.116974
0.227814
-0.062180
0.029106
-0.108765
-0.232239
-0.155090
-0.054016
0.198273
-0.013634
0.323914
0.021873
-0.225006
-0.081161
-0.255127
0.143250
0.043777
-0.050583
-0.061119
-0.045738
0.154297
-0.019577
0.108002
-0.032417
-0.270752
-0.212463
0.110870
-0.190338
0.063126
0.013573
-0.052055
-0.257507
0.239685
0.033333
0.062195
-0.157440
0.238861
0.196747
-0.212616
0.147064
-0.106491
0.111313
-0.268738
-0.041298
0.029533
-0.086136
0.100281
-0.364319
0.153992
-0.249237
0.029350
0.017616
0.020222
-0.153259
-0.014828
0.187195
-0.075607
0.095520
0.144440
-0.013634
-0.180420
-0.196014
0.020069
0.206818
0.125763
0.082367
0.049446
-0.071381
-0.159698
0.274048
0.075729
0.170990
-0.050690
-0.194183
-0.158691
-0.021080
0.011551
-0.058456
0.053368
0.164948
0.128937
-0.207367
-0.108673
-0.288513
-0.070496
-0.271057
0.338074
0.002022
0.261108
0.044792
-0.159698
0.080093
0.137268
0.007965
0.141144
-0.025429
-0.058350
-0.100113
0.193390
-0.069427
0.174469
0.267395
-0.188477
0.123840
-0.074341
-0.057137
0.100983
0.084198
-0.115524
-0.135712
-0.042099
0.303528
0.093506
0.139374
-0.273987
0.171753
0.306091
-0.083450
0.026226
0.130707
0.108337
0.014093
-0.079407
0.247345
-0.124908
0.061798
-0.215759
-0.036278
-0.037682
-0.023514
-0.105606
-0.300964
-0.046265
-0.002298
-0.177673
-0.121170
0.088181
0.070892
0.112320
-0.174896
-0.211792
-0.077362
-0.160278
-0.118256
0.063782
-0.144104
-0.094147
-0.068924
-0.079987
0.368103
-0.228394
0.027275
-0.053802
-0.017033
0.274658
-0.179291
0.044182
-0.232361
0.222137
0.006526
-0.256470
-0.319458
0.142700
0.134949
0.115936
-0.036087
0.163116
-0.087097
-0.110962
0.127838
0.176849
0.114883
0.049416
0.015503
-0.150909
0.113205
0.018932
-0.097488
0.045403
-0.062180
-0.019485
0.106003
-0.035477
-0.220886
0.088425
-0.049232
0.036430
-0.013235
0.007904
-0.177399
0.139740
0.190857
-0.060295
-0.153503
0.035690
0.055634
-0.337158
0.050690
-0.179535
-0.011581
-0.260315
0.143738
-0.334351
-0.209747
0.011642
-0.047607
0.193634
0.030575
0.292664
-0.052208
-0.031647
-0.164551
0.054962
0.372375
0.053986
0.143372
-0.116272
-0.200317
-0.159943
0.039215
-0.088669
0.271545
-0.061211
0.140564
-0.321350
-0.171295
0.196259
-0.220734
-0.121719
-0.272766
0.206512
0.056801
-0.276672
0.018566
-0.300476
0.174408
0.261169
0.040688
0.205017
0.263611
-0.010355
0.173462
0.100754
-0.393066
0.108139
-0.283569
0.188049
0.139404
-0.194794
0.028675
0.029934
0.155914
0.010172
-0.029518
0.006311
0.126587
-0.053833
0.203796
0.194275
0.114578
0.368713
-0.036888
0.023834
-0.346191
-0.164154
0.161102
-0.024143
0.243927
-0.088303
0.033272
0.219147
-0.246216
0.206665
-0.118332
-0.202637
0.024754
0.034683
-0.014553
0.014906
-0.160095
0.014154
0.192383
-0.004197
0.023163
-0.275330
0.003294
0.001654
-0.039001
0.207092
-0.240082
-0.213959
0.136963
0.159607
0.247009
0.228485
0.143066
0.118561
0.056770
0.097488
-0.117310
0.237610
0.168549
-0.215881
0.154297
0.049080
0.019180
0.031464
-0.063751
0.003554
0.046387
0.213837
0.019302
0.090652
-0.226410
0.042038
-0.182953
-0.223053
-0.103256
0.214569
-0.015930
0.094421
0.000643
-0.027054
-0.036087
-0.188354
-0.089798
-0.182465
-0.070343
-0.033028
0.204559
0.250122
0.204651
-0.064590
0.032516
-0.078796
-0.015472
0.199280
-0.195465
-0.079224
0.054657
-0.002635
-0.155518
-0.217285
-0.057831
0.055809
-0.173462
0.195740
0.269897
-0.129211
0.120224
-0.184906
0.254211
-0.315613
-0.064362
-0.071930
-0.066299
0.137115
0.035080
-0.285339
-0.186005
-0.050491
0.111771
0.167328
-0.263794
-0.293457
-0.059006
0.158447
0.194855
0.183868
0.078125
-0.040596
0.180664
-0.223236
0.181061
0.270447
-0.168579
0.296570
0.027943
-0.044518
-0.270813
-0.140198
-0.082443
-0.016590
-0.018169
-0.079132
0.341431
0.111740
0.131958
-0.168304
0.600342
-0.256714
0.097809
-0.188507
0.061813
0.117691
0.282288
0.347168
0.240051
0.093597
0.120651
0.086182
0.125305
0.119873
0.511230
-0.016438
0.456787
0.461426
0.309082
0.181854
-0.224304
-0.406799
-0.100830
0.000123
-0.022060
0.119553
0.021309
-0.295593
-0.386169
-0.466125
0.053169
-0.405212
-0.102997
0.151062
0.023743
-0.141968
-0.248291
-0.212921
-0.412109
-0.008659
0.400085
-0.289001
0.077515
0.007950
-0.169189
-0.026218
-0.010447
0.287964
-0.083878
-0.316406
-0.047157
-0.408936
-0.206024
-0.148315
-0.308411
-0.328552
-0.030746
0.232452
-0.008694
0.202942
0.383667
0.044090
-0.101807
-0.337158
0.293518
0.439331
0.040405
-0.055511
-0.291016
0.143250
-0.063751
0.209534
-0.045372
0.013737
0.119553
-0.214203
-0.115219
0.008717
0.073868
0.418274
0.309814
0.026318
0.528809
0.002956
-0.023651
-0.396912
-0.224762
0.462585
-0.164581
0.383606
0.048203
-0.398193
-0.187317
0.463928
-0.218262
0.206573
0.386169
-0.179901
-0.365540
0.195648
-0.034187
0.087662
0.306763
-0.079529
0.101105
-0.191040
0.323730
-0.011703
0.432678
0.397583
-0.110367
0.127411
0.421936
-0.199402
0.228729
0.398254
0.023479
0.003644
0.245972
0.373535
0.389709
0.294189
-0.024708
-0.314697
0.240936
0.276489
-0.210541
0.109711
0.096619
-0.059486
0.207458
0.162811
-0.488831
0.413818
0.184082
-0.385376
-0.397156
-0.109589
0.218384
0.035568
-0.328918
-0.509766
0.162994
-0.424438
-0.091370
-0.223602
-0.023628
-0.168274
-0.119568
-0.295166
0.205261
0.169739
-0.000888
0.183044
-0.147064
-0.377319
-0.059517
-0.355225
-0.367920
-0.063263
0.202789
-0.162445
0.200409
0.232971
0.250977
0.284058
0.465027
-0.146149
-0.442932
0.166077
-0.108185
-0.154907
0.171265
0.153198
-0.059822
0.079926
-0.070374
-0.083481
-0.088318
0.327515
0.138489
-0.400024
-0.120193
0.135162
-0.216980
-0.164398
0.375366
-0.377197
0.097412
0.009863
-0.342041
0.199829
-0.152588
0.375000
-0.084213
0.098770
0.141968
-0.238922
-0.047371
0.218048
-0.072815
-0.157532
0.161621
0.100906
-0.002294
0.101730
0.281189
-0.072708
0.016232
-0.424133
-0.362915
0.254700
-0.206665
0.134644
-0.225067
0.193451
-0.030132
0.049835
-0.185730
-0.035110
0.057648
-0.010738
-0.352356
0.007879
-0.150391
0.080521
0.005836
-0.008854
-0.058006
0.056839
0.209229
-0.128387
-0.098648
-0.244232
-0.029533
-0.100952
-0.144470
0.251709
-0.173676
0.491638
0.344666
0.081253
0.128937
-0.379395
-0.301453
-0.198578
-0.288330
0.185425
-0.045990
0.143372
0.150299
-0.505249
0.235413
0.312988
0.017128
0.084717
-0.123505
0.023018
0.075851
-0.179108
-0.535034
0.287476
0.209564
-0.116760
0.041298
0.180084
-0.117325
-0.103180
-0.187622
0.324036
-0.228973
-0.357849
0.304932
-0.198456
-0.121872
-0.096939
-0.296692
0.209656
-0.428589
0.272400
-0.264465
0.337158
0.386902
-0.028893
0.135071
-0.112900
-0.461365
0.011581
0.427490
0.134003
-0.167816
-0.007552
-0.095459
-0.475220
0.491028
-0.054199
0.319763
-0.244049
0.459961
-0.482788
-0.020359
0.233124
-0.223236
0.387451
0.133057
-0.345154
-0.226959
0.353455
0.381409
-0.138123
0.111160
-0.397400
0.298950
-0.021275
0.090240
-0.183319
-0.234589
0.248779
0.448120
0.192505
-0.134613
-0.337158
0.182953
-0.131714
-0.192932
0.056633
0.431152
0.026554
0.429993
0.271667
-0.355835
0.409973
-0.112534
-0.064423
0.279907
-0.079865
0.109848
0.051010
-0.243439
-0.028034
-0.087067
-0.031860
0.091537
0.214294
-0.153503
0.182129
0.131439
0.126495
-0.086426
0.478821
-0.195557
0.294006
-0.372925
-0.012608
0.061905
-0.048798
0.046463
-0.124313
-0.024296
-0.042984
-0.369934
0.138977
-0.250366
0.034943
0.074570
0.029686
0.055084
0.282898
-0.017273
-0.188354
0.156799
-0.004335
-0.222168
-0.269043
0.210022
0.140961
-0.086899
0.243011
0.269958
-0.275818
0.204773
-0.444641
0.118652
0.348877
0.160217
0.079742
-0.319580
0.104233
0.055840
0.276001
0.063690
0.203308
-0.202423
0.430359
-0.279175
0.487488
-0.054550
0.293091
0.154938
-0.074249
0.105072
-0.205261
-0.078537
0.500366
0.042679
0.131866
0.026272
-0.044189
-0.142151
-0.222870
0.197113
-0.039688
-0.150543
-0.199371
-0.306152
-0.090729
0.497803
-0.008272
0.115891
-0.061363
-0.349731
-0.337524
0.141571
0.062790
0.092926
-0.037178
-0.064636
0.035988
0.253845
0.090332
0.062088
-0.158081
0.401733
-0.013971
0.344666
-0.173004
-0.499573
-0.246918
0.400269
-0.026642
0.147644
0.082367
-0.066360
-0.003240
0.400024
0.244965
0.004381
0.280457
0.136688
-0.396667
0.217133
-0.113052
-0.219482
0.358704
-0.047775
-0.124130
-0.197479
-0.212799
-0.088120
0.058701
-0.022511
-0.123932
-0.199646
0.278931
-0.139954
-0.472778
-0.413086
-0.022442
-0.102264
-0.111237
-0.149445
0.043365
-0.030899
0.401550
0.040138
-0.248291
0.029152
0.046509
0.030193
-0.351135
0.164856
0.249817
0.153229
-0.052200
0.091080
0.003033
0.440735
0.412964
-0.109802
-0.266846
0.371033
-0.234650
-0.290771
-0.345581
0.044182
0.186768
-0.198547
0.250916
0.061874
-0.202454
-0.479797
0.012817
-0.157166
0.106735
0.314026
0.400146
-0.141510
0.242889
-0.072418
-0.111298
-0.007820
0.094543
0.037682
0.044624
0.042343
0.229584
-0.466980
-0.033997
0.025200
-0.061745
0.215820
-0.122726
0.222992
0.025833
0.148651
0.267273
0.112167
-0.051903
-0.001241
0.075729
-0.352783
0.136383
-0.530884
0.107605
0.142334
0.300232
-0.109695
0.000812
0.026165
-0.180023
-0.110443
0.017921
0.014828
0.027626
0.165314
-0.043167
-0.360229
0.213318
-0.079544
0.280273
0.050842
-0.380798
0.157166
-0.243073
-0.455322
-0.309082
0.026180
0.174194
0.156036
-0.075455
0.350342
0.420837
0.163696
0.436523
0.428040
-0.311340
0.121857
-0.198639
0.306885
-0.369446
0.238800
0.196411
-0.248718
0.151276
-0.292908
-0.185791
0.108200
-0.035324
0.027580
0.028660
-0.372375
0.078491
-0.354126
-0.112350
-0.162628
-0.189606
0.095551
-0.136383
0.084610
-0.267822
-0.113556
0.332703
0.055054
-0.050140
0.151825
-0.036316
0.255859
-0.245758
0.382446
-0.054504
0.004642
0.003906
-0.375061
-0.246063
0.054871
-0.050522
0.185577
0.160980
-0.085907
0.112793
0.189270
0.161560
0.291321
-0.162415
0.048798
0.128693
0.263000
0.041954
-0.007774
0.247375
-0.225830
0.498535
0.062943
-0.070801
-0.070602
-0.304626
-0.104736
0.185364
-0.030960
0.177399
0.130829
0.074112
0.181732
-0.143799
-0.172028
-0.380737
0.425476
0.013588
0.400024
-0.279846
-0.390625
0.070267
0.498840
-0.199768
-0.092468
0.445129
-0.169067
-0.446838
-0.029903
-0.078430
0.315491
-0.153290
-0.197205
-0.138550
-0.324463
0.251160
0.076279
0.186218
-0.080429
-0.471680
-0.251282
-0.564941
0.217743
0.030834
-0.091370
-0.054596
0.165009
0.231384
-0.042999
0.048012
-0.046013
0.183411
0.020039
-0.164642
-0.018436
0.442627
0.383362
0.429565
0.098541
-0.163910
-0.263794
0.414185
-0.417603
