0.494144
0.387260
0.284443
0.300571
0.509445
0.315674
0.582787
0.813904
0.375664
0.733467
0.595222
0.348763
0.553200
0.710754
0.783463
0.136972
0.388073
0.617950
0.192770
0.389778
0.124611
0.389175
0.380009
0.200666
0.255463
0.608566
0.643929
0.503113
0.199854
0.648659
0.651901
0.579552
0.736916
0.636169
0.582253
0.657059
0.653969
0.462467
0.467041
0.325886
0.306908
0.647652
0.262333
0.559944
0.354923
0.457661
0.698074
0.742989
0.661438
0.890854
0.833771
0.788353
0.279575
0.801460
0.690010
0.120420
0.520996
0.744644
0.623978
0.606407
0.503838
0.274258
0.597832
0.539314
0.207851
0.476337
0.192902
0.747375
0.639084
0.547798
0.487434
0.357857
0.306419
0.335590
0.330799
0.664810
0.678810
0.914436
0.403896
0.451946
0.804840
0.350937
0.350822
0.080495
0.448650
0.337093
0.201359
0.381527
0.192719
0.713188
0.687759
0.585587
0.398155
0.281670
0.421597
0.305828
0.461754
0.315495
0.467381
0.511536
0.748848
0.540199
0.871704
0.644127
0.761337
0.199753
0.719635
0.552292
0.110268
0.120063
0.704063
0.211357
0.472176
0.353889
0.291851
0.506210
0.391983
0.495510
0.588013
0.472557
0.204788
0.573196
0.054667
0.303940
0.268314
0.477432
0.609772
0.730072
0.378311
0.662537
0.653481
0.239994
0.788559
0.521263
0.295261
0.661598
0.606567
0.600281
0.324413
0.605858
0.721512
0.731056
0.517036
0.492249
0.081027
0.512192
0.698746
0.473007
0.593536
0.586472
0.647011
0.799492
0.270199
0.587234
0.689262
0.538513
0.175196
0.295116
0.265831
0.555809
0.661400
0.506989
0.796974
0.560478
0.138775
0.388489
0.220457
0.634369
0.401096
0.545319
0.350750
0.418869
0.272457
0.567627
0.496944
0.354656
0.376518
0.608688
0.715523
0.381924
0.191236
0.358616
0.177504
0.461433
0.360027
0.277466
0.589249
0.235048
0.575340
0.855072
0.677582
0.532990
0.473038
0.771263
0.090718
0.499672
0.270279
0.311180
0.545181
0.256752
0.859970
0.481319
0.378197
0.128510
0.461258
0.875145
0.485470
0.725632
0.481075
0.198694
0.103635
0.557861
0.557304
0.283440
0.722595
0.617615
0.446907
0.608086
0.152393
0.723236
0.759857
0.830429
0.366749
0.231283
0.714516
0.459766
0.141651
0.570175
0.657677
0.273388
0.241549
0.628616
0.755150
0.505302
0.644981
0.212488
0.377689
0.128147
0.639114
0.861061
0.326843
0.745056
0.415009
0.884163
0.325924
0.548302
0.801491
0.472656
0.742218
0.539711
0.308720
0.614914
0.780838
0.562195
0.142445
0.491440
0.607346
0.170818
0.474617
0.678459
0.444653
0.301548
0.303154
0.195885
0.808014
0.649132
0.409546
0.596397
0.187984
0.047051
0.453548
0.400379
0.792114
0.570686
0.583542
0.817863
0.705986
0.495560
0.402657
0.746758
0.145805
0.596939
0.659096
0.512024
0.458126
0.501366
0.302021
0.362900
0.672180
0.363632
0.626740
0.702217
0.665184
0.344070
0.309975
0.469719
0.879204
0.304905
0.651505
0.365746
0.351952
0.404053
0.466404
0.440319
0.675743
0.160463
0.255875
0.677979
0.542747
0.546387
0.420818
0.274380
0.554024
0.490608
0.200581
0.598701
0.578522
0.388599
0.549728
0.661858
0.452065
0.286999
0.661499
0.414665
0.631516
0.557304
0.584213
0.509102
0.750069
0.533592
0.574669
0.398720
0.048172
0.337322
0.541168
0.609467
0.501266
0.496868
0.700897
0.629837
0.153784
0.533585
0.906517
0.297104
0.612328
0.103181
0.781357
0.601555
0.492954
0.441612
0.262962
0.830559
0.142059
0.510284
0.356205
0.360123
0.480598
0.526978
0.869225
0.341190
0.471272
0.441151
0.439739
0.521736
0.366604
0.566734
0.543526
0.567703
0.477779
0.240498
0.193617
0.517563
0.661934
0.211834
0.814667
0.385960
0.201017
0.594414
0.573349
0.693970
0.447170
0.836296
0.636681
0.590401
0.459427
0.578270
0.538216
0.825584
0.515945
0.703690
0.277744
0.689781
0.257671
0.603043
0.508957
0.625450
0.583946
0.752304
0.489849
0.647560
0.291355
0.270016
0.575821
0.654739
0.484596
0.390041
0.626083
0.685616
0.280701
0.610115
0.379135
0.428879
0.446426
0.601204
0.606964
0.316551
0.292297
0.555878
0.729126
0.509689
0.370090
0.303127
0.495731
0.514931
0.607170
0.704514
0.725769
0.187643
0.755814
0.211691
0.720757
0.748169
0.484455
0.294952
0.398994
0.854607
0.270378
0.436218
0.537476
0.552261
0.746170
0.616440
0.681404
0.488846
0.516640
0.584618
0.392403
0.808937
0.137024
0.532234
0.614876
0.394966
0.535187
0.224607
0.495281
0.140738
0.815117
0.634491
0.328377
0.568184
0.847359
0.636810
0.426880
0.327888
0.932945
0.711868
0.294197
0.313839
0.258621
0.833969
0.566368
0.592468
0.747116
0.544029
0.193462
0.374271
0.127033
0.588158
0.479458
0.264057
0.820221
0.798088
0.660645
0.353794
0.608070
0.568924
0.495705
0.719444
0.200674
0.409908
0.400455
0.344730
0.458599
0.713341
0.374748
0.502510
0.538033
0.554939
0.401730
0.796654
0.685173
0.265530
0.686554
0.545105
0.697411
0.582153
0.804932
0.826073
0.466568
0.398842
0.500824
0.282867
0.307457
0.749161
0.636658
0.801094
0.315781
0.243332
0.631508
0.516457
0.542274
0.618523
0.446568
0.700691
0.744858
0.232464
0.790894
0.694778
0.676430
0.489315
0.487514
0.472126
0.757149
0.762207
0.129381
0.566704
0.640602
0.636444
0.689026
0.218142
0.445984
0.889687
0.501007
0.338825
0.636543
0.137667
0.136438
0.837875
0.266552
0.654671
0.464863
0.508644
0.686188
0.914177
0.507896
0.542038
0.732025
0.295307
0.822182
0.518982
0.485626
0.307407
0.405285
0.653473
0.180134
0.420216
0.516434
0.707458
0.353363
0.315994
0.625427
0.500343
0.794983
0.426613
0.424992
0.727768
0.564278
0.448158
0.678474
0.416214
0.215664
0.139420
0.224586
0.901855
0.049678
0.432316
0.439968
0.784004
0.614349
0.259853
0.600410
0.510674
0.567253
0.891701
0.752274
0.635246
0.424747
0.380417
0.453232
0.477932
0.284531
0.378841
0.566406
0.375767
0.505280
0.288826
0.803360
0.654938
0.739288
0.592361
0.367397
0.251202
0.734093
0.591988
0.263588
0.784218
0.321724
0.589554
0.565475
0.936516
0.849411
0.464882
0.560020
0.412750
0.467106
0.308380
0.345421
0.477230
0.574783
0.386337
0.543289
0.860489
0.765182
0.521568
0.346790
0.266533
0.695946
0.149706
0.807022
0.431324
0.441902
0.471844
0.682518
0.473419
0.765961
0.531487
0.845314
0.384392
0.231575
0.407307
0.433735
0.192686
0.572014
0.579140
0.493286
0.452126
0.774704
0.538536
0.514740
0.460011
0.337193
0.469902
0.619064
0.687744
0.576859
0.666847
0.655731
0.571358
0.702110
0.759003
0.113208
0.557014
0.344124
0.798035
0.615807
0.107342
0.626228
0.573265
0.191557
0.860107
0.393574
0.512016
0.349491
0.852310
0.676987
0.543777
0.300526
0.562202
-0.042490
0.151093
0.099353
0.120368
-0.200575
-0.103102
-0.113174
0.080029
0.245453
-0.229712
-0.036221
0.160378
-0.221983
-0.052516
-0.358524
0.050345
0.002032
0.020144
0.053766
-0.191698
0.012008
0.045964
0.274345
-0.015693
0.250656
-0.274456
-0.284184
0.041866
0.287632
-0.251686
-0.123938
-0.192574
0.046412
0.122993
0.074238
0.135971
0.166334
-0.187090
0.216000
0.264210
0.022620
-0.110355
0.133316
-0.051788
-0.161160
0.064354
-0.002022
-0.159132
-0.203926
0.051743
-0.203827
-0.193048
0.096000
-0.220749
-0.061746
0.056522
-0.055785
-0.055794
0.100096
-0.205868
0.130230
-0.024973
-0.108883
0.027934
-0.050133
-0.182220
0.165617
-0.321510
-0.220022
-0.057227
0.231119
0.092153
0.271839
0.076015
0.329365
0.108969
-0.297337
-0.110363
-0.050161
-0.064134
-0.060328
0.184298
0.180527
0.035671
-0.184027
-0.028795
0.093903
0.049746
0.354824
-0.244843
-0.008548
0.045638
0.020318
-0.117429
-0.072294
0.117761
-0.152071
0.240320
0.084676
-0.081963
-0.254620
0.025662
0.009061
-0.274624
-0.336033
0.337849
0.124483
-0.194529
0.227484
0.076032
-0.111089
0.019577
0.259754
-0.077561
0.055249
-0.214407
0.040642
0.148014
-0.015376
-0.043373
-0.096827
-0.172075
0.003976
0.070491
0.001208
-0.068893
0.188255
-0.150866
-0.118707
-0.017210
0.056733
0.063254
-0.279972
0.065793
0.080479
-0.178865
-0.034070
-0.085174
0.064315
-0.246008
-0.009720
0.101382
-0.078855
0.101327
0.023820
0.122258
0.036206
0.064465
-0.018149
-0.128460
0.169804
-0.115552
0.137177
-0.263935
-0.333488
0.138384
0.104883
-0.145235
-0.013054
-0.014957
-0.014867
-0.247589
0.047721
0.142876
0.255913
-0.019376
-0.037126
-0.217575
0.186718
0.028901
-0.025873
0.029425
0.130278
0.042848
-0.157675
0.153521
0.019240
0.167528
-0.220858
0.290649
0.039070
-0.051060
0.175095
0.176247
-0.026566
0.131741
0.024498
0.225889
-0.012917
0.011443
-0.227354
-0.175360
0.203274
-0.325497
-0.033063
0.020343
0.092836
-0.070188
0.094610
-0.010579
-0.042999
-0.221395
0.166996
0.087279
0.112719
0.009321
0.239666
-0.306885
0.176271
0.019940
-0.016239
-0.222363
-0.031118
0.157724
0.099751
0.091598
-0.146538
-0.023328
0.168203
-0.012454
-0.157751
-0.057437
0.249897
0.044387
0.053642
0.215698
0.354866
-0.143661
-0.292782
0.158770
0.135895
0.103642
-0.060918
-0.134819
-0.247921
0.051800
-0.126074
-0.007122
-0.108090
0.049066
0.012820
-0.125460
-0.173298
-0.018298
-0.115889
0.216587
-0.075984
-0.114850
-0.095171
-0.196205
0.309273
0.183655
0.036489
0.120879
0.080468
0.090131
0.046442
-0.002953
0.235472
0.044378
0.157528
0.081233
0.148022
0.096608
-0.054163
0.047097
0.147833
0.109896
0.330112
0.038612
0.158962
-0.094781
-0.086849
0.132105
-0.260078
-0.055159
0.059689
0.101646
0.268829
-0.184191
0.343151
0.140396
-0.148689
0.089509
0.114273
0.079358
0.030928
0.012561
0.076402
-0.022601
-0.233196
-0.056204
0.058632
0.203249
0.329964
0.006175
-0.185656
0.187656
-0.174063
-0.004253
0.226271
-0.162102
0.050251
-0.008153
0.117000
0.227884
-0.062181
0.029117
-0.108758
-0.232193
-0.155071
-0.054029
0.198334
-0.013622
0.323910
0.021894
-0.224979
-0.081163
-0.255100
0.143270
0.043811
-0.050589
-0.061085
-0.045711
0.154369
-0.019550
0.108043
-0.032420
-0.270733
-0.212465
0.110903
-0.190329
0.063146
0.013576
-0.052039
-0.257561
0.239748
0.033358
0.062266
-0.157431
0.238874
0.196756
-0.212591
0.147074
-0.106430
0.111314
-0.268742
-0.041270
0.029573
-0.086135
0.100291
-0.364326
0.153988
-0.249220
0.029385
0.017647
0.020232
-0.153282
-0.014775
0.187210
-0.075613
0.095551
0.144455
-0.013601
-0.180428
-0.196009
0.020104
0.206898
0.125774
0.082374
0.049468
-0.071354
-0.159719
0.274010
0.075720
0.170988
-0.050679
-0.194153
-0.158705
-0.021105
0.011558
-0.058418
0.053409
0.164970
0.128942
-0.207340
-0.108651
-0.288536
-0.070487
-0.271004
0.338089
0.002053
0.261127
0.044834
-0.159697
0.080124
0.137251
0.007985
0.141157
-0.025398
-0.058352
-0.100086
0.193382
-0.069359
0.174498
0.267395
-0.188507
0.123820
-0.074335
-0.057079
0.101004
0.084218
-0.115495
-0.135717
-0.042080
0.303585
0.093521
0.139402
-0.273960
0.171747
0.306114
-0.083442
0.026224
0.130669
0.108391
0.014101
-0.079343
0.247355
-0.124914
0.061816
-0.215757
-0.036267
-0.037694
-0.023509
-0.105627
-0.300907
-0.046251
-0.002290
-0.177662
-0.121161
0.088208
0.070917
0.112343
-0.174862
-0.211800
-0.077315
-0.160282
-0.118277
0.063799
-0.144106
-0.094110
-0.068929
-0.079973
0.368114
-0.228399
0.027286
-0.053784
-0.017030
0.274639
-0.179274
0.044209
-0.232386
0.222168
0.006518
-0.256470
-0.319462
0.142744
0.134989
0.115961
-0.036052
0.163109
-0.087096
-0.110999
0.127874
0.176882
0.114909
0.049428
0.015464
-0.150944
0.113228
0.018938
-0.097480
0.045431
-0.062169
-0.019499
0.106035
-0.035459
-0.220856
0.088430
-0.049243
0.036441
-0.013224
0.007929
-0.177389
0.139736
0.190882
-0.060271
-0.153519
0.035733
0.055691
-0.337147
0.050689
-0.179562
-0.011569
-0.260281
0.143764
-0.334366
-0.209719
0.011656
-0.047603
0.193645
0.030591
0.292629
-0.052195
-0.031576
-0.164577
0.054976
0.372387
0.053983
0.143410
-0.116278
-0.200291
-0.159950
0.039227
-0.088675
0.271633
-0.061163
0.140610
-0.321304
-0.171293
0.196302
-0.220741
-0.121736
-0.272812
0.206533
0.056828
-0.276627
0.018608
-0.300468
0.174448
0.261139
0.040751
0.205040
0.263634
-0.010306
0.173462
0.100761
-0.393036
0.108136
-0.283546
0.188076
0.139437
-0.194832
0.028703
0.029954
0.155912
0.010202
-0.029496
0.006392
0.126606
-0.053793
0.203829
0.194290
0.114602
0.368725
-0.036885
0.023855
-0.346195
-0.164145
0.161098
-0.024169
0.243992
-0.088285
0.033293
0.219200
-0.246166
0.206758
-0.118326
-0.202629
0.024761
0.034706
-0.014549
0.014910
-0.160126
0.014157
0.192440
-0.004213
0.023231
-0.275345
0.003313
0.001685
-0.039005
0.207140
-0.240028
-0.213957
0.137018
0.159666
0.247034
0.228539
0.143095
0.118573
0.056792
0.097529
-0.117286
0.237663
0.168577
-0.215878
0.154285
0.049115
0.019210
0.031470
-0.063752
0.003523
0.046381
0.213833
0.019393
0.090667
-0.226381
0.042042
-0.182970
-0.223066
-0.103273
0.214603
-0.015926
0.094409
0.000645
-0.027058
-0.036064
-0.188324
-0.089787
-0.182528
-0.070328
-0.032996
0.204561
0.250099
0.204668
-0.064571
0.032514
-0.078757
-0.015455
0.199297
-0.195438
-0.079208
0.054670
-0.002616
-0.155510
-0.217203
-0.057815
0.055820
-0.173450
0.195795
0.269886
-0.129148
0.120267
-0.184883
0.254257
-0.315666
-0.064363
-0.071939
-0.066278
0.137115
0.035093
-0.285313
-0.186016
-0.050479
0.111784
0.167360
-0.263760
-0.293411
-0.058969
0.158495
0.194887
0.183876
0.078152
-0.040579
0.180681
-0.223225
0.181067
0.270443
-0.168537
0.296616
0.027951
-0.044517
-0.270824
-0.140213
-0.082401
-0.016565
-0.018168
-0.079157
0.341469
0.111708
0.131960
-0.168276
0.600372
-0.256706
0.097898
-0.188511
0.061802
0.117723
0.282352
0.347260
0.240004
0.093630
0.120665
0.086156
0.125313
0.119881
0.511276
-0.016431
0.456768
0.461365
0.309055
0.181858
-0.224276
-0.406685
-0.100785
0.000138
-0.022063
0.119604
0.021372
-0.295589
-0.386097
-0.466095
0.053158
-0.405155
-0.102983
0.151058
0.023744
-0.141962
-0.248238
-0.212940
-0.412117
-0.008629
0.400120
-0.289040
0.077524
0.008018
-0.169159
-0.026198
-0.010434
0.287998
-0.083866
-0.316376
-0.047157
-0.408924
-0.206038
-0.148333
-0.308392
-0.328491
-0.030746
0.232409
-0.008689
0.202980
0.383724
0.044077
-0.101787
-0.337055
0.293514
0.439362
0.040410
-0.055511
-0.290977
0.143290
-0.063746
0.209530
-0.045361
0.013784
0.119568
-0.214121
-0.115215
0.008744
0.073882
0.418327
0.309780
0.026332
0.528847
0.002960
-0.023625
-0.396957
-0.224747
0.462643
-0.164551
0.383583
0.048214
-0.398235
-0.187332
0.463837
-0.218271
0.206570
0.386196
-0.179882
-0.365566
0.195608
-0.034177
0.087706
0.306763
-0.079531
0.101097
-0.191080
0.323765
-0.011705
0.432667
0.397644
-0.110393
0.127451
0.421963
-0.199354
0.228788
0.398331
0.023507
0.003647
0.245981
0.373566
0.389652
0.294197
-0.024668
-0.314705
0.241016
0.276485
-0.210548
0.109802
0.096608
-0.059491
0.207428
0.162821
-0.488808
0.413803
0.184076
-0.385296
-0.397099
-0.109569
0.218390
0.035568
-0.328945
-0.509804
0.163017
-0.424397
-0.091353
-0.223587
-0.023650
-0.168238
-0.119552
-0.295078
0.205332
0.169706
-0.000883
0.183079
-0.147018
-0.377274
-0.059472
-0.355160
-0.367867
-0.063255
0.202765
-0.162451
0.200350
0.232996
0.250957
0.284039
0.465115
-0.146137
-0.442944
0.166098
-0.108157
-0.154863
0.171289
0.153240
-0.059824
0.079940
-0.070353
-0.083471
-0.088296
0.327507
0.138472
-0.399979
-0.120195
0.135176
-0.216904
-0.164412
0.375309
-0.377159
0.097452
0.009863
-0.342037
0.199820
-0.152586
0.374943
-0.084197
0.098763
0.141960
-0.238901
-0.047373
0.218060
-0.072806
-0.157549
0.161568
0.100899
-0.002294
0.101745
0.281235
-0.072647
0.016254
-0.424080
-0.362946
0.254723
-0.206648
0.134666
-0.225100
0.193470
-0.030138
0.049823
-0.185705
-0.035099
0.057666
-0.010726
-0.352291
0.007884
-0.150393
0.080528
0.005860
-0.008825
-0.057980
0.056861
0.209234
-0.128374
-0.098667
-0.244196
-0.029496
-0.100962
-0.144470
0.251747
-0.173609
0.491608
0.344685
0.081250
0.128922
-0.379368
-0.301491
-0.198587
-0.288311
0.185390
-0.045962
0.143391
0.150291
-0.505318
0.235470
0.313000
0.017174
0.084687
-0.123491
0.023038
0.075862
-0.179060
-0.535095
0.287506
0.209581
-0.116745
0.041294
0.180098
-0.117313
-0.103179
-0.187592
0.324078
-0.228979
-0.357903
0.304939
-0.198431
-0.121886
-0.096941
-0.296627
0.209621
-0.428566
0.272411
-0.264393
0.337116
0.386917
-0.028920
0.135117
-0.112924
-0.461254
0.011627
0.427525
0.134037
-0.167824
-0.007572
-0.095469
-0.475258
0.491077
-0.054178
0.319843
-0.244040
0.460052
-0.482742
-0.020353
0.233099
-0.223234
0.387394
0.133039
-0.345119
-0.226961
0.353424
0.381527
-0.138119
0.111234
-0.397469
0.299000
-0.021275
0.090234
-0.183294
-0.234587
0.248802
0.448151
0.192549
-0.134571
-0.337078
0.182962
-0.131670
-0.192904
0.056626
0.431179
0.026549
0.429996
0.271805
-0.355801
0.410038
-0.112510
-0.064432
0.280018
-0.079864
0.109879
0.051036
-0.243452
-0.028020
-0.087079
-0.031825
0.091525
0.214329
-0.153492
0.182156
0.131433
0.126530
-0.086449
0.478798
-0.195530
0.293983
-0.372883
-0.012568
0.061923
-0.048769
0.046468
-0.124313
-0.024240
-0.042961
-0.369923
0.139002
-0.250336
0.034979
0.074569
0.029685
0.055117
0.282829
-0.017255
-0.188335
0.156820
-0.004333
-0.222176
-0.269062
0.209997
0.140959
-0.086904
0.243061
0.269897
-0.275764
0.204842
-0.444664
0.118603
0.348980
0.160177
0.079743
-0.319607
0.104236
0.055822
0.275986
0.063685
0.203316
-0.202431
0.430374
-0.279118
0.487530
-0.054551
0.293018
0.154957
-0.074216
0.105079
-0.205235
-0.078553
0.500320
0.042722
0.131842
0.026274
-0.044176
-0.142118
-0.222862
0.197079
-0.039688
-0.150509
-0.199312
-0.306099
-0.090726
0.497841
-0.008295
0.115919
-0.061334
-0.349728
-0.337414
0.141588
0.062840
0.092959
-0.037139
-0.064629
0.036000
0.253864
0.090333
0.062171
-0.158079
0.401718
-0.013959
0.344650
-0.172960
-0.499531
-0.246885
0.400272
-0.026646
0.147665
0.082352
-0.066334
-0.003236
0.400055
0.244976
0.004412
0.280491
0.136684
-0.396687
0.217136
-0.113040
-0.219490
0.358723
-0.047785
-0.124122
-0.197449
-0.212807
-0.088119
0.058824
-0.022470
-0.123922
-0.199648
0.278862
-0.139906
-0.472805
-0.413136
-0.022416
-0.102275
-0.111237
-0.149450
0.043372
-0.030902
0.401623
0.040137
-0.248257
0.029192
0.046568
0.030215
-0.351139
0.164881
0.249767
0.153231
-0.052197
0.091077
0.003039
0.440704
0.413052
-0.109766
-0.266842
0.371090
-0.234648
-0.290768
-0.345566
0.044213
0.186741
-0.198549
0.250900
0.061921
-0.202452
-0.479763
0.012865
-0.157059
0.106746
0.314098
0.400097
-0.141510
0.242899
-0.072371
-0.111292
-0.007846
0.094529
0.037686
0.044605
0.042331
0.229546
-0.466961
-0.033982
0.025196
-0.061729
0.215801
-0.122745
0.223059
0.025822
0.148705
0.267273
0.112176
-0.051865
-0.001257
0.075724
-0.352688
0.136393
-0.530846
0.107667
0.142353
0.300266
-0.109648
0.000842
0.026156
-0.180002
-0.110451
0.017921
0.014920
0.027627
0.165335
-0.043139
-0.360237
0.213367
-0.079528
0.280346
0.050861
-0.380749
0.157215
-0.243099
-0.455311
-0.309074
0.026194
0.174273
0.156076
-0.075452
0.350395
0.420799
0.163738
0.436569
0.428074
-0.311317
0.121843
-0.198591
0.306938
-0.369411
0.238821
0.196486
-0.248686
0.151337
-0.292904
-0.185764
0.108196
-0.035334
0.027605
0.028666
-0.372387
0.078467
-0.354103
-0.112371
-0.162607
-0.189587
0.095569
-0.136412
0.084681
-0.267784
-0.113489
0.332668
0.055040
-0.050139
0.151823
-0.036313
0.255959
-0.245762
0.382511
-0.054510
0.004647
0.003921
-0.375038
-0.246059
0.054862
-0.050529
0.185585
0.161037
-0.085865
0.112803
0.189312
0.161570
0.291275
-0.162374
0.048799
0.128664
0.263035
0.041957
-0.007747
0.247335
-0.225821
0.498585
0.062980
-0.070786
-0.070589
-0.304630
-0.104689
0.185375
-0.030962
0.177431
0.130859
0.074079
0.181744
-0.143784
-0.171980
-0.380806
0.425507
0.013606
0.400055
-0.279789
-0.390606
0.070327
0.498810
-0.199724
-0.092433
0.445194
-0.169041
-0.446808
-0.029864
-0.078412
0.315529
-0.153273
-0.197235
-0.138510
-0.324451
0.251213
0.076296
0.186251
-0.080432
-0.471684
-0.251312
-0.564957
0.217787
0.030822
-0.091334
-0.054588
0.165020
0.231369
-0.043002
0.048060
-0.046000
0.183409
0.020018
-0.164608
-0.018336
0.442585
0.383396
0.429646
0.098584
-0.163883
-0.263763
0.414116
-0.417549
