0.494145
0.387259
0.284443
0.300572
0.509443
0.315674
0.582792
0.813902
0.375662
0.733466
0.595223
0.348761
0.553201
0.710752
0.783463
0.136972
0.388071
0.617949
0.192768
0.389776
0.124612
0.389172
0.380008
0.200667
0.255463
0.608564
0.643933
0.503114
0.199855
0.648663
0.651897
0.579553
0.736921
0.636168
0.582255
0.657063
0.653973
0.462471
0.467043
0.325886
0.306910
0.647647
0.262330
0.559938
0.354926
0.457663
0.698082
0.742995
0.661438
0.890851
0.833772
0.788352
0.279576
0.801462
0.690020
0.120420
0.521000
0.744650
0.623981
0.606408
0.503839
0.274259
0.597832
0.539313
0.207851
0.476337
0.192902
0.747376
0.639083
0.547800
0.487435
0.357862
0.306419
0.335592
0.330800
0.664819
0.678807
0.914434
0.403894
0.451945
0.804839
0.350941
0.350823
0.080494
0.448655
0.337094
0.201361
0.381525
0.192717
0.713196
0.687760
0.585585
0.398153
0.281671
0.421596
0.305831
0.461757
0.315498
0.467380
0.511537
0.748851
0.540196
0.871700
0.644125
0.761340
0.199753
0.719643
0.552294
0.110267
0.120063
0.704066
0.211357
0.472176
0.353890
0.291851
0.506211
0.391984
0.495513
0.588011
0.472557
0.204788
0.573196
0.054667
0.303941
0.268313
0.477435
0.609773
0.730070
0.378314
0.662534
0.653479
0.239992
0.788557
0.521259
0.295263
0.661596
0.606564
0.600286
0.324416
0.605859
0.721521
0.731059
0.517043
0.492251
0.081027
0.512196
0.698737
0.473012
0.593537
0.586473
0.647016
0.799499
0.270195
0.587234
0.689266
0.538509
0.175196
0.295118
0.265831
0.555812
0.661399
0.506992
0.796975
0.560483
0.138777
0.388490
0.220459
0.634367
0.401094
0.545321
0.350752
0.418866
0.272459
0.567624
0.496945
0.354659
0.376517
0.608682
0.715526
0.381925
0.191235
0.358620
0.177502
0.461431
0.360027
0.277466
0.589244
0.235051
0.575334
0.855074
0.677588
0.532984
0.473039
0.771262
0.090718
0.499671
0.270278
0.311176
0.545184
0.256752
0.859972
0.481318
0.378196
0.128510
0.461258
0.875141
0.485470
0.725631
0.481075
0.198694
0.103635
0.557861
0.557314
0.283439
0.722596
0.617617
0.446906
0.608090
0.152392
0.723239
0.759863
0.830427
0.366749
0.231282
0.714518
0.459768
0.141651
0.570176
0.657670
0.273388
0.241549
0.628615
0.755153
0.505299
0.644980
0.212490
0.377690
0.128149
0.639122
0.861066
0.326843
0.745059
0.415008
0.884157
0.325922
0.548302
0.801498
0.472654
0.742220
0.539718
0.308722
0.614910
0.780843
0.562196
0.142443
0.491439
0.607346
0.170820
0.474616
0.678463
0.444655
0.301545
0.303156
0.195886
0.808016
0.649137
0.409549
0.596403
0.187984
0.047051
0.453549
0.400380
0.792109
0.570686
0.583537
0.817859
0.705989
0.495561
0.402659
0.746761
0.145804
0.596933
0.659094
0.512027
0.458129
0.501365
0.302019
0.362898
0.672184
0.363635
0.626741
0.702220
0.665181
0.344070
0.309976
0.469721
0.879208
0.304906
0.651506
0.365745
0.351956
0.404055
0.466400
0.440318
0.675741
0.160463
0.255874
0.677981
0.542748
0.546389
0.420819
0.274380
0.554019
0.490612
0.200580
0.598701
0.578530
0.388600
0.549730
0.661858
0.452062
0.286996
0.661502
0.414667
0.631515
0.557306
0.584216
0.509102
0.750067
0.533593
0.574675
0.398721
0.048173
0.337325
0.541169
0.609467
0.501263
0.496870
0.700893
0.629840
0.153784
0.533585
0.906521
0.297106
0.612325
0.103181
0.781360
0.601553
0.492952
0.441615
0.262965
0.830569
0.142059
0.510294
0.356207
0.360126
0.480599
0.526976
0.869226
0.341192
0.471267
0.441153
0.439741
0.521741
0.366608
0.566737
0.543526
0.567698
0.477780
0.240498
0.193615
0.517565
0.661937
0.211835
0.814671
0.385961
0.201015
0.594412
0.573340
0.693969
0.447172
0.836307
0.636682
0.590404
0.459427
0.578271
0.538212
0.825581
0.515944
0.703691
0.277745
0.689787
0.257671
0.603039
0.508953
0.625451
0.583949
0.752306
0.489847
0.647556
0.291357
0.270016
0.575820
0.654741
0.484600
0.390043
0.626082
0.685616
0.280705
0.610121
0.379137
0.428878
0.446427
0.601200
0.606965
0.316553
0.292298
0.555875
0.729134
0.509690
0.370090
0.303129
0.495729
0.514933
0.607168
0.704510
0.725764
0.187643
0.755816
0.211690
0.720753
0.748172
0.484455
0.294953
0.398993
0.854608
0.270376
0.436220
0.537473
0.552255
0.746169
0.616439
0.681408
0.488847
0.516639
0.584623
0.392400
0.808937
0.137023
0.532231
0.614879
0.394969
0.535189
0.224608
0.495282
0.140737
0.815118
0.634494
0.328380
0.568184
0.847358
0.636815
0.426882
0.327890
0.932941
0.711875
0.294196
0.313843
0.258619
0.833972
0.566373
0.592471
0.747110
0.544031
0.193463
0.374274
0.127035
0.588164
0.479463
0.264059
0.820224
0.798089
0.660646
0.353792
0.608079
0.568929
0.495702
0.719447
0.200675
0.409910
0.400459
0.344729
0.458596
0.713342
0.374749
0.502509
0.538043
0.554946
0.401733
0.796662
0.685167
0.265529
0.686557
0.545106
0.697416
0.582149
0.804933
0.826071
0.466564
0.398843
0.500827
0.282866
0.307459
0.749157
0.636660
0.801089
0.315784
0.243333
0.631510
0.516458
0.542271
0.618521
0.446568
0.700694
0.744863
0.232463
0.790885
0.694777
0.676435
0.489317
0.487517
0.472129
0.757149
0.762203
0.129380
0.566710
0.640604
0.636443
0.689031
0.218141
0.445984
0.889686
0.501008
0.338824
0.636540
0.137667
0.136439
0.837878
0.266553
0.654675
0.464863
0.508651
0.686196
0.914180
0.507897
0.542031
0.732022
0.295309
0.822188
0.518984
0.485627
0.307404
0.405286
0.653475
0.180133
0.420219
0.516435
0.707463
0.353360
0.315992
0.625432
0.500344
0.794980
0.426611
0.424996
0.727773
0.564278
0.448161
0.678477
0.416212
0.215663
0.139420
0.224588
0.901858
0.049678
0.432314
0.439969
0.784003
0.614348
0.259855
0.600410
0.510674
0.567258
0.891697
0.752277
0.635247
0.424746
0.380412
0.453235
0.477933
0.284534
0.378839
0.566408
0.375764
0.505279
0.288827
0.803365
0.654938
0.739289
0.592368
0.367400
0.251204
0.734090
0.591988
0.263588
0.784216
0.321726
0.589556
0.565471
0.936522
0.849411
0.464882
0.560023
0.412749
0.467106
0.308380
0.345420
0.477231
0.574791
0.386337
0.543294
0.860498
0.765176
0.521572
0.346788
0.266533
0.695953
0.149706
0.807024
0.431321
0.441902
0.471847
0.682527
0.473415
0.765964
0.531494
0.845313
0.384388
0.231576
0.407310
0.433737
0.192686
0.572020
0.579141
0.493290
0.452125
0.774693
0.538537
0.514737
0.460011
0.337192
0.469902
0.619062
0.687750
0.576855
0.666850
0.655729
0.571360
0.702109
0.759004
0.113208
0.557012
0.344125
0.798035
0.615807
0.107341
0.626227
0.573267
0.191557
0.860106
0.393577
0.512019
0.349490
0.852322
0.676988
0.543780
0.300525
0.562207
-0.042490
0.151094
0.099353
0.120369
-0.200573
-0.103102
-0.113176
0.080027
0.245451
-0.229710
-0.036220
0.160376
-0.221984
-0.052518
-0.358521
0.050345
0.002031
0.020144
0.053765
-0.191698
0.012008
0.045965
0.274345
-0.015694
0.250655
-0.274455
-0.284184
0.041867
0.287627
-0.251682
-0.123937
-0.192572
0.046412
0.122992
0.074239
0.135972
0.166333
-0.187090
0.216000
0.264207
0.022620
-0.110353
0.133317
-0.051788
-0.161161
0.064353
-0.002020
-0.159129
-0.203925
0.051745
-0.203828
-0.193051
0.096000
-0.220749
-0.061745
0.056522
-0.055784
-0.055796
0.100098
-0.205867
0.130231
-0.024973
-0.108883
0.027933
-0.050133
-0.182220
0.165616
-0.321510
-0.220024
-0.057227
0.231121
0.092153
0.271840
0.076016
0.329364
0.108969
-0.297341
-0.110365
-0.050161
-0.064133
-0.060330
0.184298
0.180525
0.035671
-0.184028
-0.028796
0.093902
0.049745
0.354827
-0.244843
-0.008545
0.045639
0.020318
-0.117427
-0.072294
0.117761
-0.152071
0.240321
0.084674
-0.081961
-0.254616
0.025663
0.009059
-0.274620
-0.336031
0.337847
0.124482
-0.194529
0.227482
0.076031
-0.111087
0.019576
0.259753
-0.077561
0.055247
-0.214408
0.040643
0.148015
-0.015377
-0.043373
-0.096828
-0.172074
0.003976
0.070490
0.001208
-0.068895
0.188251
-0.150863
-0.118706
-0.017208
0.056733
0.063255
-0.279969
0.065792
0.080478
-0.178867
-0.034071
-0.085172
0.064314
-0.246008
-0.009718
0.101380
-0.078855
0.101326
0.023820
0.122259
0.036204
0.064462
-0.018149
-0.128459
0.169800
-0.115553
0.137176
-0.263933
-0.333487
0.138384
0.104882
-0.145236
-0.013055
-0.014957
-0.014867
-0.247588
0.047721
0.142874
0.255913
-0.019376
-0.037126
-0.217576
0.186717
0.028898
-0.025875
0.029423
0.130278
0.042847
-0.157675
0.153521
0.019239
0.167529
-0.220859
0.290647
0.039071
-0.051059
0.175094
0.176247
-0.026569
0.131741
0.024498
0.225890
-0.012918
0.011443
-0.227353
-0.175361
0.203274
-0.325498
-0.033063
0.020345
0.092835
-0.070188
0.094612
-0.010580
-0.043000
-0.221396
0.166996
0.087278
0.112717
0.009321
0.239666
-0.306887
0.176274
0.019941
-0.016239
-0.222365
-0.031118
0.157721
0.099749
0.091600
-0.146538
-0.023330
0.168204
-0.012455
-0.157753
-0.057440
0.249894
0.044388
0.053639
0.215698
0.354867
-0.143659
-0.292777
0.158768
0.135894
0.103643
-0.060918
-0.134820
-0.247922
0.051800
-0.126075
-0.007122
-0.108086
0.049066
0.012820
-0.125459
-0.173298
-0.018298
-0.115890
0.216584
-0.075984
-0.114851
-0.095169
-0.196204
0.309271
0.183655
0.036490
0.120878
0.080467
0.090129
0.046443
-0.002953
0.235471
0.044376
0.157526
0.081231
0.148019
0.096608
-0.054164
0.047098
0.147831
0.109894
0.330110
0.038612
0.158961
-0.094780
-0.086847
0.132106
-0.260079
-0.055161
0.059690
0.101647
0.268831
-0.184189
0.343153
0.140392
-0.148687
0.089510
0.114270
0.079357
0.030929
0.012561
0.076404
-0.022600
-0.233196
-0.056204
0.058631
0.203247
0.329961
0.006176
-0.185655
0.187659
-0.174063
-0.004255
0.226270
-0.162102
0.050251
-0.008153
0.117004
0.227882
-0.062180
0.029118
-0.108757
-0.232192
-0.155071
-0.054027
0.198333
-0.013624
0.323905
0.021894
-0.224977
-0.081165
-0.255102
0.143270
0.043812
-0.050588
-0.061087
-0.045710
0.154368
-0.019549
0.108043
-0.032420
-0.270733
-0.212463
0.110902
-0.190330
0.063145
0.013576
-0.052039
-0.257561
0.239749
0.033357
0.062266
-0.157432
0.238874
0.196753
-0.212592
0.147074
-0.106428
0.111314
-0.268742
-0.041271
0.029572
-0.086134
0.100290
-0.364326
0.153988
-0.249220
0.029384
0.017647
0.020231
-0.153282
-0.014773
0.187208
-0.075612
0.095553
0.144455
-0.013600
-0.180428
-0.196008
0.020106
0.206898
0.125772
0.082373
0.049467
-0.071353
-0.159718
0.274008
0.075722
0.170988
-0.050678
-0.194153
-0.158706
-0.021106
0.011557
-0.058416
0.053412
0.164968
0.128941
-0.207337
-0.108651
-0.288538
-0.070487
-0.271000
0.338090
0.002055
0.261129
0.044835
-0.159698
0.080125
0.137251
0.007984
0.141157
-0.025400
-0.058353
-0.100086
0.193380
-0.069361
0.174498
0.267392
-0.188506
0.123819
-0.074337
-0.057078
0.101004
0.084220
-0.115494
-0.135718
-0.042079
0.303580
0.093521
0.139404
-0.273957
0.171745
0.306114
-0.083443
0.026223
0.130666
0.108392
0.014102
-0.079342
0.247353
-0.124914
0.061815
-0.215757
-0.036267
-0.037694
-0.023510
-0.105627
-0.300906
-0.046251
-0.002290
-0.177663
-0.121165
0.088207
0.070918
0.112341
-0.174863
-0.211800
-0.077314
-0.160282
-0.118279
0.063800
-0.144106
-0.094110
-0.068929
-0.079973
0.368114
-0.228396
0.027286
-0.053784
-0.017028
0.274639
-0.179274
0.044212
-0.232384
0.222168
0.006518
-0.256471
-0.319459
0.142745
0.134988
0.115961
-0.036051
0.163110
-0.087098
-0.111000
0.127874
0.176882
0.114910
0.049427
0.015467
-0.150945
0.113227
0.018937
-0.097478
0.045431
-0.062169
-0.019498
0.106035
-0.035459
-0.220859
0.088431
-0.049243
0.036443
-0.013224
0.007929
-0.177388
0.139737
0.190878
-0.060271
-0.153517
0.035733
0.055690
-0.337145
0.050690
-0.179561
-0.011569
-0.260279
0.143765
-0.334369
-0.209718
0.011655
-0.047604
0.193643
0.030592
0.292627
-0.052192
-0.031576
-0.164580
0.054976
0.372385
0.053980
0.143408
-0.116278
-0.200286
-0.159949
0.039227
-0.088675
0.271631
-0.061161
0.140612
-0.321306
-0.171294
0.196302
-0.220742
-0.121737
-0.272816
0.206533
0.056827
-0.276628
0.018607
-0.300467
0.174447
0.261137
0.040752
0.205039
0.263632
-0.010306
0.173463
0.100761
-0.393040
0.108137
-0.283545
0.188078
0.139436
-0.194832
0.028706
0.029953
0.155914
0.010204
-0.029498
0.006392
0.126608
-0.053792
0.203827
0.194290
0.114604
0.368721
-0.036887
0.023855
-0.346192
-0.164145
0.161098
-0.024168
0.243992
-0.088283
0.033294
0.219200
-0.246165
0.206756
-0.118325
-0.202628
0.024761
0.034706
-0.014549
0.014910
-0.160125
0.014157
0.192439
-0.004212
0.023227
-0.275345
0.003314
0.001682
-0.039004
0.207141
-0.240028
-0.213957
0.137020
0.159663
0.247031
0.228537
0.143094
0.118573
0.056792
0.097529
-0.117286
0.237663
0.168576
-0.215874
0.154286
0.049117
0.019207
0.031470
-0.063753
0.003525
0.046380
0.213831
0.019392
0.090666
-0.226380
0.042043
-0.182969
-0.223067
-0.103275
0.214604
-0.015926
0.094407
0.000647
-0.027059
-0.036063
-0.188321
-0.089788
-0.182526
-0.070325
-0.032996
0.204561
0.250098
0.204667
-0.064573
0.032514
-0.078757
-0.015455
0.199298
-0.195439
-0.079208
0.054671
-0.002616
-0.155510
-0.217204
-0.057816
0.055820
-0.173451
0.195792
0.269886
-0.129149
0.120262
-0.184882
0.254259
-0.315667
-0.064365
-0.071937
-0.066278
0.137114
0.035094
-0.285314
-0.186016
-0.050478
0.111784
0.167361
-0.263762
-0.293412
-0.058972
0.158494
0.194886
0.183874
0.078152
-0.040577
0.180682
-0.223223
0.181063
0.270442
-0.168537
0.296612
0.027949
-0.044518
-0.270824
-0.140212
-0.082400
-0.016565
-0.018169
-0.079157
0.341470
0.111706
0.131960
-0.168274
0.600372
-0.256706
0.097901
-0.188510
0.061804
0.117725
0.282353
0.347254
0.240000
0.093627
0.120667
0.086157
0.125313
0.119882
0.511274
-0.016432
0.456764
0.461373
0.309059
0.181863
-0.224275
-0.406687
-0.100785
0.000137
-0.022059
0.119608
0.021372
-0.295588
-0.386098
-0.466098
0.053156
-0.405157
-0.102980
0.151059
0.023745
-0.141961
-0.248235
-0.212941
-0.412118
-0.008628
0.400117
-0.289040
0.077529
0.008019
-0.169157
-0.026196
-0.010432
0.288000
-0.083863
-0.316373
-0.047157
-0.408922
-0.206040
-0.148334
-0.308393
-0.328490
-0.030745
0.232412
-0.008686
0.202980
0.383725
0.044078
-0.101784
-0.337059
0.293509
0.439372
0.040412
-0.055510
-0.290981
0.143294
-0.063745
0.209529
-0.045353
0.013784
0.119568
-0.214118
-0.115216
0.008745
0.073882
0.418333
0.309784
0.026333
0.528843
0.002961
-0.023628
-0.396961
-0.224745
0.462646
-0.164549
0.383588
0.048215
-0.398236
-0.187333
0.463843
-0.218275
0.206568
0.386196
-0.179883
-0.365569
0.195607
-0.034177
0.087705
0.306764
-0.079530
0.101098
-0.191079
0.323764
-0.011706
0.432666
0.397647
-0.110392
0.127451
0.421961
-0.199353
0.228784
0.398333
0.023510
0.003647
0.245980
0.373568
0.389647
0.294195
-0.024667
-0.314706
0.241019
0.276490
-0.210549
0.109803
0.096608
-0.059490
0.207431
0.162823
-0.488804
0.413804
0.184078
-0.385294
-0.397099
-0.109569
0.218392
0.035569
-0.328941
-0.509804
0.163019
-0.424393
-0.091353
-0.223589
-0.023648
-0.168235
-0.119549
-0.295079
0.205333
0.169706
-0.000882
0.183078
-0.147020
-0.377275
-0.059471
-0.355157
-0.367864
-0.063255
0.202764
-0.162451
0.200353
0.233000
0.250960
0.284039
0.465117
-0.146137
-0.442942
0.166098
-0.108157
-0.154863
0.171293
0.153235
-0.059824
0.079941
-0.070353
-0.083471
-0.088295
0.327509
0.138470
-0.399981
-0.120196
0.135176
-0.216903
-0.164412
0.375314
-0.377157
0.097451
0.009863
-0.342040
0.199823
-0.152588
0.374941
-0.084196
0.098764
0.141961
-0.238902
-0.047373
0.218058
-0.072805
-0.157549
0.161568
0.100902
-0.002294
0.101745
0.281236
-0.072648
0.016255
-0.424078
-0.362941
0.254725
-0.206647
0.134666
-0.225099
0.193470
-0.030138
0.049823
-0.185706
-0.035099
0.057666
-0.010726
-0.352294
0.007882
-0.150392
0.080529
0.005862
-0.008824
-0.057980
0.056862
0.209235
-0.128373
-0.098667
-0.244196
-0.029491
-0.100961
-0.144471
0.251745
-0.173608
0.491608
0.344686
0.081254
0.128921
-0.379374
-0.301490
-0.198588
-0.288314
0.185392
-0.045961
0.143392
0.150294
-0.505314
0.235471
0.312999
0.017176
0.084686
-0.123490
0.023039
0.075863
-0.179060
-0.535099
0.287510
0.209588
-0.116745
0.041294
0.180097
-0.117314
-0.103177
-0.187588
0.324078
-0.228981
-0.357902
0.304941
-0.198431
-0.121883
-0.096941
-0.296628
0.209627
-0.428569
0.272412
-0.264392
0.337118
0.386921
-0.028922
0.135118
-0.112922
-0.461256
0.011627
0.427528
0.134039
-0.167824
-0.007569
-0.095471
-0.475255
0.491078
-0.054177
0.319843
-0.244039
0.460059
-0.482746
-0.020353
0.233098
-0.223236
0.387393
0.133039
-0.345118
-0.226961
0.353431
0.381528
-0.138118
0.111235
-0.397471
0.299000
-0.021275
0.090235
-0.183294
-0.234588
0.248803
0.448156
0.192548
-0.134569
-0.337079
0.182961
-0.131667
-0.192902
0.056627
0.431176
0.026549
0.430000
0.271803
-0.355804
0.410039
-0.112510
-0.064432
0.280019
-0.079863
0.109882
0.051039
-0.243451
-0.028020
-0.087078
-0.031824
0.091529
0.214333
-0.153490
0.182156
0.131431
0.126529
-0.086451
0.478803
-0.195529
0.293980
-0.372883
-0.012569
0.061921
-0.048765
0.046470
-0.124314
-0.024236
-0.042961
-0.369922
0.138999
-0.250334
0.034980
0.074568
0.029686
0.055117
0.282824
-0.017255
-0.188334
0.156823
-0.004333
-0.222177
-0.269059
0.209999
0.140960
-0.086902
0.243058
0.269902
-0.275765
0.204843
-0.444667
0.118608
0.348980
0.160176
0.079745
-0.319608
0.104235
0.055823
0.275980
0.063686
0.203314
-0.202432
0.430372
-0.279119
0.487528
-0.054549
0.293019
0.154960
-0.074216
0.105078
-0.205236
-0.078550
0.500313
0.042725
0.131843
0.026274
-0.044177
-0.142118
-0.222863
0.197078
-0.039686
-0.150510
-0.199315
-0.306098
-0.090726
0.497843
-0.008294
0.115921
-0.061334
-0.349726
-0.337412
0.141588
0.062842
0.092961
-0.037137
-0.064628
0.036000
0.253863
0.090333
0.062176
-0.158079
0.401725
-0.013961
0.344646
-0.172961
-0.499530
-0.246883
0.400273
-0.026647
0.147666
0.082353
-0.066334
-0.003235
0.400059
0.244980
0.004412
0.280490
0.136686
-0.396687
0.217137
-0.113039
-0.219491
0.358726
-0.047785
-0.124118
-0.197452
-0.212804
-0.088118
0.058823
-0.022471
-0.123922
-0.199647
0.278862
-0.139903
-0.472804
-0.413137
-0.022412
-0.102274
-0.111235
-0.149451
0.043372
-0.030902
0.401627
0.040137
-0.248255
0.029195
0.046568
0.030215
-0.351138
0.164882
0.249765
0.153235
-0.052196
0.091078
0.003039
0.440705
0.413059
-0.109765
-0.266843
0.371098
-0.234647
-0.290765
-0.345569
0.044215
0.186745
-0.198549
0.250902
0.061921
-0.202452
-0.479765
0.012862
-0.157060
0.106745
0.314098
0.400098
-0.141510
0.242902
-0.072373
-0.111295
-0.007844
0.094529
0.037686
0.044607
0.042333
0.229549
-0.466961
-0.033981
0.025196
-0.061726
0.215804
-0.122746
0.223058
0.025823
0.148705
0.267274
0.112176
-0.051863
-0.001255
0.075725
-0.352687
0.136392
-0.530843
0.107666
0.142353
0.300274
-0.109648
0.000843
0.026157
-0.180000
-0.110451
0.017921
0.014921
0.027627
0.165333
-0.043138
-0.360236
0.213372
-0.079530
0.280353
0.050862
-0.380745
0.157215
-0.243098
-0.455314
-0.309078
0.026196
0.174274
0.156078
-0.075451
0.350391
0.420804
0.163745
0.436568
0.428078
-0.311314
0.121843
-0.198589
0.306941
-0.369411
0.238823
0.196490
-0.248687
0.151332
-0.292902
-0.185765
0.108196
-0.035333
0.027607
0.028667
-0.372393
0.078471
-0.354098
-0.112373
-0.162608
-0.189589
0.095568
-0.136412
0.084686
-0.267785
-0.113491
0.332666
0.055039
-0.050138
0.151823
-0.036314
0.255960
-0.245765
0.382510
-0.054510
0.004647
0.003921
-0.375039
-0.246059
0.054863
-0.050530
0.185588
0.161038
-0.085863
0.112804
0.189313
0.161568
0.291274
-0.162373
0.048804
0.128666
0.263039
0.041960
-0.007745
0.247333
-0.225824
0.498588
0.062980
-0.070784
-0.070588
-0.304628
-0.104687
0.185372
-0.030961
0.177431
0.130862
0.074078
0.181745
-0.143785
-0.171981
-0.380805
0.425510
0.013607
0.400058
-0.279785
-0.390608
0.070333
0.498803
-0.199726
-0.092432
0.445196
-0.169039
-0.446805
-0.029863
-0.078412
0.315529
-0.153275
-0.197236
-0.138510
-0.324451
0.251215
0.076294
0.186255
-0.080432
-0.471686
-0.251314
-0.564961
0.217783
0.030823
-0.091334
-0.054588
0.165019
0.231372
-0.043000
0.048058
-0.046000
0.183411
0.020020
-0.164608
-0.018334
0.442588
0.383392
0.429647
0.098588
-0.163882
-0.263765
0.414117
-0.417550
