0.660913
0.369369
0.661644
0.697519
0.364201
0.620159
0.397882
0.667303
0.548939
0.698633
0.534670
0.485035
0.522066
0.583870
0.514923
0.491397
0.359713
0.513418
0.446792
0.423618
0.283416
0.833136
0.590279
0.614893
0.513636
0.389694
0.260914
0.388909
0.653702
0.477953
0.703663
0.613615
0.433874
0.476278
0.421659
0.798073
0.206964
0.706713
0.578205
0.758207
0.401423
0.223400
0.353768
0.623318
0.392651
0.755415
0.414440
0.752813
0.379808
0.861677
0.877432
0.548777
0.692066
0.466089
0.161369
0.316674
0.441165
0.422283
0.591139
0.393419
0.487918
0.405325
0.418906
0.332491
0.770630
0.726564
0.243839
0.273848
0.429358
0.707594
0.329478
0.242651
0.516823
0.268627
0.279415
0.321344
0.435189
0.693855
0.773985
0.401549
0.552784
0.649797
0.538008
0.355823
0.412137
0.699375
0.560354
0.854473
0.234933
0.562187
0.358867
0.609577
0.855370
0.477600
0.353211
0.736971
0.201416
0.183603
0.308244
0.630774
0.891199
0.340299
0.876173
0.519720
0.608925
0.152839
0.727066
0.747416
0.432076
0.613878
0.734344
0.281556
0.561544
0.683498
0.522934
0.673510
0.496874
0.493983
0.524509
0.617359
0.758301
0.297549
0.337910
0.610922
0.660700
0.577847
0.758593
0.864866
0.463581
0.767111
0.793062
0.465306
0.692789
0.665314
0.284027
0.415714
0.818151
0.121620
0.748957
0.548098
0.622223
0.593828
0.415035
0.480020
0.390154
0.051969
0.150054
0.773027
0.245780
0.678040
0.387640
0.301505
0.675415
0.725550
0.612255
0.632368
0.299474
0.367373
0.494486
0.173753
0.248483
0.400824
0.528532
0.641098
0.176663
0.698112
0.642193
0.884291
0.706459
0.801846
0.428468
0.741682
0.394502
0.545631
0.218227
0.671381
0.597599
0.370584
0.855104
0.255251
0.159149
0.239271
0.144439
0.720118
0.376691
0.167392
0.464184
0.261992
0.537067
0.257670
0.439219
0.671101
0.358322
0.853306
0.309451
0.420538
0.661945
0.365090
0.601078
0.478930
0.464360
0.617228
0.217137
0.558689
0.574730
0.437667
0.641214
0.468580
0.509251
0.493573
0.309213
0.553953
0.732843
0.453650
0.385769
0.695360
0.623791
0.735504
0.371526
0.747412
0.878731
0.696299
0.529486
0.347576
0.660576
0.249635
0.656416
0.433046
0.501451
0.254745
0.324293
0.668388
0.872421
0.429286
0.637775
0.443227
0.567953
0.278545
0.498808
0.487902
0.068816
0.810322
0.627235
0.803963
0.561844
0.423701
0.911190
0.771015
0.155286
0.278796
0.628952
0.147290
0.386239
0.570309
0.380419
0.746643
0.408074
0.334259
0.475941
0.320224
0.591751
0.387918
0.688440
0.460251
0.229075
0.326216
0.317651
0.797028
0.490314
0.516287
0.281008
0.559128
0.623308
0.608070
0.774237
0.297977
0.618324
0.683805
0.066243
0.774057
0.548429
0.697498
0.808075
0.636799
0.564507
0.301322
0.679693
0.384451
0.521580
0.269635
0.292356
0.223859
0.658001
0.278666
0.687584
0.586903
0.490436
0.590616
0.380455
0.391447
0.403600
0.661465
0.653154
0.325459
0.267232
0.423468
0.324435
0.296254
0.404698
0.276230
0.066392
0.065957
0.384429
0.876770
0.703930
0.537788
0.175788
0.679874
0.622068
0.697369
0.649786
0.500252
0.810255
0.719654
0.781221
0.493917
0.302636
0.382179
0.495232
0.684263
0.475757
0.784382
0.342251
0.425160
0.809671
0.609482
0.735353
0.719486
0.791290
0.842628
0.108545
0.747156
0.908583
0.079973
0.734451
0.609037
0.617760
0.795792
0.700785
0.353102
0.490412
0.649120
0.264051
0.411192
0.364855
0.631823
0.790661
0.371240
0.427004
0.396867
0.351752
0.489314
0.179632
0.581860
0.500301
0.689575
0.488766
0.346180
0.823236
0.393329
0.299333
0.228478
0.551184
0.205616
0.308451
0.282887
0.110906
0.628342
0.664505
0.699545
0.277694
0.565615
0.460811
0.428471
0.564938
0.525494
0.173121
0.766296
0.782284
0.485678
0.750849
0.722168
0.675268
0.341622
0.715899
0.587439
0.328623
0.201188
0.819172
0.147937
-0.140035
-0.116075
-0.306364
-0.021023
-0.030639
-0.210553
0.153482
-0.152722
-0.264439
-0.035007
-0.237996
-0.173043
-0.231745
-0.150231
-0.073847
0.153757
0.122138
0.007922
0.011686
-0.042388
0.271557
-0.193843
-0.143753
-0.001553
0.005823
0.259811
-0.099470
0.101953
0.145240
0.218345
-0.045208
-0.141796
-0.188439
0.087847
0.274891
-0.219078
0.315004
-0.008203
0.064777
0.049431
-0.043211
0.264490
0.314098
-0.127381
-0.175875
-0.198034
-0.122910
-0.052028
0.249306
-0.109514
0.052585
0.083153
-0.303933
-0.092302
0.082734
0.141310
-0.122623
-0.016737
-0.194446
-0.126093
-0.089658
0.198054
0.021667
0.012036
-0.153517
-0.139443
0.231243
0.013910
-0.147647
-0.141689
-0.084811
0.098698
-0.165623
-0.060847
0.262027
-0.051941
0.032961
0.139118
0.043608
-0.008443
0.029027
0.095059
-0.216556
0.164515
-0.144820
-0.133823
-0.133019
-0.268019
0.287726
-0.037333
0.045306
-0.240220
-0.278121
0.214549
0.063658
0.007781
0.074529
0.004192
-0.126463
-0.073118
-0.137498
-0.063122
0.026157
0.134012
-0.123969
0.287608
-0.353929
0.054859
0.136592
0.126255
-0.243718
0.019753
0.074871
-0.168431
-0.253443
0.077627
0.133746
-0.096329
-0.188682
-0.016240
0.012781
0.145047
0.182961
-0.265917
-0.078113
-0.191666
0.031997
-0.003008
-0.041031
0.054821
-0.224278
0.259180
-0.298434
-0.198122
0.246192
0.013596
0.089487
0.329973
-0.219968
0.079636
0.017942
-0.025976
-0.190745
-0.054765
0.242168
-0.008188
0.024573
-0.060086
0.043059
-0.165819
-0.076902
-0.092314
0.126805
0.106059
-0.210655
-0.098886
-0.085608
-0.176950
-0.102470
0.163494
0.313870
0.111538
-0.015035
0.163011
0.351125
-0.206553
-0.113525
0.002902
-0.314866
-0.043359
0.082537
-0.007925
-0.068761
0.038235
-0.060980
-0.264878
0.030047
-0.037541
-0.034832
0.362662
0.234349
-0.110023
-0.020918
-0.076557
0.285593
0.058561
0.261690
-0.088439
-0.119522
0.012219
0.073345
-0.243361
0.271333
-0.379399
-0.080925
0.184750
-0.148242
0.096259
0.040074
-0.025400
-0.095255
-0.168654
-0.031616
-0.016439
0.159138
-0.093729
0.010526
0.041608
0.015729
-0.024882
0.114137
-0.187630
-0.134906
0.093220
0.172945
-0.137737
0.152357
-0.003074
0.062247
-0.257874
-0.428564
-0.302116
-0.061816
0.280478
-0.242097
0.147392
0.028094
0.047369
-0.194635
0.067592
0.313235
-0.141737
-0.099353
-0.157223
0.131958
0.059784
-0.103952
0.140772
-0.187608
0.201910
-0.029976
-0.074604
-0.275854
-0.166015
-0.127827
0.187223
-0.014196
-0.265602
0.184149
0.048051
-0.085768
0.193871
0.037777
0.141973
0.036639
-0.056744
-0.000192
-0.083420
-0.156953
0.095306
-0.015250
-0.134984
0.101145
-0.114604
-0.002651
0.233103
0.233604
-0.106603
-0.063835
0.193573
0.095306
-0.093812
-0.026898
-0.032972
0.032016
0.281851
-0.136459
0.016687
0.015671
0.049401
-0.223686
-0.071231
-0.195015
-0.039467
-0.075125
0.278200
-0.243787
0.214240
-0.241220
0.035259
0.018278
0.181239
-0.098015
-0.027019
0.064926
0.046910
-0.231627
0.008397
-0.057984
-0.005329
0.056103
0.037322
0.049012
-0.119506
0.005483
0.081028
0.309345
0.159157
-0.050439
-0.112694
0.208557
0.162451
0.106208
0.012408
0.122408
-0.260759
0.291741
-0.268957
0.101055
0.050523
-0.084411
-0.169090
-0.207659
0.107129
-0.197243
-0.142733
0.154039
0.008840
0.155796
0.095479
0.149953
-0.225812
0.134510
0.051388
-0.197741
0.139992
-0.305870
-0.178528
-0.138561
-0.208157
0.145353
-0.367713
-0.045705
-0.037439
0.082405
0.078412
-0.298199
-0.063565
0.099013
0.241141
-0.013619
-0.134110
0.362185
0.216432
-0.026980
-0.125769
-0.364011
0.274636
0.172071
0.231204
0.222537
0.031314
0.004259
-0.081795
-0.205721
-0.044195
-0.089957
-0.073882
0.065699
0.209769
0.155670
0.065184
0.132188
0.111098
0.027745
0.214016
0.041933
-0.124012
-0.137972
-0.297897
-0.030447
0.138542
0.006835
-0.106549
0.065416
0.127432
0.204258
-0.008464
-0.035643
-0.061380
-0.068525
-0.102663
0.119220
0.227576
0.105098
0.203055
0.035228
0.016851
-0.308537
0.100925
-0.225470
0.357158
-0.219235
-0.216294
-0.040843
0.333235
-0.094471
0.226511
-0.340549
0.092372
0.170843
0.162785
0.374569
0.351313
0.329235
-0.190274
0.111039
0.217020
-0.102980
0.481589
-0.155746
0.067256
0.276882
-0.054352
-0.044647
-0.032235
-0.070647
-0.000588
-0.398038
0.127725
0.074196
-0.008509
-0.029726
-0.245823
-0.325195
-0.070568
-0.012980
-0.317254
0.053530
-0.355547
-0.224882
0.123980
-0.293157
-0.467725
-0.041725
0.138883
-0.040196
0.068921
0.255118
-0.143568
-0.064490
0.199765
-0.073901
0.210372
0.147431
-0.219334
-0.338882
0.076784
-0.119528
-0.121529
-0.314529
-0.145725
0.389391
0.172764
-0.290764
0.164196
-0.000608
0.313666
-0.153059
0.153315
0.577942
0.141490
-0.240117
-0.232234
0.188372
0.237588
0.423275
0.148176
-0.310902
0.163785
0.007020
-0.377412
-0.155490
-0.167666
0.450374
-0.008058
-0.288626
0.113901
-0.034078
0.108863
-0.108411
-0.245803
0.061511
-0.336432
0.443588
-0.330039
-0.169823
-0.071628
0.603453
-0.322882
0.081686
0.561569
-0.183803
-0.256411
0.329332
0.006980
0.081178
0.135588
-0.361862
-0.332136
-0.217647
0.262177
-0.090117
0.143490
0.194902
-0.257155
0.035432
0.423293
-0.143647
0.101745
-0.087274
0.265353
-0.244843
-0.023352
0.029314
0.301548
0.163627
-0.142921
-0.389509
0.149274
0.154020
-0.408216
0.193824
-0.029784
-0.049627
0.423157
-0.022804
-0.068843
0.041333
0.234764
-0.298176
-0.276705
-0.020078
0.229117
-0.235627
0.074823
-0.028431
-0.100195
-0.119294
-0.171685
0.003961
0.413256
-0.523745
-0.240882
-0.227509
0.122981
0.060667
-0.064274
-0.017529
0.188177
-0.015000
0.033686
-0.119646
-0.438588
-0.096490
-0.068882
-0.532452
-0.018902
-0.034921
0.025902
0.215863
0.181903
-0.253215
-0.423646
0.410628
-0.386037
-0.348824
0.380176
0.030785
0.051314
0.108098
0.034353
-0.054470
-0.315253
0.312902
0.235038
-0.290255
-0.143843
0.168745
0.307216
0.044726
0.254137
-0.276509
0.025471
-0.182039
-0.272608
-0.143804
-0.199882
0.325903
-0.279118
0.445844
0.022725
-0.097608
-0.424784
0.118510
0.311000
-0.294195
0.387098
0.076177
-0.261000
-0.078608
0.284666
-0.226646
-0.133078
-0.128568
-0.431156
0.099549
-0.318431
-0.057588
-0.246313
0.089176
0.087530
-0.092961
-0.287725
0.012216
0.242019
-0.462353
-0.231979
0.144942
-0.134039
0.007941
-0.029039
-0.111706
0.008706
0.063196
0.006803
-0.295294
-0.230608
-0.121098
0.297903
0.125412
-0.201725
0.065549
-0.103255
0.284627
0.454000
-0.014981
-0.132843
0.135569
-0.072568
-0.479548
0.121941
0.531588
-0.053078
-0.065392
-0.073607
-0.330490
0.092078
0.311823
0.331470
-0.044373
-0.199274
-0.314980
-0.156078
0.328863
-0.251783
0.368137
0.033570
-0.382000
-0.370372
0.331470
-0.256588
0.044922
-0.220392
0.156784
0.227138
-0.280999
0.139785
0.096706
-0.145824
-0.450195
-0.384863
0.078922
-0.538040
0.179079
-0.088882
0.005765
0.368019
0.103196
0.217588
0.180451
-0.041569
0.017922
0.484902
-0.197254
-0.270626
0.333509
-0.346137
-0.237450
0.468531
-0.099490
0.094020
-0.407882
0.560823
-0.124352
-0.251098
0.172961
0.111666
0.508507
0.370059
-0.034157
-0.044098
0.502218
0.042747
-0.579725
0.164667
-0.044118
0.043451
-0.084725
0.059079
-0.356764
-0.421686
0.118294
0.180589
0.061197
-0.078960
-0.090039
0.294314
0.091922
-0.325078
0.143412
0.092824
-0.231450
0.352942
0.036236
-0.355803
0.204647
-0.307824
-0.143745
0.093334
-0.040176
-0.077509
0.049236
-0.052961
-0.135156
-0.530882
0.111706
-0.078882
0.032000
-0.075823
-0.017391
0.290627
0.019510
0.000510
0.471214
-0.433902
0.021941
-0.236235
0.375411
0.013079
0.056098
0.004216
0.103883
-0.076980
-0.160254
-0.477686
0.187039
-0.056000
-0.268097
-0.059510
-0.063058
0.308745
0.379999
-0.011804
0.255784
0.247255
0.074725
-0.251941
-0.349040
0.205099
0.289646
0.150589
0.397352
0.411961
-0.368334
0.251157
-0.124353
0.170627
0.115314
0.351451
-0.335333
-0.348020
-0.262136
0.285176
0.094432
0.097039
0.427314
0.281077
0.141432
0.159216
