0.690599
0.786386
0.575491
0.732332
0.738171
0.403223
0.629251
0.894024
0.331250
0.570795
0.611633
0.496592
0.325353
0.719179
0.754534
0.387848
0.291760
0.898903
0.436004
0.633266
0.371890
0.496195
0.683704
0.351282
0.480588
0.578075
0.649626
0.248483
0.582960
0.391859
0.533119
0.569813
0.289942
0.219133
0.414972
0.324365
0.210486
0.456541
0.803768
0.427290
0.615019
0.413781
0.624157
0.640200
0.243486
0.790560
0.325470
0.535694
0.685539
0.649330
0.755512
0.354130
0.257223
0.435298
0.408713
0.323639
0.601055
0.354591
0.572123
0.480714
0.331831
0.101318
0.464698
0.507326
0.324373
0.765671
0.531963
0.420411
0.218289
0.631985
0.848873
0.245181
0.156737
0.583557
0.770933
0.289250
0.670368
0.509403
0.410325
0.353607
0.859734
0.278666
0.407564
0.113035
0.599964
0.701832
0.438977
0.612888
0.166949
0.421796
0.206432
0.385506
0.525862
0.256956
0.892832
0.435616
0.134326
0.422047
0.857201
0.352615
0.467479
0.702154
0.485650
0.325215
0.696854
0.368281
0.614466
0.364475
0.463067
0.727369
0.417910
0.619053
0.303459
0.711027
0.734386
0.488803
0.526859
0.584509
0.804268
0.579361
0.591686
0.308125
0.077694
0.704102
0.450636
0.382843
0.435967
0.584959
0.392573
0.289247
0.824301
0.559879
0.691675
0.420478
0.181345
0.385779
0.791061
0.383942
0.450082
0.551552
0.408732
0.568268
0.283431
0.712193
0.392121
0.604820
0.197522
0.804981
0.299854
0.299216
0.496039
0.778267
0.307169
0.459733
0.481195
0.643805
0.544706
0.616991
0.340463
0.233529
0.609989
0.278040
0.205725
0.412188
0.398346
0.387070
0.500097
0.487279
0.657736
0.360878
0.626513
0.477168
0.516827
0.610220
0.889637
0.206820
0.625736
0.385710
0.308051
0.223016
0.384752
0.503918
0.586660
0.579775
0.377824
0.478557
0.335278
0.507910
0.508995
0.678490
0.743059
0.529682
0.541910
0.834337
0.642872
0.236506
0.217486
0.439219
0.611639
0.577799
0.689125
0.349125
0.165494
0.316925
0.371215
0.353683
0.409297
0.882504
0.440392
0.418349
0.216047
0.825146
0.218517
0.688263
0.517067
0.296616
0.580265
0.265346
0.691250
0.790262
0.829388
0.730558
0.316024
0.481824
0.675423
0.255145
0.604332
0.595488
0.697838
0.327666
0.470710
0.497490
0.676792
0.636204
0.699970
0.633387
0.576885
0.106518
0.627592
0.427977
0.524866
0.729193
0.251949
0.629383
0.832073
0.769016
0.929476
0.408419
0.619741
0.616804
0.309209
0.560101
0.760811
0.626404
0.338176
0.432314
0.581377
0.356679
0.438498
0.575468
0.684792
0.494589
0.772785
0.474412
0.545412
0.470451
0.405670
0.532997
0.576969
0.146090
0.548655
0.398533
0.761284
0.500431
0.440917
0.703884
0.381145
0.366470
0.224000
0.299886
0.683102
0.418760
0.861160
0.439992
0.341415
0.197718
0.285752
0.811821
0.554844
0.310804
0.497812
0.350161
0.808140
0.570322
0.711300
0.349631
0.451470
0.229796
0.582457
0.327439
0.261887
0.541807
0.425800
0.433867
0.629238
0.452099
0.726604
0.308937
0.705292
0.836155
0.308651
0.386776
0.553473
0.580511
0.239087
0.595884
0.365228
0.410392
0.518230
0.330769
0.423325
0.014424
0.569956
0.528891
0.584747
0.277333
0.578346
0.736490
0.393129
0.572674
0.649309
0.655014
0.113310
0.373664
0.676565
0.742548
0.826935
0.399246
0.462184
0.530609
0.231482
0.658009
0.917385
0.485953
0.236898
0.152549
0.380392
0.602123
0.566416
0.598452
0.636196
0.875742
0.612875
0.316678
0.515156
0.194870
0.480012
0.205651
0.933662
0.575270
0.663879
0.580221
0.226365
0.662741
0.653715
0.602757
0.705017
0.479027
0.299427
0.163725
0.709461
0.533211
0.824036
0.624544
0.429864
0.761930
0.187792
0.395636
0.475031
0.640205
0.407086
0.521925
0.627647
0.906685
0.424431
0.842630
0.214384
0.792297
0.933834
0.444745
0.478093
0.596540
0.610350
0.704460
0.671154
0.678684
0.606941
0.372695
0.568409
0.606195
0.538721
0.275569
0.435658
0.474455
0.310811
0.454376
0.232466
0.384157
0.850012
0.707499
0.727665
0.254350
0.229424
0.465839
0.159415
0.539408
0.307298
0.259352
0.443403
0.238385
0.403925
0.921497
0.245624
0.312146
0.625509
0.504906
0.690655
0.228529
0.877600
0.255141
0.720278
0.413573
0.416263
0.268764
0.587854
0.727076
0.422968
0.820320
0.700533
0.570402
0.526648
0.538725
0.526882
0.641623
0.301263
0.686300
0.292729
0.608561
0.645477
0.738436
0.734800
0.346102
0.656012
0.681870
0.358075
0.277600
0.483027
0.347282
0.506130
0.360179
0.603596
0.339235
0.473580
0.607986
0.609173
0.359988
0.332314
0.617523
0.176388
0.443545
0.298450
0.402863
0.393414
0.710886
0.156184
0.396808
0.393263
0.451216
0.890923
0.334991
0.775030
0.737421
0.567820
0.427121
0.417671
0.813749
0.708195
0.786249
0.272730
0.324851
0.256956
0.762325
0.665258
0.732840
0.480841
0.859812
0.203353
0.226153
0.587860
0.380188
0.670145
0.186036
0.672077
0.651243
0.193172
0.414089
0.344301
0.589911
0.750860
0.821777
0.925348
0.636862
0.557577
0.491549
0.362537
0.271946
0.417443
0.181706
0.758022
0.690172
0.507729
0.604284
0.563023
0.761118
0.747820
0.342416
0.731455
0.838345
0.455741
0.732763
0.803913
0.711267
0.804348
0.472072
0.474208
0.109667
0.299160
0.403891
0.585129
0.750296
0.638666
0.623304
0.685709
0.306769
0.816303
0.159945
0.278542
0.529995
0.341651
0.334435
0.330695
0.435208
0.349416
0.779718
0.607023
0.682615
0.232659
0.336859
0.631485
0.273780
0.656172
0.434953
0.399220
0.871668
0.492851
0.873430
0.866884
0.793182
0.575871
0.564842
0.541861
0.326235
0.775148
0.639441
0.218831
0.887699
0.799831
0.498545
0.528225
0.137561
0.532808
0.558744
0.573940
0.770077
0.334540
0.179345
0.563665
0.455503
0.403376
0.194706
0.730457
0.470246
0.515657
0.540821
0.337992
0.419207
0.412627
0.316577
0.325219
0.688772
0.581694
0.754251
0.600389
0.653093
0.504217
0.231090
0.651323
0.414573
0.730082
0.290071
0.438133
0.559141
0.734367
0.308326
0.440191
0.482357
0.374843
0.416858
0.638859
0.778219
0.497118
0.780012
0.358992
0.712603
0.319211
0.282812
0.543682
0.432114
0.601690
0.454730
0.116964
0.480807
0.619678
0.718527
0.836031
0.234419
0.360762
0.484604
0.534992
0.676224
0.476803
0.859852
0.531614
0.623491
0.281004
0.673937
0.805674
0.655846
0.676176
0.440612
0.546894
0.285439
0.333450
0.491714
0.294293
0.653111
0.663553
0.538250
0.670603
0.375769
0.292706
0.788740
0.742577
0.612211
0.503345
0.575859
0.435487
0.864107
0.473908
0.381176
0.536409
0.361411
0.239408
0.479169
0.570282
0.221859
0.449357
0.375510
0.463087
0.536678
0.816120
0.307851
0.707670
0.447444
0.387247
0.588518
0.685934
0.161326
0.539768
0.468235
0.423820
0.532301
0.553228
0.276921
0.441936
0.467271
0.741083
0.288568
0.327902
0.325518
0.257427
0.864309
0.573654
0.198282
0.341859
0.729765
0.305694
0.491489
0.215800
0.179478
0.615849
0.031922
0.189459
0.620945
0.479364
0.577877
0.322290
0.278125
0.739202
0.748058
0.631912
0.574169
0.692230
0.297968
0.737814
0.719997
0.350619
0.589422
0.710691
0.566378
0.212365
0.264373
0.427212
0.371847
0.462654
0.769070
0.514612
0.768349
0.559114
0.617138
0.649277
0.586836
0.649057
0.249431
0.793159
0.830555
0.713310
0.526594
0.694057
0.564213
0.385180
0.437671
0.134459
0.662792
0.435467
0.875025
0.795788
0.675562
0.461698
0.502562
0.352463
0.562365
0.468380
0.780846
0.344910
0.816586
0.548746
0.444901
0.697084
0.219557
0.764168
0.342435
0.506666
0.409752
0.479722
0.410354
0.350831
0.604902
0.824804
0.457208
0.167941
0.320510
0.597008
0.302401
0.872774
0.329172
0.174675
0.664642
0.415432
0.524673
0.465074
0.654619
0.497738
0.633284
0.548742
0.428027
0.560396
0.208012
0.760784
0.253557
0.427568
0.636650
0.595993
0.819788
0.342655
0.373584
0.641285
0.697407
0.091314
0.462168
0.150694
0.259255
0.371981
0.633253
0.562101
0.655455
0.260980
0.624630
0.316176
0.262964
0.560003
0.481078
0.620161
0.757566
0.410611
0.465153
0.296122
0.268878
0.673164
0.468776
0.522434
0.687286
0.691257
0.416298
0.803772
0.332463
0.792183
0.442310
0.440570
0.883497
0.606607
0.476815
0.439451
0.389287
0.108898
0.586933
0.155267
0.371051
0.623436
0.358616
0.520014
0.294412
0.539522
0.250702
0.752981
0.248004
0.415684
0.348102
0.216710
0.674227
0.402260
0.739145
0.657763
0.392067
0.740824
0.573235
0.726149
0.643534
0.128373
0.752098
0.523556
0.735426
0.226612
0.548388
0.422136
0.335510
0.549492
0.577850
0.592115
0.283455
0.521847
0.814259
0.279996
0.358792
0.650343
0.329674
0.306623
0.364575
0.564501
0.523335
0.450674
0.668890
0.259004
0.407439
0.358828
0.297251
0.680502
0.195502
0.643362
0.694874
0.243851
0.464342
0.727724
0.470462
0.425729
0.849689
0.394827
0.860777
0.423619
0.283639
0.254756
0.646465
0.798897
0.421925
0.116231
0.862684
0.753902
0.308408
0.224514
0.314483
0.832188
0.675636
0.395244
0.087271
0.668455
0.339451
0.386823
0.648684
0.420506
0.327608
0.454082
0.664804
0.377330
0.180188
0.724121
0.688610
0.441023
0.530094
0.661085
0.453499
0.513561
0.329290
0.096490
0.310839
0.636768
0.100576
0.170776
0.387921
0.408984
0.395737
0.404532
0.239553
0.367623
0.685329
0.326824
0.738209
0.138055
0.300647
0.497415
0.558559
0.628256
0.249369
0.222918
0.893887
0.429556
0.647314
0.693022
0.459435
0.173486
0.767557
0.498761
0.572599
0.094098
0.595251
0.469993
0.430694
0.695827
0.526770
0.820917
0.517811
0.333204
0.337150
0.457639
0.288509
0.433176
0.670015
0.437416
0.157784
0.269216
0.521385
0.719095
0.597744
0.656307
0.527393
0.487710
0.673990
0.585405
0.594904
0.833256
0.644444
0.472987
0.442541
0.214294
0.567085
0.334044
0.687037
0.295204
0.732000
0.624502
0.226647
0.246337
0.545389
0.449349
0.703978
0.719450
0.471828
0.671415
0.856695
0.629612
0.640907
0.374156
0.344784
0.538376
0.441608
0.284493
0.436784
0.816599
0.755449
0.142216
0.645933
0.697765
0.502377
0.386345
0.614187
0.365713
0.422517
0.597475
0.363494
0.266663
0.518227
0.176694
0.513000
0.059694
0.628792
0.214227
0.779144
0.396871
0.471024
0.631918
0.726309
0.524929
0.418392
0.371267
0.359557
0.447682
0.655760
0.382894
0.260361
0.409593
0.527859
0.320467
0.217883
0.326486
0.292192
0.128768
0.395502
0.715158
0.726242
0.344377
0.867371
0.357744
0.521517
0.377624
0.302992
0.447734
0.591850
0.195412
0.544432
0.061255
0.828503
0.270294
0.472184
0.359721
0.641562
0.532742
0.692955
0.293400
0.326779
0.065016
0.703440
0.440020
0.271482
0.221047
0.469808
0.565977
0.349816
0.450691
0.391659
0.665361
0.795513
0.373032
0.319357
0.614454
0.450482
0.323349
0.764318
0.930189
0.518759
0.419273
0.577269
0.460537
0.689569
0.460154
0.705812
0.742275
0.103420
0.510914
0.148502
0.315753
0.575932
0.738667
0.459074
0.435094
0.960161
0.225133
0.112043
0.308356
0.561825
0.503704
0.384417
0.768036
0.462561
0.404773
0.378570
0.211596
0.728569
0.253412
0.727612
0.360157
0.676161
0.715582
0.407247
0.661980
0.287431
0.524204
0.403808
0.276404
0.734945
0.552757
0.593777
0.306952
0.287502
0.463549
0.742495
0.246043
0.274510
0.554363
0.556021
0.836334
0.357792
0.525816
0.600449
0.520180
0.630863
0.093016
0.618948
0.469957
0.346427
0.757261
0.716839
0.318840
0.470090
0.535231
0.684122
0.757521
0.759262
0.198902
0.444623
0.491459
0.337039
0.626080
0.686268
0.511267
0.200604
0.540459
0.757757
0.362968
0.393375
0.309855
0.309827
0.336995
0.536671
0.324448
0.743902
0.578232
0.417462
0.475678
0.637043
0.349271
0.229015
0.464855
0.671583
0.701406
0.298639
0.351785
0.455008
0.643282
0.550686
0.199804
0.547741
0.183976
0.825886
0.345706
0.395517
0.323914
0.471992
0.567448
0.386710
0.450748
0.577129
0.700014
0.788918
0.226628
0.609840
0.646093
0.692030
0.727129
0.117851
0.439600
0.487098
0.347314
0.203008
0.744062
0.635273
0.201474
0.506992
0.503729
0.844757
0.643057
0.703533
0.389749
0.828655
0.526670
0.321282
0.637173
0.550858
0.795576
0.790001
0.350569
0.242404
0.364381
0.636408
0.144597
0.476562
0.356772
0.676245
0.281420
0.080428
0.794092
0.607019
0.454250
0.138659
0.810026
0.311588
0.187380
0.308199
0.519579
0.576664
0.152509
0.275466
0.391894
0.542706
0.100200
0.329263
0.566116
0.738544
0.765675
0.357772
0.639071
0.816517
0.600178
0.416451
0.750349
0.631496
0.594458
0.217647
0.418266
0.172129
0.184800
0.210059
0.782623
0.341627
0.351020
0.589176
0.653215
0.423953
0.900850
0.758175
0.700445
0.638741
0.331066
0.388588
0.291973
0.434015
0.303679
0.743645
0.757940
0.480051
0.397667
0.397011
0.296122
0.700418
0.398843
0.746296
0.327995
0.404000
0.852245
0.750185
0.465604
0.447745
0.256494
0.358752
0.489200
0.307342
0.244180
0.139667
0.617292
0.730412
0.785698
0.428263
0.780296
0.113290
0.818468
0.370823
0.548479
0.118227
0.225440
0.304800
0.301579
0.325235
0.701811
0.598148
0.323077
0.212800
0.640697
0.651522
0.502354
0.489023
0.397784
0.667784
0.640518
0.656582
0.912537
0.425969
0.849476
0.745571
0.453937
0.579597
0.586956
0.351333
0.594858
0.781425
0.464623
0.411709
0.852077
0.600782
0.529936
0.374942
0.492584
0.242216
0.286004
0.605093
0.725918
0.609081
0.403275
0.365442
0.260158
0.792801
0.555468
0.657940
0.458964
0.192062
0.311772
0.783371
0.620779
0.274521
0.525471
0.661270
0.440670
0.525427
0.712433
0.446227
0.302934
0.473752
0.154188
0.266709
0.661091
0.686426
0.527651
0.564373
0.815817
0.515783
0.165992
0.540113
0.422290
0.570438
0.606556
0.382722
0.013252
-0.240329
-0.188683
-0.146239
-0.100894
0.042926
-0.263423
0.038651
0.165031
0.072318
0.046408
-0.118906
-0.049980
-0.010350
-0.021984
0.065785
-0.137753
-0.067999
0.179110
0.163180
0.083255
-0.170769
0.014821
0.033667
0.207365
0.155487
0.154960
-0.027690
0.023746
0.127569
0.067705
-0.110580
0.324372
0.316732
0.179757
0.075902
0.070102
0.207601
-0.175580
-0.202576
-0.011349
-0.130306
-0.172196
0.086247
0.297055
0.095378
0.003878
0.161012
0.027377
-0.255855
0.033483
-0.035235
0.010510
0.048302
0.144298
-0.070549
-0.087478
0.151683
-0.098239
-0.209600
-0.010882
-0.030533
-0.031757
-0.124219
0.286200
-0.288000
0.100969
-0.081408
-0.080400
-0.222188
-0.284560
0.197807
0.086925
-0.019047
-0.153655
-0.055439
-0.071246
0.139224
-0.184561
-0.042737
0.030369
0.285497
0.069604
0.040879
-0.102201
-0.223807
-0.030804
0.099878
0.365583
0.161090
0.326856
-0.083584
0.131133
0.006675
-0.207804
0.127200
0.155807
-0.107412
0.045216
0.075408
-0.038890
-0.239345
-0.165627
0.195035
0.033452
0.117851
0.139597
-0.038372
-0.033059
0.103188
0.066467
-0.150266
0.240533
-0.301640
-0.110521
-0.151800
-0.089447
0.150518
0.096232
-0.161572
0.021475
0.274933
0.191420
-0.138101
-0.156102
0.274882
-0.158478
-0.000295
-0.123796
-0.113262
-0.363172
-0.015109
-0.203321
-0.091090
0.032349
-0.170447
0.025628
-0.117611
-0.061243
-0.155585
-0.162576
0.154510
0.130726
0.077957
0.289448
-0.268796
-0.072133
-0.236000
0.319431
-0.124055
0.039561
-0.097379
0.298454
-0.205019
-0.234905
-0.293647
0.216306
-0.245807
0.143192
-0.055067
-0.211495
0.218306
0.221090
0.022894
0.274793
0.253439
-0.001110
0.153977
-0.302459
0.227781
-0.292874
-0.174902
0.091024
-0.012863
0.052341
0.234027
0.008474
-0.168501
-0.149549
0.179753
-0.144980
0.037589
-0.207760
-0.285368
0.120992
-0.152533
-0.141882
0.047165
-0.107631
0.001887
-0.006769
-0.028992
-0.069941
-0.223388
0.140903
0.057274
0.030051
-0.007784
-0.227592
-0.124255
-0.219423
-0.081047
0.138553
0.311020
0.195648
0.042185
0.107338
-0.233588
0.020682
0.104789
0.383874
-0.124298
-0.005200
-0.261596
0.029177
0.265079
-0.123419
0.176294
-0.126043
-0.084050
-0.259529
-0.280388
-0.113043
0.108239
-0.066066
-0.119717
-0.270486
0.112138
-0.129210
-0.060945
-0.160270
0.089075
-0.141992
-0.021718
-0.037616
-0.236478
-0.268533
0.069145
-0.032933
0.042282
0.173934
-0.086769
-0.081439
-0.267266
-0.058230
-0.052261
-0.003899
-0.181651
-0.166101
-0.129941
0.172008
0.013788
-0.119618
0.058389
-0.025549
-0.185686
0.086247
-0.007611
0.216585
-0.190541
-0.066847
-0.233819
0.046110
0.227737
0.034596
0.009628
-0.155184
0.056196
0.078773
0.248458
-0.192788
0.106839
-0.274309
-0.126651
0.128572
0.105169
0.258221
0.124675
0.360651
-0.054882
0.142310
0.094949
-0.041670
0.022691
0.005761
-0.068353
0.127714
-0.347411
-0.074255
0.053588
-0.100243
0.296608
-0.179655
-0.203420
0.086059
-0.145059
0.096341
0.367451
0.058714
0.028114
0.179910
0.156058
0.282529
0.195733
-0.259592
0.120968
0.009060
-0.150082
-0.192643
-0.068000
-0.057388
-0.051467
-0.121761
0.191074
0.262490
0.031001
-0.166278
-0.047505
0.121298
0.049600
0.152525
0.019922
-0.093212
-0.175282
-0.183498
-0.007153
-0.172765
0.062129
-0.075701
0.175507
-0.199890
0.104208
0.332141
-0.066070
0.008674
0.072549
0.054321
0.017733
0.212600
-0.139454
-0.050266
-0.281363
-0.190921
-0.025027
-0.091424
0.071569
-0.142737
-0.257702
0.022353
0.126137
-0.062235
-0.261122
0.146059
0.282263
0.001306
-0.038015
-0.160891
0.267384
0.022980
-0.090149
0.005181
-0.177485
0.014059
-0.100388
-0.095980
0.170310
-0.177125
-0.042792
0.039890
0.037184
-0.034670
-0.011510
-0.245314
-0.224458
0.253596
-0.189736
0.137243
-0.179274
-0.008019
-0.276403
0.235862
0.219878
-0.100392
-0.056364
0.213717
0.048490
0.342196
-0.386015
-0.121835
0.219310
-0.038455
-0.116078
-0.248309
-0.024396
0.073091
-0.054156
-0.003372
-0.102325
0.193185
0.184094
-0.066274
0.159647
0.025008
0.125545
0.225322
-0.013239
-0.064192
-0.075145
-0.192513
-0.072212
-0.205682
0.042773
0.147667
0.131635
-0.014725
-0.076325
0.180702
-0.110239
-0.025208
0.058290
0.256647
-0.063661
0.232345
-0.138105
-0.089769
0.015879
-0.044686
-0.093141
-0.086447
0.148498
-0.346756
-0.153298
-0.129565
0.114827
0.119823
0.095757
0.249165
0.055632
-0.269522
-0.091502
-0.016003
-0.037494
0.097714
-0.306047
-0.051726
0.082988
0.054761
0.128977
0.120326
0.028421
-0.251575
0.231106
-0.035243
0.129479
0.240577
-0.125011
-0.002219
0.047180
-0.218153
-0.090376
0.195102
-0.128333
-0.096098
-0.224020
-0.014082
-0.124984
-0.128839
-0.055050
-0.069353
-0.108227
0.291158
0.062220
0.146122
-0.048840
0.193306
0.240839
0.034149
0.246933
-0.067894
0.006898
-0.014780
0.117663
-0.200283
-0.050023
0.246007
-0.398548
-0.176745
-0.193921
0.085765
0.042812
0.153412
-0.155132
-0.086098
0.056181
0.058557
-0.390313
0.368906
0.218718
-0.007655
0.301262
0.112200
0.134215
-0.075937
-0.032945
-0.062200
-0.171054
0.060318
-0.029761
-0.361832
-0.298286
-0.021153
0.062808
-0.181756
-0.222569
-0.135925
-0.081616
-0.182274
0.126749
-0.127961
-0.096509
0.168984
-0.264681
0.186067
-0.206670
0.081631
0.095914
-0.159275
0.013961
-0.121945
0.123781
0.025090
-0.299878
-0.179713
-0.050847
0.104310
0.196929
0.067098
-0.125505
-0.270540
-0.145448
-0.134792
0.144883
-0.231349
0.121161
0.071025
0.069859
0.187122
-0.258827
0.196608
-0.087282
0.082373
0.077168
-0.061831
-0.167561
0.160632
-0.270332
0.366062
0.000224
0.181337
-0.046016
-0.166706
0.204718
-0.057470
-0.054576
-0.134552
0.046840
-0.295357
-0.068031
-0.227376
-0.129321
-0.214611
0.074965
-0.273438
-0.156403
-0.092298
-0.349991
-0.084836
0.094248
-0.171110
0.111772
0.154541
0.058839
0.188365
-0.346132
-0.108721
0.347862
-0.177046
-0.179792
-0.088490
0.002580
-0.226385
0.034938
-0.228702
0.007988
-0.019639
-0.073122
0.053695
0.122137
0.295424
-0.024397
0.142102
-0.355763
-0.239564
-0.278913
-0.074459
-0.042306
-0.191195
0.278416
0.053651
0.075404
-0.045811
0.060616
-0.303466
-0.005024
0.153902
-0.121478
-0.093737
0.265855
-0.154270
-0.182228
-0.169275
-0.090522
0.290421
-0.250400
-0.083667
-0.017643
-0.033965
0.119314
0.103361
-0.026964
0.094918
0.097310
-0.092595
-0.145223
-0.035160
0.270656
0.104314
-0.226933
0.113071
-0.132168
-0.005086
-0.371027
-0.219129
-0.017287
0.060525
0.081217
0.008812
-0.033212
0.056937
-0.145458
0.221138
0.326506
0.200596
0.223133
-0.071470
0.118640
-0.233929
0.043851
-0.052180
0.307140
-0.132400
0.042162
-0.031549
-0.077419
-0.103062
-0.067286
-0.098608
0.001251
-0.003509
0.304596
-0.130917
0.281537
-0.067564
-0.058204
-0.025882
0.141671
-0.124565
-0.018780
-0.181674
0.224216
-0.164238
-0.106981
0.113011
-0.110086
-0.175114
-0.249168
-0.281579
0.028667
0.083683
0.103373
-0.102478
0.098859
-0.002043
0.303682
-0.126714
0.185028
-0.200737
0.066522
0.187988
0.233464
0.079851
0.057070
0.076714
0.160996
-0.002267
-0.237591
-0.135043
0.022455
0.181337
-0.026584
-0.044596
0.017098
0.012878
-0.079736
-0.092988
-0.162811
0.107671
0.062008
-0.134144
-0.244646
-0.272329
0.055220
0.143769
0.162204
-0.079384
-0.271368
0.057098
0.157588
-0.058404
-0.193756
0.242898
-0.126129
-0.134976
0.031189
0.034867
-0.137242
0.082596
-0.100176
-0.263498
-0.174353
0.021949
-0.018537
-0.157254
0.324960
-0.388407
-0.103800
-0.273851
0.011106
-0.331925
0.029137
0.204170
-0.167121
0.084357
0.057804
0.142659
0.005549
0.075436
-0.237952
0.162561
0.017031
0.006000
-0.031675
0.039612
-0.129552
0.289647
-0.363232
-0.266218
0.082109
-0.024564
-0.092584
0.054200
-0.002615
0.038164
-0.101345
-0.116498
0.087466
0.232565
-0.100791
-0.340270
0.191906
-0.071079
0.301608
0.171227
0.013279
-0.078297
0.168019
0.018251
-0.002863
0.220200
-0.256321
-0.132275
-0.212086
0.002137
0.054915
0.096648
0.001651
0.129393
0.268137
-0.355081
0.104828
0.175553
0.136250
0.102212
-0.223992
-0.112671
-0.160729
0.155318
0.119894
0.175055
-0.184952
0.311800
0.103976
-0.173478
0.045318
0.118964
0.038357
0.064627
-0.301626
0.035494
-0.005882
-0.267816
0.050796
-0.069815
-0.118101
-0.041867
-0.120745
0.321259
-0.058918
0.147392
0.255733
0.045910
0.032235
0.103562
0.001679
-0.337623
-0.157820
-0.160184
-0.182882
0.252208
0.014871
-0.221392
0.126298
-0.027019
-0.104737
0.172192
-0.198188
0.371329
0.236244
-0.210258
-0.029753
-0.205639
-0.038655
0.168619
0.162255
-0.009756
-0.019690
0.189087
0.164502
0.068969
0.046346
0.130102
0.114878
-0.068996
0.084953
-0.173576
0.030514
-0.071732
0.103948
0.284207
-0.109659
0.120530
0.064526
0.017773
-0.196624
-0.188365
0.189964
-0.106388
0.184675
-0.011501
0.121063
-0.135211
-0.070698
0.228852
-0.114745
-0.198575
0.073227
0.013141
-0.158200
-0.200556
0.082111
0.177702
0.075989
0.198699
-0.038294
0.014498
-0.123031
0.139796
0.380474
0.129072
-0.011996
0.123240
0.101447
-0.095623
0.141012
0.193824
-0.136411
0.039134
-0.350274
0.048263
-0.118235
0.208498
0.060052
-0.041933
0.000773
0.384726
0.050200
0.072867
-0.039843
-0.108577
-0.127690
0.043977
0.070836
0.237855
0.242675
-0.257591
-0.037780
0.118510
-0.267082
-0.095015
0.099427
0.158631
0.029934
-0.089258
0.061874
-0.120898
-0.333144
0.217305
0.210079
-0.246286
-0.026274
0.239419
0.252922
0.035486
0.196353
-0.184015
-0.018631
0.245976
-0.111726
-0.058474
0.139110
-0.092972
-0.015631
0.062369
-0.292826
0.227043
-0.048780
0.107678
0.056553
0.121848
0.012663
0.155981
0.134036
0.040886
-0.370411
0.195910
0.069275
-0.265847
0.121372
0.279353
-0.221423
-0.193326
0.081063
0.030922
-0.157838
-0.013294
-0.005518
-0.176470
-0.203318
-0.118376
0.054056
0.225926
0.225785
0.187710
-0.002972
0.223090
-0.022957
0.238380
0.040059
-0.115113
0.069518
0.053299
0.190154
-0.234158
-0.195949
-0.180259
-0.327804
0.163459
-0.157682
-0.058854
0.005102
0.058604
0.185530
0.085588
0.089525
-0.119886
0.072871
-0.064145
-0.149914
0.159686
0.255189
-0.094149
0.094346
0.043263
0.093561
-0.346338
-0.023780
-0.077549
0.039620
0.016279
-0.043376
0.109138
0.069576
-0.002509
0.166824
0.164894
0.107365
-0.013980
-0.109356
0.387393
-0.072835
-0.250698
0.009420
-0.033748
-0.018666
-0.048631
-0.007192
-0.093372
0.035376
0.281737
-0.081262
-0.000145
0.187588
0.013082
0.043694
0.280572
-0.333255
-0.127663
-0.087110
-0.293634
0.036193
0.158514
0.106769
-0.041808
0.008427
-0.017674
0.123086
-0.174917
-0.031655
0.012596
0.213051
0.183933
0.199608
0.074894
-0.139949
0.035075
0.172130
-0.145431
-0.058297
-0.082627
-0.301404
0.298725
-0.081062
-0.114392
-0.125902
-0.185521
0.166181
-0.020870
-0.165608
0.077937
-0.315083
-0.131125
-0.199549
0.228263
-0.172933
-0.044122
-0.227121
-0.049847
0.072804
0.178357
-0.035541
-0.004279
-0.073710
0.014781
0.216482
-0.214792
0.049855
0.098479
0.077487
-0.298575
0.017561
0.212082
-0.147427
-0.211655
0.245266
-0.126329
-0.250733
-0.027395
-0.147200
0.021369
-0.237882
-0.023996
-0.109756
-0.147298
-0.233443
0.009153
0.246291
-0.021721
0.395883
-0.118616
0.156635
-0.077944
0.022973
-0.208341
-0.061455
0.091879
0.016286
-0.012733
-0.245643
0.093772
-0.021177
0.062051
0.017431
-0.021604
-0.149604
0.113988
-0.146224
0.037373
-0.201831
0.143153
0.057032
-0.149580
-0.171552
-0.200302
0.140255
-0.113153
-0.192859
-0.051165
0.012703
0.204733
-0.168647
0.169337
0.126789
0.144458
-0.037294
0.064200
-0.052086
0.126569
0.052600
-0.297729
0.071055
-0.258710
-0.235679
0.236063
-0.131027
0.050718
-0.086526
0.160459
0.088090
0.001777
-0.134674
-0.002455
-0.148380
-0.014384
-0.056890
-0.008125
0.020041
0.189671
0.230843
0.032165
0.104271
-0.229070
-0.237340
-0.207228
0.354808
0.162498
-0.141318
-0.136121
0.140357
-0.088718
0.003859
-0.077011
-0.200428
0.056604
-0.279236
-0.041321
0.107322
0.070816
-0.172706
-0.094722
0.072592
0.132040
-0.098886
-0.076921
-0.031054
-0.155777
-0.085047
-0.301148
0.033894
-0.001781
0.020016
-0.009412
-0.230851
0.219808
-0.067353
-0.024196
0.093883
0.079753
-0.012741
-0.055894
0.138612
-0.010592
-0.133482
0.374761
-0.244121
0.025569
-0.103137
0.010777
0.096384
0.161867
0.206189
0.170686
0.145195
-0.182831
-0.196945
0.261718
-0.046764
0.008718
-0.039431
-0.303003
0.006938
-0.019992
-0.311281
-0.224489
-0.088608
-0.089635
-0.099400
0.004141
-0.300015
0.176859
-0.051753
-0.161981
-0.122157
0.253051
-0.224929
0.071431
-0.159090
0.108510
0.083918
-0.062706
-0.165623
-0.148181
0.107404
-0.020427
0.107275
0.201169
0.095423
0.207510
-0.227822
0.054282
0.341083
0.216247
0.036000
0.029800
0.281891
0.093835
-0.060412
-0.255219
0.097976
0.077282
0.070926
0.046224
0.204302
-0.199384
-0.139012
0.128082
0.309757
0.139608
0.089015
-0.044612
0.078036
-0.078317
-0.044639
0.184306
-0.097035
0.062635
-0.052235
-0.003321
-0.019988
-0.132482
-0.239172
0.172942
-0.063812
0.234538
0.203318
-0.070345
-0.109336
-0.147227
-0.035431
-0.158937
-0.069945
0.033784
0.035440
-0.155776
-0.018022
-0.103573
0.262439
-0.145399
0.036036
-0.086254
0.100121
-0.033506
0.273137
0.203059
0.298376
0.028526
0.265118
-0.189857
-0.264929
-0.193714
0.115369
-0.212259
-0.019063
0.052690
-0.126431
0.183678
-0.017655
0.203650
0.035318
0.092781
0.191157
-0.034627
0.128274
0.078443
0.248439
-0.037325
-0.023419
0.073169
-0.182726
0.012616
0.134490
0.064973
-0.022023
-0.028372
0.120455
-0.161356
-0.291690
-0.051561
0.085361
-0.117199
0.191859
-0.088270
-0.041035
0.172796
-0.036714
-0.019889
0.065208
-0.054368
0.035608
-0.188474
0.328545
-0.061659
0.067031
0.019110
0.016784
0.025337
-0.017639
-0.008345
-0.338071
-0.053365
0.004271
-0.204713
0.011608
-0.018329
0.056471
0.132639
0.258600
-0.233510
-0.209631
0.053251
-0.061710
0.129803
0.255114
-0.102745
0.156734
0.070823
0.314498
-0.068768
0.015322
-0.085893
0.032891
-0.092709
-0.001110
0.101632
-0.074733
-0.132478
0.126392
0.054628
0.008463
-0.251510
-0.008705
-0.143647
-0.246843
-0.368941
0.523567
-0.297469
0.027609
-0.149549
0.204530
0.103333
0.152647
0.547157
0.232607
0.119020
-0.099432
0.170647
-0.121176
-0.093509
0.297668
-0.233373
0.362863
0.194922
0.176922
-0.015647
-0.197509
-0.411665
0.122608
-0.335979
0.203255
0.223824
0.029922
0.096569
-0.020216
-0.319333
0.345039
-0.016078
-0.097764
-0.144373
-0.065235
-0.412274
-0.043059
-0.530390
-0.482529
0.089157
0.108059
0.037863
0.259412
-0.013117
0.042726
0.042471
0.370530
0.307608
0.237392
-0.069568
-0.225451
-0.479156
0.136177
-0.102843
-0.198118
-0.177588
0.120981
0.349216
0.019372
0.100765
0.129882
-0.253391
0.185078
0.032118
0.219647
0.122256
0.139275
0.075804
-0.508528
-0.242862
0.265745
0.216942
0.310000
0.008137
0.205843
-0.262273
-0.051804
-0.041039
0.045334
0.285589
-0.010215
-0.182137
0.325862
0.025569
0.232039
0.025334
-0.049215
0.350609
-0.142862
-0.029843
-0.065647
-0.110961
-0.280823
0.121843
-0.078843
0.453431
0.244099
0.158804
-0.085764
0.252195
-0.182039
0.179981
0.471547
-0.389059
-0.431705
0.059981
-0.033921
0.136314
0.119333
0.009392
-0.095117
0.009118
0.343882
-0.389078
0.135078
0.058903
0.256078
-0.016549
-0.105097
0.213608
0.472647
0.446667
0.102647
-0.327215
0.568508
0.126607
-0.491196
0.194804
0.185019
0.040451
0.449412
0.000961
-0.299000
0.303549
0.231725
-0.110882
-0.254274
0.095392
0.025432
-0.237352
-0.410215
-0.070078
-0.128234
-0.166725
0.160667
-0.091137
-0.005019
-0.200666
-0.007687
-0.112529
0.112942
-0.154470
-0.283274
0.117608
0.135725
-0.332177
0.141412
0.163568
-0.237764
-0.290980
0.204019
-0.407784
0.329412
0.007824
0.412784
0.042099
0.413961
-0.360529
-0.480312
-0.178411
0.021549
-0.373509
0.366901
0.510725
0.079588
-0.089843
-0.197823
-0.442450
-0.192137
0.311903
-0.037961
-0.177176
-0.359588
0.193372
-0.061980
-0.221843
0.378215
-0.437588
0.042118
-0.474548
-0.111157
0.246137
-0.264921
0.316628
-0.365864
0.248648
0.257941
-0.052294
-0.212667
0.297059
0.384686
-0.090725
0.023943
0.136589
-0.195000
0.003137
0.046745
0.224588
-0.338921
-0.243764
-0.081314
0.137725
0.094059
-0.338098
-0.283901
0.132472
0.057471
0.094314
-0.405509
-0.000803
0.237176
-0.416666
-0.374490
-0.027352
-0.198019
-0.120529
0.120902
0.059921
-0.172823
0.008628
-0.160039
-0.303138
-0.079686
-0.234078
0.350471
-0.274686
-0.130548
0.394804
0.049902
0.047549
0.151041
-0.031020
0.185275
-0.271921
-0.369117
-0.199019
-0.240234
0.202960
-0.102294
-0.028333
0.202157
-0.482529
0.072412
0.344687
0.107529
-0.126000
-0.292862
-0.388980
-0.168489
0.051334
-0.378334
0.290902
0.265216
-0.458020
-0.045588
0.096648
-0.115686
-0.076137
-0.125961
0.449215
-0.128979
-0.072902
0.418197
-0.041686
0.270176
-0.568333
-0.140313
0.032353
-0.365373
0.374804
0.002000
0.351392
-0.006940
0.074020
0.181471
0.000196
-0.152372
-0.113803
0.229019
-0.218058
-0.062470
0.367705
-0.029569
-0.414665
0.524689
0.024843
0.199000
-0.208411
0.465726
-0.441960
-0.276216
-0.179882
0.100529
0.244784
-0.121176
-0.246706
-0.325568
0.353903
0.302668
-0.171902
0.113706
-0.210333
0.279881
0.006373
0.380706
-0.158079
0.004549
0.329118
0.347942
0.233569
0.111059
-0.331942
-0.016529
0.181490
-0.227176
-0.008863
0.206334
-0.030588
0.398118
0.153021
-0.472548
0.124313
-0.026863
0.145000
0.367080
-0.148039
0.000706
0.041511
-0.409138
0.301353
-0.130392
0.319961
0.091019
0.149882
-0.291078
-0.145293
0.091805
-0.286529
0.083431
0.339353
-0.050549
0.294491
-0.090961
-0.069098
-0.143450
-0.217745
-0.075548
0.062882
-0.147941
-0.294843
-0.401510
-0.002686
-0.172548
0.191451
0.141922
-0.422881
0.041393
0.140607
-0.379353
0.149275
-0.173039
0.007275
-0.047784
-0.182804
0.257157
0.176138
0.188922
0.250980
-0.007588
-0.245059
-0.027079
-0.160549
0.147804
-0.017647
0.387372
-0.096039
-0.237803
-0.205195
-0.033156
0.133687
0.016981
0.183137
0.130608
0.361451
-0.242823
0.270509
-0.059412
0.415981
0.313138
0.078255
0.048628
0.140098
0.185922
0.000844
-0.042705
-0.173942
0.179393
0.146216
-0.023353
0.169784
0.001549
-0.052843
0.109627
0.051373
-0.068078
-0.120412
-0.044666
0.211138
0.293822
-0.077432
-0.174607
-0.306607
0.105706
-0.043999
0.054843
-0.036725
0.228922
0.095823
0.276843
-0.075352
0.174079
-0.291941
0.064744
-0.157019
0.328725
0.019627
-0.431353
-0.111314
0.266234
0.162314
0.058471
0.169804
0.109471
-0.449313
0.219157
0.139764
0.047294
0.174490
-0.264489
-0.276294
0.097059
0.178314
0.032491
0.202765
0.134706
0.089745
0.063627
-0.253785
-0.333861
0.342881
0.286256
-0.157372
-0.466078
0.351001
0.202628
-0.237745
-0.246784
0.287902
-0.248667
-0.078530
-0.169215
-0.190196
0.089256
0.040647
-0.022098
-0.208608
0.082431
0.128000
-0.034117
-0.184078
-0.049920
0.063334
0.094627
-0.115412
0.165706
0.128941
0.074333
0.231745
-0.126863
-0.359921
0.057608
0.059000
-0.002294
-0.508862
0.409608
0.199942
-0.128804
0.263609
-0.031196
0.239942
-0.332333
0.417001
0.050137
-0.142686
-0.056959
0.027648
-0.452079
0.023451
0.153628
0.129196
0.456392
0.005334
0.091745
-0.066391
-0.110077
0.259862
-0.454470
-0.136137
-0.027824
-0.064313
0.119334
-0.070608
0.097099
0.219451
-0.064862
-0.010313
-0.097627
-0.093274
0.253295
-0.226804
0.048294
0.435961
-0.326824
0.198824
-0.324529
0.131216
0.124060
-0.161215
0.054274
-0.337705
-0.130000
-0.106745
0.285039
-0.038255
0.446295
0.074569
-0.295803
0.508842
0.038431
0.193393
-0.072490
0.057373
0.120765
-0.075784
-0.240196
-0.458706
-0.085705
0.179588
-0.035353
-0.349824
-0.047214
0.113334
0.088548
0.241353
0.209745
-0.237999
0.274589
-0.181195
0.120217
-0.188549
0.098509
-0.010176
-0.292881
0.283157
-0.048431
-0.464000
-0.259686
-0.341823
0.143217
-0.221254
-0.150451
-0.030059
-0.065902
0.072726
-0.105451
-0.303686
0.131039
-0.091157
0.392529
0.095686
0.076039
0.343293
0.111038
0.062177
-0.033157
-0.297019
-0.073411
-0.275587
0.139196
-0.053588
0.055294
0.137314
-0.164156
-0.237979
0.320079
-0.112588
-0.084568
0.160785
0.163000
-0.042137
0.454136
0.114961
0.442804
-0.226765
0.187685
0.437745
-0.013431
0.218334
-0.270823
0.377078
-0.203392
0.324648
0.102568
-0.094372
-0.130588
0.069412
0.228430
0.313019
-0.203764
-0.251804
0.159039
0.368156
-0.112078
0.094882
-0.386842
-0.411430
0.085099
0.146000
0.268392
0.145686
-0.515568
0.105118
0.260647
-0.589783
-0.121646
0.345922
-0.250411
-0.237491
0.046843
0.096176
0.139195
-0.055764
-0.196980
-0.275254
-0.250529
0.290235
-0.203431
0.077902
-0.014157
-0.407196
-0.171489
-0.371745
-0.039038
0.231039
0.240158
-0.425880
0.336627
0.323235
0.236744
0.088001
-0.146471
0.338590
0.193510
-0.402843
0.265430
0.071863
0.562511
0.115412
0.453804
0.090314
-0.303020
0.075981
-0.065843
0.015000
-0.297256
-0.213569
-0.312176
0.116726
-0.236059
0.293490
0.226549
-0.309567
0.438373
0.187118
-0.178921
0.159490
-0.238765
0.260509
-0.132667
-0.004039
-0.168902
-0.178745
-0.283254
-0.075784
-0.064569
-0.536861
-0.003922
-0.121490
0.198372
0.449882
-0.028765
-0.207058
0.423450
-0.094607
-0.092059
0.226588
0.208451
0.115196
0.240902
0.075196
-0.108725
-0.049569
-0.334764
-0.289784
0.235923
0.106138
0.487118
-0.003235
-0.150764
0.354452
-0.007273
0.195333
0.175705
0.324862
0.222353
-0.504255
0.307431
0.218431
-0.108725
-0.011215
0.048882
-0.037489
0.298353
-0.044686
-0.230079
0.105902
0.083921
-0.021627
-0.295921
-0.292587
0.051158
0.110353
-0.241765
-0.281197
-0.179431
-0.106235
-0.077078
-0.307705
-0.107058
0.289176
0.147136
-0.116745
-0.032509
0.224471
0.110137
-0.429589
-0.279784
-0.200235
-0.211548
-0.290135
-0.311843
-0.263059
0.191803
0.084882
0.211294
-0.040686
0.090392
-0.324215
-0.062313
-0.105137
0.000216
-0.008745
0.005216
0.275470
-0.191960
0.445216
0.272039
0.247981
-0.479901
0.062176
0.020137
-0.433156
-0.154960
0.086001
-0.208686
-0.044823
-0.441569
-0.488471
-0.144666
-0.035706
-0.159176
0.060118
-0.298765
-0.069784
0.145000
-0.087471
-0.110471
-0.281628
-0.311294
-0.173177
0.130255
0.304313
-0.083549
0.135471
0.065176
0.241510
-0.036726
-0.282608
-0.127921
0.100784
0.396980
-0.208176
0.287059
0.242020
0.397255
0.078373
-0.317411
-0.561724
0.209334
0.154942
0.017961
0.048137
0.217471
0.236215
-0.021646
-0.256961
0.249137
0.484900
-0.021569
-0.064569
-0.205294
0.008294
0.242157
0.230587
0.246177
0.407331
0.371314
-0.407960
0.024334
-0.371606
0.312255
-0.196097
0.035216
-0.018098
-0.471098
-0.084549
0.060274
-0.171098
-0.030882
-0.247411
-0.114137
-0.010902
-0.299666
0.000922
-0.291706
-0.321706
-0.256432
-0.040549
-0.353823
0.341824
-0.105118
-0.041706
0.349725
0.237431
0.088490
0.078882
0.025335
-0.159627
0.290746
-0.467352
0.085784
-0.014411
-0.048059
0.223805
-0.032509
0.000274
-0.480176
0.027373
0.444177
0.108373
0.399785
-0.287372
-0.002921
-0.519705
-0.186450
0.322784
-0.221588
0.176941
0.282235
-0.060412
-0.098647
-0.339509
-0.001724
0.251078
0.514940
-0.013627
-0.285040
-0.074725
-0.070843
-0.095078
-0.027471
0.012922
-0.009098
-0.073117
0.236725
-0.042000
-0.073235
0.275980
-0.014627
-0.146078
-0.132666
0.383137
0.184354
-0.035196
0.483254
-0.102490
0.287195
-0.255353
0.072431
0.052804
-0.215372
0.490411
0.229922
-0.315079
0.224863
0.127451
0.185901
-0.060569
0.050706
0.215452
-0.057274
0.025647
0.230784
-0.066372
-0.047862
-0.151921
-0.110392
0.496314
0.224452
-0.125020
-0.269197
-0.011020
-0.256882
-0.185235
-0.046216
0.226371
0.331706
0.241373
0.069001
0.404138
-0.323627
-0.246764
0.377922
-0.093706
-0.047235
0.085372
0.134138
0.141078
0.024804
-0.329764
-0.260882
-0.032470
-0.204117
-0.032117
0.416156
0.265039
-0.282020
-0.312038
0.242315
0.459452
-0.336666
0.490137
-0.066176
0.021844
-0.209705
-0.114803
-0.369587
0.222394
-0.390450
-0.300588
0.107098
-0.197059
-0.029940
-0.132391
-0.190372
-0.177569
-0.147412
-0.053823
-0.036490
0.494804
-0.386000
0.322452
-0.157097
-0.073098
0.189940
0.258666
-0.327098
0.008315
-0.053373
0.015608
-0.049255
0.229785
-0.111666
-0.115431
-0.366177
-0.321372
-0.230235
-0.117961
0.417648
-0.101647
0.098470
-0.090255
-0.198314
-0.031863
-0.222647
0.230744
-0.107019
0.249372
-0.442510
0.473902
0.124745
-0.211097
0.176530
-0.130725
0.333216
-0.148138
0.127942
0.006118
-0.142234
0.076980
0.021726
0.425922
-0.210254
-0.089941
-0.306920
-0.061431
0.107725
0.080256
0.438021
0.006334
-0.021392
0.021882
-0.083921
-0.221725
-0.012392
0.210844
-0.091372
0.498000
-0.056804
0.083137
0.354883
0.067549
-0.127960
0.014392
0.037217
0.102452
-0.134137
0.167569
0.208961
0.343451
0.244548
0.127882
0.151961
0.032275
0.040353
-0.154568
0.070844
0.045667
-0.074313
-0.106137
0.152393
-0.095706
0.432374
-0.029510
-0.317823
-0.097039
0.281333
0.208608
-0.216059
0.222511
0.291745
-0.378196
0.189667
-0.353234
-0.364195
0.126882
0.366627
0.121491
-0.322960
-0.039411
-0.154490
0.019960
0.088470
-0.102921
-0.465175
0.026020
-0.257489
0.122686
0.172078
0.184824
-0.083843
0.226099
-0.013294
0.448923
0.196589
-0.228313
-0.265137
-0.041117
-0.020099
0.136216
0.080608
0.269628
-0.141980
0.270275
0.433411
0.010844
-0.120255
0.185040
0.132333
0.172176
0.145235
-0.122549
-0.325275
0.131294
-0.225079
-0.273431
-0.357293
0.134843
-0.248725
0.331410
0.320059
-0.232176
-0.059901
0.306372
0.218765
0.136687
0.078059
0.470645
0.095177
0.055941
0.089452
-0.441628
0.327589
-0.052528
0.446451
0.243981
-0.041685
-0.291215
-0.188784
-0.009353
-0.016627
-0.143941
-0.131902
0.175119
0.090158
0.260431
-0.095901
0.249491
-0.221745
-0.344627
-0.036509
-0.002470
-0.059784
-0.094000
-0.213118
-0.360059
0.141059
-0.032254
0.009804
0.138256
0.023295
0.197628
0.312018
0.350882
0.044706
0.241058
-0.020137
0.520432
0.052647
0.308098
0.511078
-0.066392
-0.352471
-0.137843
0.108725
-0.363098
0.122981
0.010804
0.501783
-0.098764
-0.333822
-0.051744
-0.101235
0.223804
0.369253
0.303059
-0.136255
0.412333
-0.347000
0.493371
0.033177
0.193707
0.073589
-0.171824
-0.072823
0.118687
0.071647
-0.195372
0.122097
0.021490
0.215137
0.015764
-0.044902
-0.237724
0.394941
0.063431
0.014569
0.000902
-0.440372
-0.101059
0.418763
-0.259588
-0.152803
-0.199490
-0.035783
0.218863
0.105589
-0.169628
0.113784
0.273589
-0.294058
0.144941
-0.049726
0.294529
-0.026882
-0.120137
-0.104196
-0.058039
-0.215117
-0.082490
0.063843
-0.102392
-0.067118
0.018941
-0.240118
0.430628
0.084784
-0.225548
0.328725
0.159020
0.290412
0.132491
-0.000176
0.138000
-0.169412
-0.133941
0.356471
-0.063823
0.213452
-0.149177
0.212177
0.019785
-0.004235
0.062059
-0.303490
-0.031117
0.456922
0.212136
0.013647
-0.373588
0.029255
-0.022902
0.141432
0.064941
-0.001941
-0.098293
-0.124255
0.080823
-0.324235
0.204470
0.340235
-0.033432
-0.180058
-0.277352
-0.412449
0.270352
0.206118
-0.156373
0.204118
-0.097843
-0.205157
-0.100726
0.438961
0.408019
-0.038667
0.135862
-0.242921
-0.098764
-0.269413
-0.229274
0.044667
-0.142176
-0.252175
0.286490
0.439784
0.363294
0.087805
-0.301883
-0.173294
0.380980
-0.095000
0.266941
-0.169470
-0.176686
-0.110804
-0.065294
0.093274
0.097333
0.393727
0.299805
-0.000510
0.087784
0.197058
-0.178568
-0.123628
0.158392
-0.043098
0.253274
-0.038745
0.304902
0.023609
0.106314
0.162726
-0.228569
-0.224607
-0.014902
0.132706
-0.036804
0.300628
0.059805
-0.172451
0.303609
0.224335
-0.442704
0.028941
-0.401470
0.009413
0.122216
-0.306156
-0.214273
-0.097019
-0.306665
0.493333
-0.414961
0.031785
-0.147706
0.260451
0.089080
0.105569
-0.295314
0.391569
0.129569
-0.086588
-0.060705
-0.099000
-0.313215
-0.075608
0.036118
0.169412
0.222609
-0.006882
-0.003431
0.011609
-0.297156
0.068863
-0.576862
-0.181608
0.078275
0.162373
0.129647
-0.233980
-0.449254
-0.179039
0.359352
-0.347195
-0.044842
-0.407784
-0.087137
0.042216
0.317609
-0.380040
-0.181216
-0.170627
