0.750610
0.352539
0.257446
0.616089
0.391235
0.706421
0.566895
0.621582
0.264587
0.416321
0.382080
0.573242
0.856079
0.468384
0.768799
0.450012
0.538208
0.522949
0.449280
0.438110
0.322937
0.672974
0.723267
0.491150
0.765869
0.640503
0.443726
0.325134
0.128784
0.259399
0.546509
0.764893
0.315186
0.389465
0.493713
0.591919
0.206329
0.357971
0.801270
0.359253
0.476379
0.179779
0.632324
0.442932
0.347961
0.698486
0.192719
0.886108
0.220306
0.641968
0.321594
0.543213
0.429138
0.744629
0.620972
0.191071
0.381287
0.475342
0.516724
0.397949
0.322388
0.648682
0.574585
0.637451
0.452576
0.479004
0.225555
0.544434
0.425110
0.437927
0.904907
0.313293
0.317444
0.535522
0.642334
0.552246
0.530884
0.834961
0.434448
0.452209
0.591309
0.455811
0.697510
0.605835
0.497070
0.729126
0.207642
0.881836
0.202850
0.609863
0.390747
0.526367
0.557251
0.550903
0.460205
0.595215
0.029701
0.272278
0.551636
0.454773
0.598145
0.455200
0.768066
0.502075
0.401489
0.407593
0.467224
0.519043
0.355774
0.601440
0.673340
0.243317
0.357422
0.666992
0.849243
0.554443
0.393311
0.353149
0.432251
0.481750
0.663208
0.709839
0.593628
0.217773
0.674072
0.465576
0.813110
0.703735
0.326111
0.477478
0.570190
0.624023
0.518066
0.334412
0.537231
0.506470
0.742432
0.589844
0.725098
0.510010
0.491455
0.394958
0.453247
0.848877
0.172394
0.299744
0.399292
0.454041
0.352661
0.245697
0.636719
0.315552
0.655762
0.643799
0.118698
0.625854
0.694702
0.633911
0.441162
0.431519
0.698120
0.711426
0.353271
0.326721
0.156250
0.778320
0.532959
0.787720
0.779907
0.669189
0.408325
0.567627
0.177032
0.449219
0.412476
0.236145
0.634521
0.814087
0.690308
0.401733
0.645630
0.440247
0.302612
0.597534
0.381287
0.421814
0.337524
0.186523
0.351929
0.778687
0.507324
0.460754
0.488342
0.746216
0.488953
0.530273
0.634766
0.318054
0.729126
0.413147
0.876465
0.724976
0.680908
0.638794
0.472107
0.391968
0.286072
0.517334
0.318115
0.565063
0.504395
0.849243
0.301575
0.218079
0.443970
0.382629
0.527710
0.781494
0.456360
0.580688
0.858765
0.259949
0.743896
0.343140
0.708374
0.529053
0.283997
0.453613
0.736206
0.601929
0.164093
0.723511
0.623535
0.733032
0.658569
0.206116
0.237000
0.645630
0.424377
0.440674
0.507446
0.342163
0.286011
0.809082
0.446960
0.730103
0.603882
0.674438
0.509888
0.647949
0.253357
0.364624
0.907837
0.294678
0.707764
0.726562
0.523560
0.289185
0.478699
0.556396
0.302185
0.228119
0.275940
0.625610
0.373413
0.046219
0.718506
0.495972
0.580200
0.255615
0.522095
0.498230
0.483337
0.507935
0.720215
0.515747
0.351868
0.320068
0.304016
0.747314
0.078522
0.443420
0.523804
0.688477
0.738281
0.342163
0.711304
0.559570
0.631348
0.776611
0.818115
0.521118
0.303589
0.505859
0.444092
0.376831
0.439941
0.275452
0.460510
0.430786
0.417053
0.393188
0.628784
0.785889
0.604370
0.459900
0.413696
0.252441
0.783569
0.603271
0.110291
0.447937
0.457458
0.634033
0.433838
0.897095
0.562744
0.444031
0.455017
0.490234
0.331055
0.269104
0.423645
0.635742
0.660400
0.455444
0.600220
0.800293
0.616943
0.472656
0.342041
0.444580
0.451233
0.269409
0.816162
0.466187
0.730469
0.340271
0.604126
0.510498
0.646240
0.715698
0.846313
0.100861
0.460205
0.390625
0.296448
0.319214
0.835938
0.451233
0.513184
0.465942
0.720215
0.522339
0.687256
0.492493
0.388428
0.285217
0.706177
0.705078
0.643433
0.634766
0.735107
0.508057
0.603882
0.547607
0.271606
0.333252
0.301941
0.578491
0.429199
0.244324
0.704834
0.387268
0.345642
0.754395
0.076416
0.341919
0.184113
0.912720
0.679077
0.697388
0.375854
0.811279
0.332458
0.650757
0.302429
0.721191
0.346497
0.419250
0.424683
0.692505
0.639282
0.456482
0.612427
0.657349
0.303711
0.583862
0.401367
0.305542
0.572876
0.531616
0.550415
0.277649
0.217407
0.482544
0.731812
0.294189
0.712402
0.326599
0.204132
0.503052
0.613281
0.282104
0.427490
0.356384
0.632446
0.729858
0.664185
0.680420
0.734741
0.385559
0.783569
0.785767
0.430908
0.391907
0.439270
0.434448
0.274292
0.540894
0.625488
0.548706
0.371094
0.761230
0.411621
0.588745
0.354248
0.554077
0.584106
0.478821
0.468384
0.487976
0.684082
0.492432
0.655640
0.407776
0.435730
0.584473
0.133759
0.396057
0.677979
0.279053
0.369385
0.458618
0.650269
0.499939
0.738403
0.502808
0.819946
0.713989
0.341064
0.556519
0.258789
0.297485
0.729370
0.672729
0.472778
0.194702
0.222839
0.467529
0.261230
0.390991
0.843384
0.355896
0.470398
0.495056
0.349487
0.202301
0.492859
0.483276
0.300476
0.757202
0.649536
0.370056
0.212280
0.595825
0.756714
0.361389
0.095856
0.687622
0.775269
0.439270
0.656006
0.447021
0.322571
0.496033
0.705078
0.208313
0.276123
0.338562
0.561768
0.538452
0.619019
0.515747
0.191071
0.199890
0.309631
0.541626
0.404480
0.503418
0.910645
0.290405
0.256592
0.670410
0.660400
0.468872
0.266296
0.528198
0.532837
0.362122
0.627686
0.305359
0.501587
0.394226
0.638306
0.712036
0.475647
0.755249
0.332153
0.752197
0.796265
0.593872
0.589355
0.525879
0.698730
0.481384
0.611328
0.118881
0.321655
0.601074
0.507812
0.228638
0.302185
0.464294
0.602417
0.074661
0.633423
0.868774
0.488342
0.463684
0.227356
0.226624
0.771362
0.616821
0.506470
0.520264
0.439392
0.567505
0.274231
0.471375
0.319153
0.771606
0.363037
0.909058
0.293396
0.472534
0.686523
0.791382
0.476990
0.593872
0.505249
0.685791
0.525879
0.808594
0.146118
0.424500
0.771118
0.193756
0.289734
0.370056
0.357239
0.216919
0.600098
0.425232
0.533569
0.102570
0.647583
0.383667
0.559448
0.622803
0.741821
0.289429
0.690430
0.517822
0.194366
0.280029
0.575439
0.582275
0.771240
0.754639
0.174469
0.573975
0.436462
0.700317
0.495850
0.586548
0.824585
0.263062
0.665649
0.814209
0.633545
0.319702
0.327332
0.529907
0.447083
0.863281
0.521973
0.505249
0.244019
0.492065
0.424683
0.399170
0.481262
0.700439
0.502197
0.375854
0.392761
0.663574
0.254272
0.749390
0.528809
0.430054
0.622314
0.265381
0.715820
0.817993
0.737427
0.651978
0.377258
0.513672
0.462708
0.422546
0.833496
0.793457
0.655029
0.390930
0.653198
0.587646
0.482056
0.596924
0.779419
0.493225
0.581543
0.256714
0.604248
0.380371
0.633911
0.696899
0.156830
0.473511
0.746338
0.686768
0.905762
0.479187
0.537598
0.733154
0.294373
0.685669
0.684204
0.671509
0.310303
0.557617
0.679932
0.442139
0.347107
0.446716
0.719116
0.701172
0.619629
0.614136
0.597168
0.696411
0.518066
0.590576
0.652954
0.121811
0.673096
0.283325
0.704834
0.416443
0.171021
0.561523
0.399841
0.073364
0.338135
0.350220
0.692139
0.518188
0.736206
0.486755
0.300110
0.344910
0.343994
0.683472
0.486938
0.276855
0.426331
0.316528
0.680298
0.344482
0.516113
0.274597
0.151428
0.333740
0.865601
0.219055
0.155792
0.534546
0.502441
0.271118
0.951294
0.673584
0.836182
0.463989
0.633545
0.759766
0.399597
0.438904
0.390503
0.546387
0.337524
0.576172
0.476746
0.267334
0.556396
0.374756
0.546509
0.395691
0.579224
0.524048
0.441589
0.507446
0.799194
0.478577
0.426453
0.660767
0.697510
0.582397
0.193665
0.199585
0.555542
0.845947
0.573242
0.387756
0.306030
0.505371
0.558105
0.592773
0.645264
0.533936
0.137451
0.279419
0.224548
0.615845
0.549072
0.780884
0.578247
0.680908
0.763062
0.269043
0.315430
0.200684
0.361877
0.225128
0.682007
0.490906
0.585815
0.677002
0.483887
0.781006
0.576782
0.625366
0.625244
0.448669
0.424744
0.227936
0.655029
0.570923
0.822998
0.711304
0.516724
0.847168
0.401428
0.326599
0.573364
0.535767
0.220215
0.262146
0.627319
0.569092
0.417175
0.643799
0.182770
0.781372
0.755005
0.162109
0.568481
0.640381
0.539307
0.638184
0.417419
0.529053
0.377441
0.339355
0.388367
0.687744
0.455139
0.339539
0.254700
0.275330
0.461548
0.473938
0.232941
0.448364
0.800537
0.806885
0.571777
0.318604
0.367554
0.611084
0.300720
0.485657
0.253601
0.370239
0.563721
0.304810
0.532837
0.833252
0.241364
0.482849
0.584229
0.661499
0.897461
0.257874
0.586304
0.281799
0.645874
0.453186
0.508057
0.314697
0.728394
0.669800
0.374084
0.546997
0.707153
0.472473
0.466492
0.689941
0.493225
0.419739
0.296997
0.679443
0.316040
0.436157
0.749634
0.583130
0.744385
0.278381
0.412781
0.686035
0.346497
0.293152
0.344788
0.242218
0.552612
0.343933
0.525269
0.611450
0.682739
0.735840
0.511475
0.409607
0.401733
0.772705
0.066910
0.405029
0.355591
0.419434
0.392334
0.734253
0.250977
0.277405
0.409790
0.454956
0.714722
0.456726
0.738403
0.455627
0.435425
0.447266
0.440063
0.670898
0.743896
0.784790
0.324280
0.406860
0.126007
0.735107
0.603638
0.811035
0.466919
0.702026
0.332275
0.282776
0.585205
0.284729
0.573853
0.239319
0.407410
0.668213
0.384338
0.658447
0.357544
0.381714
0.813721
0.658081
0.838623
0.849243
0.526611
0.573730
0.409302
0.377380
0.355530
0.149200
0.748779
0.679810
0.556519
0.877075
0.526489
0.749023
0.684082
0.406799
0.561523
0.601807
0.575073
0.445251
0.587524
0.735474
0.684570
0.406067
0.514648
0.064926
0.363037
0.757812
0.446716
0.761963
0.414185
0.399719
0.609619
0.351379
0.858887
0.316284
0.315308
0.625000
0.465942
0.174561
0.300903
0.609009
0.162079
0.713379
0.468628
0.731812
0.117401
0.443604
0.445190
0.392395
0.888916
0.331726
0.426758
0.870239
0.737915
0.528076
0.634888
0.686279
0.698730
0.380554
0.747314
0.110565
0.780396
0.468506
0.461975
0.635254
0.043564
0.137329
0.085617
-0.243317
0.172180
-0.009865
0.064468
0.099442
0.118713
-0.141113
0.132385
-0.004228
-0.226410
-0.104980
0.111832
-0.034317
0.059372
-0.104813
-0.078308
-0.016727
-0.064377
-0.230713
-0.270996
0.111465
-0.033394
0.145966
0.202271
0.175842
0.214508
-0.021431
0.049507
-0.179596
0.261780
-0.155029
0.013603
-0.003799
0.272827
-0.070023
-0.195587
-0.045570
-0.064682
-0.061417
0.097733
0.146698
-0.018780
0.061455
-0.036896
0.040565
-0.042717
-0.115189
0.023285
-0.107101
0.091827
-0.100159
-0.286316
0.058411
0.045799
0.206085
0.235901
-0.178497
-0.106583
-0.004657
-0.068573
0.155151
0.130463
0.235229
0.151428
-0.034439
-0.124313
0.247772
-0.080521
0.100571
0.333923
0.016148
-0.188751
-0.123138
-0.068192
-0.225647
-0.082550
0.036087
0.096878
0.088272
0.075424
-0.101410
-0.157745
0.079224
0.247101
-0.113602
0.284241
0.045403
0.147339
0.177032
-0.106277
-0.211273
0.184631
-0.265930
0.023975
0.045403
-0.010784
-0.100357
-0.145691
-0.090729
0.000245
-0.102417
0.215515
-0.189056
0.063446
-0.143372
0.023621
0.128479
0.039154
-0.027069
0.069214
-0.032967
-0.128479
0.059067
0.045769
-0.028923
-0.054504
-0.107697
0.165741
-0.345459
-0.220795
0.058868
-0.265991
0.253418
-0.207123
-0.242035
0.009314
0.218658
-0.052849
0.011213
-0.162201
-0.052589
0.200653
-0.235626
-0.239899
-0.025951
-0.231384
0.073288
-0.045067
-0.190491
0.193787
0.024204
0.214264
0.064774
0.083267
-0.177094
0.183411
0.317200
-0.137817
0.199890
0.121078
-0.067856
-0.031349
-0.292603
-0.104538
-0.091980
-0.097488
0.194855
-0.162323
-0.002758
0.059685
0.113235
0.382385
-0.178467
0.025154
-0.296936
0.085114
0.085602
0.214020
-0.107513
0.331604
0.116577
-0.083267
0.107635
-0.256348
-0.001103
-0.069458
0.217194
0.027695
0.231049
0.126953
0.001164
0.015043
0.097366
0.144592
0.348206
-0.142181
0.047119
0.105392
-0.014368
0.043259
-0.272583
0.247559
-0.012072
-0.013357
0.125153
-0.017097
0.070648
-0.228638
-0.094330
0.112442
-0.187164
-0.124207
-0.119476
0.212372
-0.090408
0.318237
-0.148865
-0.163361
-0.091858
-0.065399
0.255493
-0.091202
0.097305
-0.085968
0.053368
0.008884
-0.081161
-0.048164
-0.033241
0.052635
-0.004902
-0.159393
0.152649
0.273132
0.264954
-0.161591
-0.035782
0.187500
0.049141
-0.276001
-0.138855
-0.285522
0.037529
0.180542
0.073837
0.094147
0.061089
-0.220825
0.221466
-0.030666
-0.286255
0.038727
-0.121872
0.102325
0.100372
-0.069550
-0.179962
0.018093
-0.117706
-0.213226
-0.077423
-0.122635
0.065079
0.222778
0.002451
0.181366
-0.084656
0.258545
0.078766
-0.035446
0.130157
0.231232
0.116211
-0.270569
-0.025921
-0.247070
0.260071
-0.254883
-0.177734
0.043900
-0.138062
-0.174866
-0.207458
0.176117
-0.072510
0.328918
-0.331116
0.185211
-0.088974
-0.159271
0.118439
-0.166412
0.155853
0.035904
-0.090042
0.158264
-0.073471
-0.028309
0.125580
-0.141632
0.225861
0.107544
0.237183
-0.096756
0.273560
-0.080017
-0.053673
0.097733
-0.044823
-0.083786
-0.296082
-0.036949
0.180725
-0.064651
-0.008410
0.106552
-0.173401
0.098175
0.003339
0.027756
-0.061119
-0.026379
0.010111
-0.195953
-0.137451
-0.081070
-0.185242
0.226868
-0.109299
0.231628
0.084686
-0.321167
0.047951
0.030575
-0.270325
-0.114426
0.240173
0.115448
0.273376
-0.094757
-0.117020
-0.312744
0.158386
0.063171
0.060295
-0.287720
0.171448
0.034988
-0.190063
-0.264099
0.062279
0.186462
0.147339
-0.076324
-0.157043
0.009314
-0.009773
-0.194702
0.089249
-0.119110
-0.253174
-0.116180
-0.003125
0.084900
-0.084412
0.017281
0.118011
-0.281921
-0.157959
0.101349
-0.085999
-0.127411
-0.209747
-0.075699
-0.063660
0.138947
-0.215240
-0.182312
0.026470
-0.115158
-0.009192
0.090469
-0.218842
-0.010555
0.161713
0.061890
0.000490
-0.284058
-0.132812
0.089188
-0.113541
0.050583
-0.318237
-0.116104
0.137207
-0.112503
0.191284
0.254150
-0.246338
-0.256775
0.209625
-0.042709
-0.095810
-0.149384
0.029167
0.130646
0.137177
0.104050
0.095337
0.165375
-0.011076
-0.062546
-0.034836
-0.082352
-0.071396
-0.311890
0.269653
-0.071442
-0.158783
-0.153229
0.164215
0.165924
0.187500
-0.006433
0.049820
0.034004
0.029778
-0.049019
0.142273
0.073593
-0.016178
0.060051
0.030945
-0.111969
0.058273
-0.088547
0.167999
-0.242249
0.164276
0.114639
-0.366882
-0.136932
0.053833
0.035965
0.070892
0.129425
0.015348
0.049324
0.205505
0.003003
0.186218
-0.067947
0.021324
0.084747
-0.221954
0.071182
-0.028862
0.096817
0.312378
-0.177765
0.169922
0.006066
0.029873
-0.237915
0.184814
-0.349548
-0.177765
0.204651
-0.152252
-0.013496
0.029198
-0.229675
-0.151520
-0.207672
0.245728
-0.080643
0.211914
-0.030163
0.116272
-0.021385
0.262939
0.013512
-0.089279
-0.004136
-0.049294
-0.020466
0.067093
0.068283
-0.214325
-0.057137
0.039825
-0.042717
-0.198639
-0.368591
0.009466
-0.014357
-0.278625
-0.020710
0.189148
-0.141357
0.254761
-0.070007
0.066666
-0.186890
0.011351
0.022320
0.022640
-0.212677
-0.008425
-0.298767
0.203644
0.108643
0.152496
-0.032600
0.103928
0.102051
0.093903
-0.266724
-0.119751
-0.120422
0.113907
-0.079926
-0.163147
-0.084717
-0.009100
-0.005515
-0.099045
0.001777
-0.026791
0.239410
0.298157
-0.207977
-0.269409
0.074692
-0.105362
0.031494
0.098770
0.065506
-0.033638
-0.058365
0.204437
-0.120193
0.197266
-0.080765
0.284973
0.152527
-0.268799
-0.058792
-0.112411
-0.098465
-0.031677
0.147369
0.260437
-0.045494
0.062683
-0.186340
-0.199158
-0.034653
0.253174
-0.227051
-0.234039
0.113663
0.002635
-0.065720
-0.101776
-0.102066
0.113388
-0.004657
0.110413
-0.066681
-0.061394
0.314880
0.103333
-0.011642
-0.204132
-0.049355
-0.147522
-0.036430
0.038788
-0.114059
-0.135498
0.007184
-0.114227
-0.313843
0.250122
-0.049835
-0.062500
0.198486
0.063095
0.188934
-0.174438
-0.023346
0.302612
-0.025368
0.201019
-0.236755
0.019547
-0.123840
0.048714
-0.017525
0.098465
-0.012608
0.149750
-0.088303
0.124451
0.093201
0.008823
-0.024090
-0.091385
0.047638
-0.138153
0.211395
0.054840
-0.104782
-0.102448
-0.132782
-0.007047
-0.163208
-0.080124
-0.091476
-0.121811
-0.108109
-0.115997
-0.256836
0.156677
0.084503
-0.203491
0.030453
0.251343
-0.007138
-0.277222
0.059685
0.129517
0.163849
-0.316895
0.106461
-0.033089
0.129517
0.081772
-0.271423
0.029625
-0.346436
0.087555
-0.353210
-0.014093
-0.162445
-0.048317
-0.019394
-0.036087
-0.128448
-0.112503
-0.009743
0.201233
-0.226837
0.023529
0.069489
0.005270
-0.032356
-0.190674
-0.033455
-0.039459
-0.177765
-0.119583
0.089462
0.133636
0.000061
-0.094177
-0.046936
0.128998
-0.013481
0.119308
-0.131439
0.077148
0.206268
-0.194550
-0.083878
0.043869
0.196533
0.186920
-0.280640
-0.080521
0.074356
0.146759
-0.315247
-0.005453
-0.119766
0.043320
-0.147156
-0.300232
0.142700
0.108948
-0.192078
-0.036766
0.135773
-0.100891
-0.339111
-0.154785
0.093384
0.051590
-0.171570
0.081604
0.022823
-0.014063
-0.278870
-0.208588
-0.059311
0.074936
0.273010
-0.011457
0.112564
0.138245
0.055603
-0.101486
0.137482
0.178070
0.039520
-0.130981
-0.068787
-0.108185
0.006526
-0.075333
0.002451
0.104553
0.037193
0.138397
0.003646
-0.011780
-0.014645
0.097000
0.038177
0.250305
-0.259705
-0.229126
-0.053833
-0.100235
-0.001103
0.176910
0.264221
-0.165802
-0.124603
0.088455
-0.173340
0.222839
-0.014154
0.253052
-0.037895
-0.122742
0.270813
0.184570
-0.229187
-0.160309
-0.180878
-0.226715
-0.055824
-0.143677
-0.089417
-0.053802
-0.009039
0.042953
0.192505
0.029198
0.293274
-0.215790
0.090195
-0.197174
-0.169098
-0.201050
-0.021317
-0.050644
0.070892
-0.144806
0.036644
-0.102478
-0.213196
-0.267578
-0.140076
0.186035
0.047333
0.130890
0.080521
0.255798
-0.028923
0.047760
0.176727
-0.232788
0.194214
0.088486
-0.137299
-0.103149
0.130280
-0.093445
0.215607
0.277649
-0.162262
0.016239
0.079346
-0.039459
0.104782
-0.380249
0.200104
-0.114456
-0.087250
-0.053337
0.219604
0.137268
-0.030758
-0.208801
-0.112671
0.163605
0.211090
-0.033333
-0.016544
0.034081
-0.133057
0.010906
-0.049355
-0.227234
0.099442
0.102356
0.105576
0.083847
0.299011
-0.116486
-0.077301
-0.010723
-0.100235
0.001532
0.239929
0.152710
0.059036
0.149902
0.038239
-0.026531
-0.194641
0.111496
-0.037926
0.064148
0.191742
-0.003615
0.228302
-0.035477
-0.182770
0.064209
0.000306
-0.168823
-0.072403
0.241119
0.040504
0.027634
-0.094238
-0.001409
-0.178650
0.204865
0.031372
0.033669
-0.244171
0.219574
0.035172
0.145111
0.082199
-0.195831
0.003186
-0.025951
0.214264
0.100433
0.231964
-0.112091
0.164551
-0.013971
0.174438
-0.044792
0.098099
0.137634
0.017769
0.098465
-0.029503
0.094604
0.049446
-0.136505
0.121689
-0.045914
-0.136841
0.232117
0.158386
0.183563
-0.171967
0.062378
0.113113
-0.137817
0.207489
-0.241302
0.104095
0.063141
0.170471
-0.117615
0.015442
-0.035355
0.059837
-0.109528
-0.049232
-0.204468
-0.154907
-0.099274
0.082352
-0.135468
0.148468
-0.094620
-0.189545
-0.241516
-0.232910
-0.067764
0.004442
0.068069
0.163727
-0.274902
-0.038422
-0.009314
-0.212463
-0.214386
0.290100
0.283447
-0.017921
-0.043533
-0.089340
0.003829
-0.015287
0.072556
0.258728
0.044548
0.252502
-0.081818
-0.010662
-0.190796
-0.181091
-0.076416
-0.037224
-0.181915
0.265564
0.063354
0.016052
0.032753
-0.295166
0.020527
0.102509
-0.132538
0.182800
-0.227753
-0.141785
0.261108
-0.004381
-0.141785
0.106827
-0.170990
-0.038330
-0.273132
-0.167175
0.238220
0.238770
0.091568
0.134094
0.053551
0.009773
-0.166626
-0.138275
0.266418
-0.244110
0.114609
-0.353333
-0.126648
-0.112656
-0.046997
-0.092224
0.029919
-0.026485
-0.280334
0.335083
-0.279663
-0.070374
-0.244354
-0.019150
0.215942
0.050980
0.235260
0.044975
-0.134308
-0.184875
-0.268005
0.103867
-0.236816
-0.028862
-0.052086
0.105820
-0.166046
-0.365662
-0.031265
0.100250
-0.172699
0.083359
-0.252869
-0.304077
0.371948
0.135376
-0.144836
-0.064606
0.257507
-0.242767
0.266663
-0.091080
0.340149
0.304810
0.085266
0.081467
0.452698
0.106506
-0.153992
-0.045540
0.208710
-0.105179
0.468933
-0.190399
0.207916
0.160126
0.054214
-0.265930
-0.252319
-0.231079
0.055389
0.062477
0.319458
0.212006
-0.141235
0.074417
-0.169647
-0.388367
0.110260
-0.012455
-0.011305
-0.142029
-0.005500
-0.290649
0.162262
-0.537598
-0.309509
-0.002551
0.188721
0.154358
-0.048103
0.394958
0.049225
0.423218
0.204590
0.156738
-0.034019
-0.255737
-0.109131
-0.286377
0.030254
-0.054123
-0.125488
-0.169373
-0.359070
0.252808
-0.094864
-0.011719
0.381348
0.015411
0.076263
-0.149261
0.389954
0.073120
0.079468
-0.065201
-0.466492
-0.130005
0.035065
0.339355
0.024418
-0.013037
0.119370
-0.026806
-0.207245
-0.295471
-0.387085
0.375732
-0.034195
0.020802
0.089920
-0.005928
0.067108
-0.136383
-0.172821
0.322937
-0.400574
0.349731
-0.205719
-0.019180
-0.149445
0.390076
-0.168488
0.338928
0.460693
-0.089005
-0.240936
0.511353
-0.216522
0.309143
0.336060
-0.294922
-0.321350
-0.163971
0.295715
0.088974
0.158020
-0.091415
-0.152649
0.126251
0.546753
-0.062744
0.220703
-0.003860
-0.096313
-0.469177
0.321655
0.017731
0.400085
0.115875
-0.001509
-0.268799
0.403442
0.349487
-0.547485
0.347168
0.260559
-0.271667
0.343567
0.043625
-0.479614
0.062195
0.268127
-0.183441
-0.102219
-0.053581
-0.094467
-0.044586
-0.142517
-0.247070
0.179626
-0.213043
0.207611
-0.214600
0.400940
-0.506470
-0.169098
0.205505
0.128662
-0.286011
-0.298096
0.029148
-0.037865
-0.409668
-0.238800
0.034157
-0.162750
-0.078583
-0.139191
-0.436646
0.065887
-0.099335
0.142212
0.233582
0.334534
-0.062401
-0.339050
0.240204
-0.004197
-0.381165
-0.008884
0.175415
-0.077179
-0.318665
-0.141907
-0.193268
-0.207733
0.308838
0.011871
-0.179047
-0.077591
0.331238
-0.149872
-0.015089
0.438721
-0.390625
0.119522
-0.339478
-0.368896
-0.120041
-0.158661
0.213654
-0.221375
0.084381
-0.071838
-0.504517
-0.495117
0.208557
0.351074
0.017387
0.344482
0.243835
-0.323792
-0.249786
0.025566
0.151733
0.073578
-0.179688
-0.156799
0.183868
-0.358765
-0.132019
-0.099915
0.106750
0.470337
-0.281067
-0.283813
-0.029549
-0.003140
-0.135620
-0.250000
-0.061005
-0.438599
0.148468
-0.077454
0.106583
-0.257690
0.044914
0.214722
-0.004955
-0.552734
-0.055817
0.339233
-0.259460
0.209015
0.364868
-0.107681
0.385498
0.185242
0.254578
-0.048088
-0.175537
-0.396423
-0.150024
-0.068771
0.073929
0.188721
-0.352600
-0.055992
-0.431824
0.131622
0.309448
0.124252
0.209717
-0.059105
0.046860
-0.301147
0.202271
-0.006135
0.016472
0.297729
-0.460815
-0.141724
0.120010
-0.203156
0.167694
-0.132538
0.204224
0.036179
-0.047241
0.458801
-0.111923
-0.122391
-0.037926
-0.161987
0.328369
-0.583374
0.026722
-0.124664
-0.021935
0.214417
0.007031
-0.227142
-0.280823
-0.302368
0.328796
0.285522
0.016315
-0.086319
0.377747
-0.069611
-0.307617
0.433960
-0.111343
0.329346
-0.386597
0.156738
-0.420105
-0.283081
0.094620
0.150116
0.176178
0.083054
-0.072678
-0.379150
0.438110
0.255554
-0.342773
-0.150543
-0.383667
0.250305
0.061882
0.240784
-0.077118
-0.218842
0.457520
0.254028
0.167023
-0.045219
-0.351257
-0.072525
-0.014782
-0.139435
0.260742
0.390869
-0.327026
0.489502
0.030609
-0.230103
0.208893
0.024925
0.020405
0.384583
-0.511841
-0.049919
0.103836
-0.071274
0.105347
-0.339355
0.393616
0.339233
-0.086472
-0.161926
-0.037437
0.451355
-0.380737
-0.096924
0.188416
-0.311646
0.374878
-0.160736
0.130463
-0.257324
-0.199768
-0.123352
-0.383484
-0.012255
-0.251160
-0.353149
0.377502
-0.044655
0.189178
-0.221893
-0.177032
0.294861
0.245270
-0.171143
0.223175
-0.166382
0.105011
-0.000613
0.072433
0.018124
-0.062531
0.035011
0.471863
0.076218
-0.164337
0.141327
-0.237793
0.210175
0.497559
0.409790
-0.049171
-0.322021
-0.230621
0.184448
0.185333
0.035645
0.449158
-0.054581
0.507935
0.020947
0.240570
-0.283997
0.315430
0.485779
0.160248
0.023960
-0.298035
0.264893
0.121628
0.291504
0.285400
-0.038818
-0.190521
0.137817
-0.065414
0.162201
-0.338196
-0.303223
-0.142334
-0.455933
-0.410583
0.425537
-0.260803
-0.121689
0.093323
-0.075516
-0.086029
-0.074936
0.485229
-0.195831
0.046410
0.110474
0.135529
-0.155182
0.079254
0.295349
-0.231659
0.298340
-0.054749
0.409058
0.070709
-0.386902
-0.249207
0.397217
-0.148529
0.302795
0.044426
0.130676
-0.000379
0.519531
0.189758
0.106140
0.425964
-0.068604
-0.532471
-0.098083
-0.045708
-0.103973
-0.072632
-0.175812
0.320068
-0.126892
-0.065292
-0.061417
0.237244
0.011932
-0.280640
-0.095123
0.310303
0.181610
-0.205078
-0.236389
-0.106842
0.062744
-0.354187
-0.255310
-0.151764
0.307678
0.389832
-0.152191
0.207672
0.065079
0.056343
0.015930
-0.003895
0.141266
0.020721
0.467346
0.039764
-0.152679
-0.325806
0.357849
0.239868
0.123901
-0.221008
0.376709
-0.381165
0.013350
-0.235382
0.446228
0.295044
-0.437988
0.310242
0.087738
0.241791
-0.144379
0.447449
0.092377
0.161224
0.222351
0.040588
-0.148102
0.287476
-0.003370
-0.132111
0.283569
0.137970
-0.212189
0.131195
0.177734
0.154572
-0.192169
-0.082291
0.294067
0.031738
-0.204956
0.153839
0.169983
0.327820
-0.081940
-0.003615
0.005415
0.095459
0.206116
-0.423889
-0.277771
0.162109
-0.076782
0.430054
-0.193665
0.245972
0.470276
0.175293
-0.083939
-0.150055
-0.055176
-0.418091
-0.012178
-0.166931
0.332825
0.165222
-0.112793
0.138702
0.181335
0.281616
0.070068
-0.124008
-0.081558
0.237671
-0.413513
-0.163086
-0.380981
0.211273
-0.068008
-0.174805
0.304504
0.271606
0.090103
0.328064
0.184265
-0.205933
-0.040810
0.037498
-0.028217
-0.124756
0.504761
0.014975
-0.025467
0.492371
-0.252380
-0.309998
0.040230
-0.364807
0.445801
-0.395813
-0.083099
-0.103622
-0.002819
-0.064209
-0.480957
-0.313538
0.289734
-0.244476
0.412781
0.221741
0.198120
0.200348
-0.122009
-0.329163
-0.090927
0.060249
0.084778
-0.131775
0.097733
-0.046204
-0.256470
-0.014736
-0.031227
-0.181580
-0.139771
-0.283997
0.125488
0.517944
-0.031364
-0.048180
0.119980
-0.014093
0.365234
0.119675
0.438721
0.501343
0.320740
0.111053
-0.260132
0.216583
-0.285034
0.456970
-0.100616
0.210358
-0.389099
-0.291931
0.272949
0.310669
0.193817
-0.146271
-0.352966
0.037743
-0.258972
0.233276
-0.244232
-0.399048
0.468750
-0.118774
0.119278
-0.182404
-0.267273
0.238892
0.320557
-0.419495
-0.258850
0.141846
-0.432739
-0.455017
0.252930
-0.175812
0.378418
-0.029671
-0.336182
0.175476
-0.336365
-0.107819
-0.113968
-0.065369
0.102554
-0.437195
-0.309509
-0.247925
0.117554
0.046600
-0.014629
-0.227478
0.164520
-0.063309
0.269226
0.283752
-0.343689
0.101959
-0.092194
-0.540039
0.197418
0.264038
0.221497
0.281738
0.328247
-0.142883
0.106461
0.087372
-0.172913
-0.129700
-0.251709
0.008204
-0.337891
0.251343
-0.057472
0.384583
0.329163
-0.266602
0.237000
-0.171021
-0.320435
0.121979
0.216858
0.462036
-0.558350
-0.131317
0.228424
-0.284546
-0.129791
-0.483276
-0.209320
-0.449280
-0.216827
-0.088120
0.450439
0.111084
0.286011
-0.060966
0.198456
0.113144
0.326416
-0.053673
0.121323
-0.011045
0.095261
0.166656
-0.143494
-0.092529
-0.202698
-0.008862
0.253540
-0.003646
0.213501
-0.046616
-0.059059
0.272217
0.338745
0.167358
0.502686
0.307312
0.303955
-0.322021
0.377014
0.086761
-0.309814
0.310486
0.197876
-0.023750
0.249481
0.394348
0.089828
-0.043556
-0.274292
-0.406616
-0.054573
-0.178955
0.375427
0.318970
-0.169067
-0.442200
-0.206940
0.082382
0.171143
-0.093781
0.037689
0.110107
0.178528
-0.142639
-0.239563
0.166534
0.066727
-0.035965
-0.155396
-0.073196
-0.049568
-0.467529
-0.382507
-0.469116
0.128601
0.384033
-0.072739
-0.399353
-0.176941
-0.348999
-0.190582
0.287903
0.089005
-0.430115
0.087402
-0.082077
-0.355774
0.400024
0.103088
0.332458
-0.210815
0.040535
-0.074417
-0.134735
-0.202454
0.203094
-0.485596
-0.035706
-0.447937
-0.125916
-0.110886
-0.397522
0.026356
0.123932
-0.248718
-0.462891
-0.009436
-0.321411
-0.347168
-0.286377
-0.053429
-0.020725
0.101959
0.133972
0.166595
0.189392
0.054352
0.327942
-0.030483
0.057121
0.143372
-0.241364
0.097244
-0.450073
0.243408
0.510010
0.272522
0.272888
-0.140503
-0.177765
0.249725
0.365540
0.042252
0.275757
-0.125427
0.410889
0.329956
-0.237244
0.087112
0.083145
0.093781
-0.483398
0.062424
-0.422058
0.170044
0.331848
0.284729
0.224457
0.041939
-0.262756
-0.235443
-0.331299
0.115326
-0.240662
-0.264709
-0.260681
-0.247864
0.007828
0.112595
0.128632
-0.069534
-0.255005
-0.122726
-0.026886
0.020702
-0.248535
-0.233765
-0.166351
0.131622
-0.144165
-0.085236
0.227325
-0.112518
-0.020405
0.320374
0.158020
-0.308411
0.088013
0.380310
-0.266418
-0.072357
0.044502
0.019669
-0.057365
-0.096146
0.374878
-0.217590
0.175415
-0.136749
-0.104965
0.402466
-0.203857
0.259827
-0.338074
-0.231140
-0.337219
0.030792
0.150604
-0.402832
0.162781
0.006433
0.028584
0.289856
-0.103683
0.108643
0.093170
0.052269
-0.199738
-0.333740
0.334595
0.051239
-0.506470
0.479553
0.170898
0.051544
-0.233612
-0.073608
0.350952
-0.058121
0.309082
-0.273010
-0.273499
-0.412170
-0.013174
0.008410
-0.128235
0.267334
-0.063202
0.539307
-0.236176
0.099625
0.031174
-0.207611
0.389038
-0.074448
-0.196930
-0.034393
-0.022213
0.117905
-0.468628
-0.204529
0.269531
-0.359741
-0.340027
-0.074112
-0.308167
-0.056923
-0.248535
0.042824
0.500488
0.160889
-0.230164
-0.290039
-0.253235
-0.343750
-0.283691
0.135498
0.023998
0.272949
0.160339
0.304932
0.372192
0.091141
0.097260
0.246643
-0.083694
0.000257
0.111908
-0.005576
0.120651
0.157867
-0.308044
-0.227203
-0.201843
-0.033028
0.313660
0.107025
-0.090012
-0.449524
-0.467590
-0.106567
0.226471
-0.082748
0.218414
-0.024757
-0.426453
-0.163300
0.110779
-0.402466
