390.283203
399.876953
481.392578
478.050781
479.304688
460.673828
452.621094
470.380859
439.871094
323.197266
519.199219
357.140625
450.103516
322.171875
452.445312
533.640625
317.654297
454.970703
445.564453
374.386719
517.136719
429.779297
443.085938
535.808594
511.839844
452.562500
448.921875
336.593750
472.218750
391.095703
402.695312
419.572266
287.871094
422.177734
422.457031
349.033203
339.945312
361.041016
441.662109
327.179688
413.007812
372.181641
475.451172
407.091797
411.968750
355.876953
460.648438
404.732422
421.767578
340.818359
516.035156
373.988281
469.505859
327.007812
328.570312
489.414062
405.742188
413.568359
385.382812
410.818359
410.892578
495.732422
356.468750
394.707031
306.041016
268.533203
484.146484
378.718750
353.296875
352.927734
439.822266
463.335938
485.996094
368.664062
410.753906
428.433594
334.246094
312.789062
437.783203
409.664062
401.712891
417.123047
421.216797
348.113281
408.646484
411.335938
313.570312
388.089844
405.357422
461.441406
353.115234
399.361328
494.531250
510.912109
325.046875
461.841797
475.900391
455.099609
410.197266
347.296875
453.996094
409.238281
503.724609
402.800781
461.363281
556.582031
390.496094
417.150391
355.867188
443.416016
407.958984
506.044922
476.378906
444.287109
456.296875
465.677734
413.923828
449.076172
453.253906
466.568359
363.994141
376.533203
452.841797
368.820312
396.519531
283.882812
448.146484
454.736328
325.076172
472.919922
352.070312
