0.660645
0.369385
0.661133
0.697754
0.364258
0.620117
0.397705
0.666992
0.548828
0.699219
0.534668
0.485352
0.521973
0.583984
0.514648
0.491455
0.359863
0.513672
0.446777
0.423828
0.283447
0.833008
0.589844
0.614746
0.513672
0.389648
0.260742
0.388916
0.653320
0.478271
0.704102
0.613770
0.433838
0.476318
0.421631
0.797852
0.207031
0.707031
0.578613
0.758301
0.401367
0.223389
0.354004
0.623535
0.392334
0.755371
0.414551
0.752930
0.379883
0.861816
0.877930
0.548828
0.691895
0.466064
0.161377
0.316650
0.440918
0.422363
0.591309
0.393311
0.487793
0.405273
0.418945
0.332275
0.770508
0.726562
0.243896
0.273926
0.429199
0.708008
0.329590
0.242676
0.516602
0.268555
0.279297
0.321289
0.435303
0.693848
0.773926
0.401611
0.552734
0.649902
0.538086
0.355713
0.412354
0.699219
0.560547
0.854980
0.234863
0.562012
0.358887
0.609375
0.855957
0.477783
0.353271
0.736816
0.201294
0.183716
0.308350
0.630371
0.891113
0.340088
0.875977
0.519531
0.608887
0.152954
0.727539
0.747559
0.432129
0.613770
0.734863
0.281738
0.561523
0.683105
0.522949
0.673340
0.497070
0.494385
0.524414
0.617676
0.757812
0.297607
0.337646
0.610840
0.660645
0.578613
0.758789
0.864746
0.463379
0.767090
0.792969
0.465088
0.693359
0.665039
0.284180
0.415771
0.818359
0.121643
0.749023
0.547852
0.622070
0.593750
0.415039
0.479980
0.390137
0.051971
0.150024
0.772949
0.245728
0.677734
0.387695
0.301514
0.675293
0.725586
0.612305
0.632324
0.299316
0.367432
0.494385
0.173828
0.248535
0.400879
0.528320
0.641113
0.176758
0.698730
0.642578
0.884766
0.707031
0.801758
0.428467
0.741699
0.394531
0.545410
0.218384
0.670898
0.597656
0.370850
0.854980
0.255371
0.159180
0.239380
0.144531
0.719727
0.376709
0.167358
0.464111
0.261963
0.536621
0.257568
0.439209
0.670898
0.358398
0.853516
0.309326
0.420410
0.661621
0.364990
0.601562
0.479004
0.464355
0.617676
0.217163
0.558594
0.574707
0.437744
0.641113
0.468262
0.509277
0.493408
0.309326
0.553711
0.732910
0.453613
0.385742
0.695312
0.623535
0.735352
0.371582
0.747559
0.878906
0.696289
0.529297
0.347656
0.660156
0.249634
0.656250
0.433105
0.501465
0.254639
0.324219
0.668457
0.872559
0.429199
0.637695
0.443359
0.568359
0.278320
0.498779
0.488037
0.068848
0.810059
0.627441
0.804199
0.561523
0.423828
0.911133
0.770996
0.155396
0.278564
0.628906
0.147339
0.386230
0.570312
0.380371
0.746582
0.408203
0.334229
0.476074
0.320312
0.591797
0.387695
0.688477
0.460205
0.229126
0.326172
0.317627
0.796875
0.490234
0.516113
0.281006
0.559082
0.623535
0.608398
0.773926
0.298096
0.618164
0.683594
0.066223
0.773926
0.548340
0.697754
0.808105
0.636230
0.564941
0.301270
0.679688
0.384521
0.520996
0.269531
0.292480
0.223877
0.658203
0.278564
0.687988
0.586914
0.490479
0.590820
0.380371
0.391357
0.403564
0.661621
0.652832
0.325439
0.267090
0.423584
0.324463
0.296387
0.404785
0.276367
0.066406
0.065918
0.384521
0.876465
0.704102
0.537598
0.175781
0.679688
0.621582
0.697266
0.649414
0.500488
0.809570
0.719727
0.781250
0.493896
0.302734
0.382080
0.495117
0.683594
0.475830
0.784180
0.342041
0.425049
0.809570
0.609375
0.735352
0.719727
0.791504
0.842773
0.108582
0.747070
0.908691
0.079956
0.734375
0.608887
0.618164
0.795898
0.701172
0.353027
0.490234
0.648926
0.263916
0.411377
0.364990
0.631836
0.790527
0.371094
0.427002
0.396729
0.351807
0.489258
0.179688
0.582031
0.500000
0.690430
0.488770
0.346191
0.823730
0.393311
0.299561
0.228516
0.551270
0.205566
0.308594
0.282959
0.110901
0.628418
0.664062
0.700195
0.277344
0.565918
0.460938
0.428467
0.564941
0.525391
0.173218
0.766113
0.782227
0.485840
0.750488
0.722656
0.674805
0.341553
0.715820
0.587891
0.328613
0.201172
0.819336
0.147949
-0.139893
-0.115967
-0.306396
-0.021072
-0.030640
-0.210327
0.153564
-0.152710
-0.264404
-0.035034
-0.238159
-0.173096
-0.231689
-0.150269
-0.073792
0.153809
0.122070
0.007965
0.011642
-0.042267
0.271484
-0.193726
-0.143677
-0.001471
0.005882
0.259766
-0.099487
0.101990
0.145142
0.218262
-0.045349
-0.141968
-0.188599
0.087891
0.274902
-0.219116
0.314941
-0.008087
0.064941
0.049255
-0.043274
0.264404
0.314209
-0.127441
-0.175903
-0.197998
-0.122925
-0.052216
0.249512
-0.109558
0.052704
0.083313
-0.303955
-0.092346
0.082703
0.141235
-0.122742
-0.016785
-0.194336
-0.126221
-0.089722
0.197998
0.021576
0.012009
-0.153320
-0.139526
0.231323
0.013908
-0.147827
-0.141602
-0.084778
0.098755
-0.165649
-0.060791
0.261963
-0.051910
0.032959
0.138916
0.043640
-0.008453
0.028915
0.095093
-0.216553
0.164429
-0.144897
-0.133667
-0.132935
-0.267822
0.287842
-0.037384
0.045349
-0.240234
-0.277832
0.214600
0.063721
0.007843
0.074585
0.004227
-0.126587
-0.073059
-0.137451
-0.063049
0.025986
0.133911
-0.123779
0.287842
-0.354004
0.054901
0.136475
0.126221
-0.243774
0.019730
0.075012
-0.168335
-0.253418
0.077698
0.133545
-0.096313
-0.188843
-0.016174
0.012749
0.145020
0.182983
-0.265625
-0.078186
-0.191406
0.032104
-0.002941
-0.041168
0.054901
-0.224243
0.259277
-0.298584
-0.198120
0.246094
0.013603
0.089478
0.329834
-0.220093
0.079773
0.017899
-0.025986
-0.190674
-0.054657
0.242310
-0.008186
0.024567
-0.060059
0.043030
-0.165894
-0.076965
-0.092285
0.126709
0.105896
-0.210815
-0.098877
-0.085571
-0.177002
-0.102539
0.163452
0.313965
0.111511
-0.014954
0.162964
0.351318
-0.206665
-0.113586
0.002941
-0.314697
-0.043152
0.082458
-0.007843
-0.068726
0.038116
-0.060913
-0.264893
0.030151
-0.037506
-0.035034
0.362793
0.234253
-0.110046
-0.020920
-0.076599
0.285645
0.058563
0.261719
-0.088440
-0.119629
0.012192
0.073303
-0.243408
0.271484
-0.379395
-0.080811
0.184692
-0.148315
0.096191
0.040192
-0.025497
-0.095215
-0.168823
-0.031616
-0.016418
0.159302
-0.093750
0.010536
0.041534
0.015808
-0.024872
0.114136
-0.187744
-0.134644
0.093140
0.173096
-0.137573
0.152466
-0.002941
0.062256
-0.257812
-0.428711
-0.302002
-0.061890
0.280518
-0.242188
0.147461
0.027939
0.047424
-0.194702
0.067505
0.313232
-0.141846
-0.099487
-0.157227
0.132080
0.059692
-0.103943
0.140747
-0.187744
0.201904
-0.029984
-0.074524
-0.275635
-0.166138
-0.127686
0.187256
-0.014214
-0.265625
0.184204
0.048157
-0.085632
0.193970
0.037750
0.141968
0.036652
-0.056854
-0.000245
-0.083435
-0.156982
0.095337
-0.015320
-0.135010
0.101196
-0.114502
-0.002634
0.233032
0.233521
-0.106628
-0.063843
0.193604
0.095337
-0.093872
-0.027084
-0.033081
0.032104
0.281982
-0.136475
0.016907
0.015671
0.049500
-0.223633
-0.071228
-0.194946
-0.039581
-0.075134
0.278076
-0.243652
0.214233
-0.241211
0.035309
0.018265
0.181152
-0.097900
-0.026962
0.064697
0.046936
-0.231567
0.008331
-0.057953
-0.005394
0.056122
0.037262
0.049011
-0.119507
0.005455
0.080872
0.309326
0.159058
-0.050354
-0.112671
0.208618
0.162354
0.106140
0.012497
0.122314
-0.260742
0.291748
-0.268799
0.100952
0.050476
-0.084534
-0.169189
-0.207764
0.107117
-0.197144
-0.142700
0.153931
0.008827
0.155884
0.095581
0.150024
-0.225708
0.134399
0.051483
-0.197632
0.140137
-0.305908
-0.178467
-0.138428
-0.208252
0.145386
-0.367676
-0.045837
-0.037445
0.082581
0.078430
-0.298340
-0.063477
0.099243
0.241211
-0.013725
-0.134033
0.362305
0.216431
-0.026962
-0.125732
-0.364014
0.274414
0.172119
0.231201
0.222534
0.031250
0.004288
-0.081726
-0.205811
-0.044373
-0.089966
-0.073853
0.065674
0.209839
0.155640
0.065247
0.132202
0.111145
0.027817
0.214233
0.041901
-0.124023
-0.138062
-0.297607
-0.030457
0.138550
0.006863
-0.106567
0.065430
0.127441
0.204224
-0.008331
-0.035553
-0.061279
-0.068604
-0.102722
0.119385
0.227539
0.104919
0.203003
0.035309
0.016846
-0.308594
0.100952
-0.225342
0.357422
-0.219116
-0.216187
-0.040741
0.333496
-0.094360
0.226807
-0.340820
0.092407
0.170776
0.162720
0.374756
0.351318
0.329102
-0.190186
0.111145
0.217163
-0.102966
0.481934
-0.155762
0.067383
0.276855
-0.054291
-0.044464
-0.032166
-0.070679
-0.000521
-0.397949
0.127808
0.074402
-0.008514
-0.029617
-0.245850
-0.325195
-0.070618
-0.012993
-0.317139
0.053802
-0.355469
-0.224976
0.124084
-0.293213
-0.467773
-0.041748
0.139160
-0.040131
0.068848
0.255371
-0.143921
-0.064331
0.199707
-0.073914
0.210571
0.147583
-0.219360
-0.338623
0.076965
-0.119629
-0.121582
-0.314697
-0.145752
0.389404
0.172974
-0.291016
0.164429
-0.000552
0.313965
-0.153198
0.153198
0.578125
0.141724
-0.240234
-0.232178
0.188477
0.237793
0.423584
0.148560
-0.311035
0.163940
0.007229
-0.377441
-0.155518
-0.167603
0.450684
-0.008179
-0.288574
0.113831
-0.033997
0.108948
-0.108459
-0.245728
0.061920
-0.336426
0.443848
-0.330078
-0.169800
-0.071594
0.604004
-0.322754
0.081726
0.561523
-0.183838
-0.256348
0.329102
0.006985
0.081299
0.135742
-0.361816
-0.332275
-0.217529
0.262451
-0.090027
0.143677
0.195068
-0.257080
0.035675
0.423584
-0.143677
0.101868
-0.087280
0.265625
-0.244873
-0.023239
0.029221
0.301758
0.163696
-0.142944
-0.389648
0.149292
0.154297
-0.408447
0.194092
-0.029709
-0.049561
0.423340
-0.022797
-0.068787
0.041351
0.234985
-0.298340
-0.276611
-0.020020
0.229004
-0.235596
0.074829
-0.028442
-0.100098
-0.119385
-0.171509
0.004074
0.413574
-0.523438
-0.240967
-0.227417
0.123047
0.060730
-0.064270
-0.017593
0.188232
-0.014893
0.033569
-0.119507
-0.438477
-0.096436
-0.068970
-0.532227
-0.018631
-0.035095
0.025681
0.215942
0.182129
-0.253174
-0.423584
0.411133
-0.385986
-0.349121
0.380371
0.030640
0.051422
0.108276
0.034454
-0.054504
-0.315186
0.313232
0.235352
-0.290283
-0.143921
0.168823
0.307373
0.044739
0.254395
-0.276367
0.025085
-0.182007
-0.272461
-0.143921
-0.199951
0.326416
-0.279053
0.446289
0.022797
-0.097534
-0.424805
0.118713
0.311035
-0.294189
0.387207
0.076172
-0.260986
-0.078613
0.284912
-0.226685
-0.133057
-0.128418
-0.431396
0.099792
-0.318604
-0.057495
-0.246582
0.088928
0.087646
-0.093079
-0.287842
0.012299
0.242188
-0.462158
-0.232056
0.144897
-0.134033
0.007965
-0.028946
-0.111633
0.008629
0.063354
0.006893
-0.295410
-0.230591
-0.121216
0.298584
0.125488
-0.201660
0.065613
-0.103088
0.284668
0.453857
-0.014954
-0.132935
0.135620
-0.072510
-0.479492
0.122009
0.531738
-0.053009
-0.065308
-0.073425
-0.330322
0.091980
0.311768
0.331299
-0.044556
-0.199219
-0.314941
-0.156128
0.329102
-0.251709
0.368408
0.033386
-0.382080
-0.370361
0.331787
-0.256592
0.044861
-0.220337
0.157104
0.227417
-0.281006
0.139648
0.096741
-0.145874
-0.449951
-0.385254
0.078918
-0.538086
0.179199
-0.088867
0.005836
0.368408
0.103516
0.217651
0.180542
-0.041534
0.018112
0.485107
-0.197021
-0.270508
0.333740
-0.346436
-0.237427
0.468994
-0.099365
0.093933
-0.408203
0.561035
-0.124390
-0.250977
0.173096
0.111694
0.508301
0.370361
-0.034149
-0.044067
0.502441
0.043152
-0.580078
0.164673
-0.044098
0.043549
-0.084656
0.059265
-0.356689
-0.421875
0.118286
0.181152
0.061249
-0.078979
-0.089966
0.294434
0.092041
-0.325195
0.143677
0.092712
-0.231323
0.353516
0.036194
-0.355957
0.204834
-0.307861
-0.143677
0.093384
-0.040161
-0.077454
0.049561
-0.052979
-0.135010
-0.530762
0.111816
-0.078918
0.032104
-0.075745
-0.017334
0.290771
0.019547
0.000735
0.471680
-0.434326
0.022110
-0.236206
0.375488
0.013237
0.056122
0.004166
0.103943
-0.077087
-0.160278
-0.477783
0.187256
-0.055878
-0.268066
-0.059509
-0.062988
0.309082
0.380127
-0.011826
0.255859
0.247559
0.074768
-0.251953
-0.349365
0.205078
0.289795
0.150879
0.397461
0.412354
-0.368408
0.251465
-0.124390
0.170898
0.115540
0.351562
-0.335205
-0.348145
-0.261963
0.285400
0.094849
0.097046
0.427734
0.281006
0.141357
0.159302
