0.660889
0.369385
0.661621
0.697510
0.364197
0.620239
0.397888
0.667358
0.549072
0.698730
0.534668
0.485046
0.522095
0.583984
0.514893
0.491394
0.359741
0.513428
0.446838
0.423645
0.283447
0.833252
0.590332
0.614990
0.513550
0.389709
0.260925
0.388916
0.653809
0.477966
0.703735
0.613647
0.433899
0.476318
0.421692
0.798096
0.206970
0.706787
0.578247
0.758179
0.401489
0.223419
0.353760
0.623291
0.392700
0.755371
0.414490
0.752930
0.379822
0.861816
0.877441
0.548828
0.692017
0.466125
0.161377
0.316650
0.441162
0.422302
0.591187
0.393433
0.487915
0.405334
0.418945
0.332458
0.770752
0.726562
0.243866
0.273865
0.429382
0.707642
0.329468
0.242676
0.516968
0.268616
0.279419
0.321350
0.435242
0.693848
0.774048
0.401550
0.552856
0.649780
0.537964
0.355835
0.412109
0.699463
0.560303
0.854370
0.234924
0.562256
0.358887
0.609619
0.855347
0.477661
0.353210
0.736938
0.201447
0.183624
0.308289
0.630859
0.891357
0.340332
0.876343
0.519775
0.608887
0.152863
0.727051
0.747437
0.432129
0.614014
0.734497
0.281555
0.561523
0.683472
0.522949
0.673584
0.496887
0.494019
0.524536
0.617432
0.758301
0.297546
0.338013
0.611084
0.660645
0.577759
0.758545
0.864990
0.463684
0.767212
0.793091
0.465332
0.692871
0.665283
0.284058
0.415710
0.818115
0.121613
0.749023
0.548218
0.622314
0.593750
0.415100
0.480042
0.390198
0.051971
0.150055
0.773071
0.245789
0.678101
0.387634
0.301514
0.675415
0.725464
0.612305
0.632324
0.299438
0.367432
0.494568
0.173737
0.248474
0.400818
0.528564
0.641235
0.176666
0.698120
0.642212
0.884277
0.706543
0.802002
0.428467
0.741821
0.394531
0.545532
0.218231
0.671265
0.597656
0.370605
0.855103
0.255249
0.159119
0.239288
0.144409
0.720093
0.376709
0.167358
0.464233
0.262024
0.537109
0.257629
0.439209
0.671021
0.358398
0.853394
0.309509
0.420593
0.661987
0.365051
0.601074
0.479004
0.464417
0.617310
0.217133
0.558716
0.574585
0.437744
0.641235
0.468628
0.509277
0.493591
0.309265
0.553955
0.732910
0.453674
0.385803
0.695435
0.623779
0.735596
0.371582
0.747559
0.878662
0.696411
0.529541
0.347534
0.660645
0.249664
0.656494
0.433105
0.501465
0.254761
0.324280
0.668335
0.872559
0.429260
0.637817
0.443237
0.567871
0.278564
0.498840
0.487915
0.068832
0.810425
0.627319
0.803955
0.561890
0.423767
0.911133
0.771118
0.155273
0.278809
0.628906
0.147308
0.386292
0.570312
0.380371
0.746704
0.408081
0.334229
0.475952
0.320251
0.591919
0.388000
0.688477
0.460266
0.229065
0.326233
0.317627
0.797119
0.490295
0.516357
0.281006
0.559204
0.623291
0.608032
0.774414
0.297974
0.618286
0.683838
0.066254
0.774048
0.548584
0.697510
0.808105
0.636719
0.564575
0.301331
0.679688
0.384521
0.521606
0.269653
0.292419
0.223907
0.658081
0.278687
0.687500
0.587036
0.490417
0.590576
0.380493
0.391479
0.403625
0.661499
0.653076
0.325500
0.267273
0.423523
0.324463
0.296265
0.404724
0.276306
0.066391
0.065964
0.384399
0.876831
0.703979
0.537720
0.175812
0.679932
0.622192
0.697388
0.649780
0.500366
0.810303
0.719604
0.781372
0.493958
0.302673
0.382141
0.495239
0.684204
0.475769
0.784424
0.342285
0.425171
0.809692
0.609619
0.735474
0.719482
0.791260
0.842651
0.108551
0.747314
0.908691
0.079971
0.734497
0.609009
0.617798
0.795776
0.700806
0.353088
0.490479
0.649170
0.264099
0.411194
0.364807
0.631836
0.790649
0.371277
0.426941
0.396912
0.351807
0.489319
0.179626
0.582031
0.500366
0.689575
0.488770
0.346191
0.823242
0.393311
0.299377
0.228485
0.551147
0.205597
0.308472
0.282898
0.110901
0.628418
0.664673
0.699707
0.277710
0.565674
0.460815
0.428406
0.564941
0.525635
0.173126
0.766357
0.782349
0.485718
0.750854
0.722168
0.675293
0.341614
0.715942
0.587524
0.328613
0.201172
0.819214
0.147949
-0.140045
-0.116089
-0.306396
-0.021019
-0.030636
-0.210602
0.153442
-0.152771
-0.264404
-0.035049
-0.237976
-0.173065
-0.231750
-0.150238
-0.073837
0.153748
0.122116
0.007904
0.011673
-0.042404
0.271484
-0.193817
-0.143768
-0.001532
0.005821
0.259827
-0.099472
0.101929
0.145233
0.218323
-0.045219
-0.141785
-0.188416
0.087830
0.274902
-0.219116
0.314941
-0.008211
0.064743
0.049385
-0.043228
0.264465
0.314087
-0.127380
-0.175903
-0.198029
-0.122910
-0.052086
0.249298
-0.109558
0.052513
0.083145
-0.303894
-0.092316
0.082733
0.141296
-0.122620
-0.016727
-0.194489
-0.126099
-0.089676
0.198029
0.021629
0.012011
-0.153595
-0.139465
0.231232
0.013893
-0.147675
-0.141693
-0.084839
0.098679
-0.165649
-0.060844
0.262024
-0.051949
0.032936
0.139099
0.043564
-0.008455
0.029045
0.095032
-0.216583
0.164520
-0.144867
-0.133789
-0.133026
-0.268005
0.287720
-0.037346
0.045311
-0.240204
-0.278137
0.214478
0.063629
0.007782
0.074509
0.004182
-0.126465
-0.073105
-0.137573
-0.063126
0.026165
0.133972
-0.123962
0.287598
-0.353943
0.054840
0.136536
0.126221
-0.243744
0.019730
0.074814
-0.168488
-0.253418
0.077576
0.133728
-0.096359
-0.188690
-0.016300
0.012745
0.145020
0.182922
-0.265930
-0.078156
-0.191742
0.031921
-0.003003
-0.041054
0.054779
-0.224304
0.259155
-0.298401
-0.198120
0.246155
0.013573
0.089462
0.329956
-0.219940
0.079590
0.017952
-0.025951
-0.190735
-0.054779
0.242157
-0.008192
0.024563
-0.060051
0.043030
-0.165833
-0.076920
-0.092346
0.126770
0.106064
-0.210632
-0.098923
-0.085602
-0.176941
-0.102493
0.163483
0.313843
0.111496
-0.015074
0.162994
0.351074
-0.206543
-0.113571
0.002880
-0.314880
-0.043381
0.082504
-0.007965
-0.068771
0.038208
-0.060989
-0.264893
0.030087
-0.037560
-0.034866
0.362610
0.234314
-0.110031
-0.020924
-0.076599
0.285522
0.058548
0.261658
-0.088440
-0.119553
0.012209
0.073318
-0.243408
0.271301
-0.379395
-0.080917
0.184723
-0.148224
0.096237
0.040077
-0.025398
-0.095261
-0.168701
-0.031616
-0.016422
0.159119
-0.093765
0.010477
0.041603
0.015717
-0.024910
0.114120
-0.187622
-0.134888
0.093201
0.172943
-0.137787
0.152313
-0.003125
0.062225
-0.257996
-0.428528
-0.302063
-0.061829
0.280457
-0.242096
0.147369
0.028065
0.047363
-0.194641
0.067551
0.313232
-0.141754
-0.099442
-0.157227
0.131927
0.059776
-0.103989
0.140747
-0.187622
0.201904
-0.029976
-0.074631
-0.275879
-0.166016
-0.127838
0.187195
-0.014215
-0.265686
0.184143
0.048027
-0.085815
0.193878
0.037743
0.141968
0.036613
-0.056740
-0.000214
-0.083420
-0.156982
0.095276
-0.015257
-0.134979
0.101166
-0.114624
-0.002650
0.233093
0.233582
-0.106613
-0.063843
0.193512
0.095276
-0.093811
-0.026901
-0.032997
0.031982
0.281799
-0.136414
0.016666
0.015663
0.049385
-0.223755
-0.071259
-0.195007
-0.039459
-0.075150
0.278198
-0.243774
0.214233
-0.241241
0.035233
0.018291
0.181183
-0.098007
-0.027023
0.064957
0.046875
-0.231628
0.008394
-0.057999
-0.005362
0.056068
0.037315
0.048958
-0.119522
0.005468
0.080978
0.309326
0.159149
-0.050461
-0.112701
0.208557
0.162445
0.106186
0.012377
0.122360
-0.260803
0.291748
-0.268921
0.100983
0.050491
-0.084442
-0.169098
-0.207703
0.107101
-0.197266
-0.142731
0.154053
0.008823
0.155792
0.095459
0.149933
-0.225800
0.134521
0.051376
-0.197723
0.140015
-0.305969
-0.178558
-0.138580
-0.208191
0.145355
-0.367798
-0.045708
-0.037437
0.082413
0.078430
-0.298157
-0.063599
0.099014
0.241119
-0.013634
-0.134155
0.362122
0.216431
-0.026993
-0.125763
-0.364014
0.274658
0.172058
0.231171
0.222504
0.031281
0.004243
-0.081833
-0.205719
-0.044243
-0.089951
-0.073898
0.065628
0.209778
0.155670
0.065170
0.132172
0.111084
0.027725
0.213959
0.041916
-0.123993
-0.138031
-0.297913
-0.030437
0.138550
0.006802
-0.106567
0.065445
0.127380
0.204224
-0.008516
-0.035660
-0.061394
-0.068512
-0.102692
0.119186
0.227539
0.105087
0.203003
0.035202
0.016850
-0.308533
0.100906
-0.225525
0.357117
-0.219238
-0.216370
-0.040855
0.333130
-0.094482
0.226440
-0.340576
0.092407
0.170837
0.162750
0.374512
0.351318
0.329224
-0.190308
0.111053
0.217041
-0.102997
0.481628
-0.155762
0.067276
0.276917
-0.054382
-0.044708
-0.032249
-0.070648
-0.000605
-0.398071
0.127686
0.074173
-0.008532
-0.029758
-0.245819
-0.325256
-0.070587
-0.012991
-0.317261
0.053520
-0.355652
-0.224945
0.123978
-0.293152
-0.467773
-0.041733
0.138855
-0.040184
0.068878
0.255005
-0.143555
-0.064499
0.199768
-0.073868
0.210388
0.147430
-0.219330
-0.338928
0.076813
-0.119553
-0.121536
-0.314514
-0.145752
0.389465
0.172760
-0.290894
0.164154
-0.000597
0.313660
-0.153046
0.153320
0.577881
0.141479
-0.240143
-0.232239
0.188354
0.237549
0.423279
0.148224
-0.310974
0.163788
0.006954
-0.377441
-0.155518
-0.167664
0.450317
-0.008066
-0.288635
0.113937
-0.034081
0.108856
-0.108429
-0.245850
0.061417
-0.336487
0.443604
-0.330078
-0.169861
-0.071625
0.603394
-0.322937
0.081711
0.561523
-0.183838
-0.256409
0.329407
0.006970
0.081146
0.135468
-0.361877
-0.332092
-0.217621
0.262146
-0.090118
0.143494
0.194855
-0.257141
0.035385
0.423279
-0.143646
0.101746
-0.087311
0.265320
-0.244843
-0.023357
0.029335
0.301575
0.163605
-0.143005
-0.389526
0.149200
0.154022
-0.408203
0.193756
-0.029766
-0.049614
0.423218
-0.022793
-0.068863
0.041313
0.234772
-0.298157
-0.276733
-0.020088
0.229065
-0.235596
0.074814
-0.028442
-0.100220
-0.119308
-0.171753
0.003944
0.413208
-0.523804
-0.240936
-0.227539
0.122971
0.060677
-0.064285
-0.017601
0.188171
-0.015028
0.033669
-0.119675
-0.438599
-0.096512
-0.068909
-0.532471
-0.018871
-0.034973
0.025871
0.215881
0.181793
-0.253174
-0.423645
0.410583
-0.386169
-0.348816
0.380188
0.030697
0.051331
0.108109
0.034340
-0.054482
-0.315308
0.312866
0.235046
-0.290344
-0.143829
0.168762
0.307251
0.044731
0.254150
-0.276550
0.025467
-0.182037
-0.272583
-0.143799
-0.199890
0.325928
-0.279175
0.445862
0.022732
-0.097610
-0.424805
0.118484
0.311035
-0.294250
0.387146
0.076187
-0.260986
-0.078629
0.284546
-0.226715
-0.133087
-0.128540
-0.431274
0.099548
-0.318481
-0.057587
-0.246399
0.089172
0.087524
-0.092972
-0.287720
0.012182
0.242035
-0.462402
-0.232025
0.144928
-0.134033
0.007935
-0.029099
-0.111801
0.008688
0.063141
0.006763
-0.295288
-0.230621
-0.121140
0.297791
0.125427
-0.201721
0.065521
-0.103271
0.284607
0.453918
-0.015013
-0.132874
0.135559
-0.072586
-0.479553
0.121918
0.531494
-0.053108
-0.065414
-0.073624
-0.330505
0.092056
0.311768
0.331482
-0.044380
-0.199249
-0.315002
-0.156067
0.328796
-0.251770
0.368164
0.033562
-0.382019
-0.370361
0.331482
-0.256592
0.044914
-0.220459
0.156738
0.227142
-0.281006
0.139771
0.096710
-0.145844
-0.450256
-0.384949
0.078918
-0.537964
0.179047
-0.088898
0.005772
0.368042
0.103226
0.217529
0.180481
-0.041573
0.017899
0.484863
-0.197296
-0.270630
0.333496
-0.346130
-0.237488
0.468445
-0.099503
0.093979
-0.407898
0.560791
-0.124359
-0.251099
0.172974
0.111694
0.508545
0.370056
-0.034157
-0.044106
0.502197
0.042648
-0.579834
0.164581
-0.044128
0.043465
-0.084778
0.059021
-0.356812
-0.421692
0.118286
0.180511
0.061096
-0.078964
-0.090042
0.294312
0.091919
-0.325134
0.143433
0.092758
-0.231506
0.352905
0.036179
-0.355774
0.204620
-0.307800
-0.143738
0.093262
-0.040184
-0.077576
0.049187
-0.052963
-0.135162
-0.530884
0.111694
-0.078857
0.031982
-0.075821
-0.017418
0.290588
0.019485
0.000490
0.471191
-0.433960
0.021923
-0.236237
0.375427
0.013083
0.056068
0.004167
0.103882
-0.076996
-0.160278
-0.477783
0.187012
-0.056007
-0.268188
-0.059509
-0.063080
0.308716
0.380005
-0.011810
0.255798
0.247314
0.074722
-0.251953
-0.349060
0.205109
0.289673
0.150574
0.397278
0.411926
-0.368347
0.251099
-0.124359
0.170685
0.115219
0.351440
-0.335266
-0.348022
-0.262146
0.285156
0.094421
0.097031
0.427307
0.281067
0.141449
0.159180
