0.660912
0.369366
0.661644
0.697517
0.364201
0.620163
0.397881
0.667297
0.548943
0.698631
0.534676
0.485035
0.522064
0.583870
0.514923
0.491394
0.359711
0.513420
0.446793
0.423618
0.283417
0.833145
0.590279
0.614891
0.513634
0.389690
0.260914
0.388908
0.653702
0.477951
0.703659
0.613617
0.433876
0.476280
0.421658
0.798073
0.206964
0.706718
0.578201
0.758209
0.401421
0.223400
0.353767
0.623314
0.392651
0.755417
0.414440
0.752808
0.379810
0.861679
0.877426
0.548775
0.692062
0.466087
0.161367
0.316673
0.441162
0.422283
0.591133
0.393421
0.487915
0.405327
0.418907
0.332485
0.770630
0.726562
0.243837
0.273846
0.429359
0.707588
0.329475
0.242651
0.516823
0.268627
0.279415
0.321346
0.435188
0.693855
0.773979
0.401546
0.552780
0.649796
0.538002
0.355820
0.412132
0.699371
0.560349
0.854469
0.234934
0.562195
0.358864
0.609573
0.855370
0.477596
0.353214
0.736969
0.201418
0.183603
0.308247
0.630768
0.891190
0.340298
0.876175
0.519714
0.608932
0.152840
0.727066
0.747421
0.432072
0.613876
0.734337
0.281555
0.561546
0.683502
0.522934
0.673508
0.496876
0.493988
0.524513
0.617363
0.758301
0.297550
0.337910
0.610924
0.660698
0.577850
0.758583
0.864868
0.463577
0.767113
0.793060
0.465302
0.692787
0.665321
0.284027
0.415714
0.818153
0.121620
0.748947
0.548103
0.622223
0.593826
0.415031
0.480019
0.390152
0.051969
0.150055
0.773026
0.245779
0.678032
0.387634
0.301506
0.675423
0.725540
0.612244
0.632370
0.299477
0.367367
0.494484
0.173754
0.248482
0.400822
0.528534
0.641090
0.176662
0.698112
0.642197
0.884300
0.706459
0.801849
0.428467
0.741684
0.394501
0.545631
0.218227
0.671379
0.597595
0.370583
0.855110
0.255249
0.159149
0.239271
0.144438
0.720116
0.376694
0.167391
0.464184
0.261990
0.537071
0.257668
0.439217
0.671104
0.358322
0.853310
0.309452
0.420536
0.661949
0.365089
0.601082
0.478924
0.464367
0.617233
0.217136
0.558685
0.574730
0.437664
0.641212
0.468582
0.509254
0.493568
0.309216
0.553955
0.732841
0.453651
0.385769
0.695358
0.623787
0.735512
0.371521
0.747406
0.878731
0.696304
0.529480
0.347576
0.660568
0.249634
0.656418
0.433044
0.501450
0.254745
0.324295
0.668388
0.872421
0.429287
0.637779
0.443226
0.567955
0.278545
0.498806
0.487900
0.068816
0.810318
0.627228
0.803970
0.561844
0.423702
0.911194
0.771019
0.155287
0.278793
0.628952
0.147291
0.386238
0.570312
0.380421
0.746635
0.408073
0.334255
0.475937
0.320221
0.591759
0.387913
0.688431
0.460251
0.229074
0.326214
0.317650
0.797028
0.490311
0.516281
0.281010
0.559128
0.623299
0.608063
0.774239
0.297977
0.618324
0.683800
0.066243
0.774048
0.548431
0.697495
0.808075
0.636803
0.564507
0.301323
0.679695
0.384453
0.521576
0.269634
0.292355
0.223858
0.657997
0.278667
0.687584
0.586899
0.490433
0.590607
0.380455
0.391445
0.403599
0.661461
0.653152
0.325455
0.267231
0.423470
0.324436
0.296253
0.404697
0.276234
0.066392
0.065957
0.384430
0.876770
0.703918
0.537788
0.175789
0.679878
0.622063
0.697365
0.649780
0.500252
0.810249
0.719650
0.781219
0.493916
0.302635
0.382179
0.495228
0.684250
0.475758
0.784386
0.342247
0.425156
0.809669
0.609482
0.735344
0.719482
0.791290
0.842621
0.108546
0.747162
0.908585
0.079972
0.734451
0.609039
0.617760
0.795792
0.700790
0.353104
0.490410
0.649117
0.264050
0.411190
0.364853
0.631813
0.790665
0.371239
0.427002
0.396866
0.351753
0.489311
0.179632
0.581856
0.500298
0.689568
0.488758
0.346180
0.823235
0.393330
0.299335
0.228477
0.551178
0.205616
0.308449
0.282890
0.110906
0.628342
0.664505
0.699547
0.277695
0.565613
0.460812
0.428471
0.564934
0.525497
0.173122
0.766296
0.782288
0.485676
0.750839
0.722168
0.675262
0.341625
0.715897
0.587440
0.328625
0.201187
0.819168
0.147936
-0.140038
-0.116074
-0.306366
-0.021025
-0.030637
-0.210550
0.153481
-0.152721
-0.264442
-0.035011
-0.237997
-0.173042
-0.231745
-0.150234
-0.073847
0.153755
0.122137
0.007924
0.011688
-0.042388
0.271557
-0.193842
-0.143751
-0.001551
0.005823
0.259811
-0.099470
0.101954
0.145235
0.218344
-0.045205
-0.141794
-0.188438
0.087849
0.274887
-0.219080
0.315006
-0.008203
0.064776
0.049433
-0.043212
0.264492
0.314102
-0.127382
-0.175875
-0.198036
-0.122909
-0.052026
0.249308
-0.109513
0.052585
0.083154
-0.303932
-0.092302
0.082734
0.141310
-0.122624
-0.016737
-0.194447
-0.126095
-0.089660
0.198057
0.021668
0.012035
-0.153517
-0.139444
0.231247
0.013911
-0.147646
-0.141691
-0.084811
0.098698
-0.165623
-0.060847
0.262024
-0.051942
0.032960
0.139120
0.043608
-0.008443
0.029029
0.095059
-0.216558
0.164515
-0.144819
-0.133825
-0.133020
-0.268021
0.287727
-0.037333
0.045307
-0.240221
-0.278126
0.214548
0.063659
0.007778
0.074530
0.004192
-0.126463
-0.073119
-0.137497
-0.063123
0.026157
0.134012
-0.123968
0.287609
-0.353928
0.054860
0.136593
0.126253
-0.243719
0.019753
0.074874
-0.168434
-0.253445
0.077627
0.133745
-0.096330
-0.188683
-0.016242
0.012780
0.145046
0.182961
-0.265919
-0.078112
-0.191668
0.032001
-0.003010
-0.041033
0.054818
-0.224279
0.259182
-0.298439
-0.198124
0.246193
0.013595
0.089488
0.329975
-0.219967
0.079634
0.017938
-0.025980
-0.190748
-0.054766
0.242170
-0.008188
0.024573
-0.060087
0.043059
-0.165819
-0.076901
-0.092314
0.126804
0.106058
-0.210653
-0.098886
-0.085608
-0.176949
-0.102470
0.163496
0.313869
0.111537
-0.015035
0.163010
0.351128
-0.206553
-0.113526
0.002903
-0.314865
-0.043359
0.082539
-0.007927
-0.068761
0.038235
-0.060980
-0.264877
0.030047
-0.037540
-0.034831
0.362663
0.234348
-0.110024
-0.020917
-0.076559
0.285591
0.058561
0.261688
-0.088440
-0.119520
0.012220
0.073345
-0.243359
0.271336
-0.379398
-0.080925
0.184746
-0.148243
0.096258
0.040073
-0.025400
-0.095255
-0.168655
-0.031616
-0.016439
0.159136
-0.093730
0.010528
0.041607
0.015728
-0.024883
0.114138
-0.187628
-0.134905
0.093220
0.172943
-0.137735
0.152359
-0.003075
0.062247
-0.257874
-0.428566
-0.302116
-0.061816
0.280479
-0.242100
0.147392
0.028098
0.047371
-0.194637
0.067593
0.313236
-0.141739
-0.099353
-0.157223
0.131958
0.059785
-0.103954
0.140774
-0.187609
0.201910
-0.029976
-0.074606
-0.275856
-0.166014
-0.127827
0.187223
-0.014193
-0.265602
0.184151
0.048051
-0.085769
0.193871
0.037777
0.141973
0.036640
-0.056744
-0.000191
-0.083420
-0.156952
0.095306
-0.015252
-0.134983
0.101145
-0.114604
-0.002650
0.233103
0.233604
-0.106603
-0.063834
0.193573
0.095305
-0.093813
-0.026898
-0.032973
0.032012
0.281853
-0.136459
0.016686
0.015671
0.049403
-0.223690
-0.071234
-0.195017
-0.039468
-0.075123
0.278202
-0.243788
0.214241
-0.241220
0.035260
0.018279
0.181238
-0.098014
-0.027018
0.064924
0.046909
-0.231627
0.008395
-0.057984
-0.005329
0.056103
0.037320
0.049012
-0.119505
0.005482
0.081028
0.309345
0.159157
-0.050438
-0.112694
0.208557
0.162453
0.106210
0.012408
0.122407
-0.260761
0.291744
-0.268955
0.101053
0.050521
-0.084415
-0.169090
-0.207659
0.107127
-0.197247
-0.142735
0.154039
0.008841
0.155794
0.095477
0.149954
-0.225809
0.134508
0.051390
-0.197739
0.139992
-0.305866
-0.178534
-0.138563
-0.208158
0.145355
-0.367718
-0.045707
-0.037439
0.082403
0.078408
-0.298203
-0.063564
0.099012
0.241142
-0.013618
-0.134113
0.362186
0.216433
-0.026982
-0.125769
-0.364014
0.274635
0.172070
0.231207
0.222538
0.031313
0.004259
-0.081796
-0.205721
-0.044198
-0.089956
-0.073883
0.065698
0.209770
0.155672
0.065187
0.132189
0.111098
0.027744
0.214016
0.041934
-0.124014
-0.137974
-0.297897
-0.030447
0.138540
0.006834
-0.106548
0.065416
0.127432
0.204260
-0.008460
-0.035646
-0.061378
-0.068524
-0.102666
0.119221
0.227575
0.105097
0.203056
0.035229
0.016851
-0.308537
0.100926
-0.225473
0.357155
-0.219233
-0.216295
-0.040843
0.333229
-0.094472
0.226503
-0.340549
0.092371
0.170841
0.162785
0.374569
0.351318
0.329239
-0.190277
0.111039
0.217018
-0.102982
0.481586
-0.155745
0.067252
0.276886
-0.054352
-0.044649
-0.032237
-0.070648
-0.000589
-0.398041
0.127724
0.074194
-0.008510
-0.029725
-0.245825
-0.325195
-0.070569
-0.012981
-0.317257
0.053529
-0.355553
-0.224882
0.123979
-0.293156
-0.467728
-0.041727
0.138882
-0.040197
0.068918
0.255116
-0.143566
-0.064493
0.199766
-0.073903
0.210369
0.147430
-0.219332
-0.338882
0.076787
-0.119532
-0.121529
-0.314529
-0.145725
0.389389
0.172762
-0.290764
0.164196
-0.000608
0.313663
-0.153057
0.153313
0.577934
0.141491
-0.240118
-0.232235
0.188370
0.237585
0.423275
0.148169
-0.310902
0.163782
0.007018
-0.377411
-0.155489
-0.167665
0.450367
-0.008060
-0.288635
0.113904
-0.034079
0.108864
-0.108412
-0.245806
0.061506
-0.336433
0.443584
-0.330044
-0.169825
-0.071628
0.603447
-0.322884
0.081689
0.561569
-0.183804
-0.256413
0.329334
0.006980
0.081179
0.135586
-0.361866
-0.332138
-0.217649
0.262173
-0.090118
0.143490
0.194899
-0.257160
0.035430
0.423294
-0.143650
0.101745
-0.087277
0.265350
-0.244843
-0.023354
0.029311
0.301552
0.163626
-0.142923
-0.389511
0.149273
0.154015
-0.408215
0.193823
-0.029786
-0.049628
0.423153
-0.022806
-0.068844
0.041335
0.234764
-0.298176
-0.276703
-0.020078
0.229115
-0.235628
0.074823
-0.028432
-0.100197
-0.119295
-0.171688
0.003961
0.413250
-0.523743
-0.240881
-0.227512
0.122978
0.060665
-0.064274
-0.017529
0.188175
-0.015002
0.033686
-0.119646
-0.438587
-0.096491
-0.068882
-0.532455
-0.018907
-0.034922
0.025897
0.215858
0.181902
-0.253216
-0.423649
0.410625
-0.386036
-0.348820
0.380173
0.030787
0.051312
0.108097
0.034353
-0.054471
-0.315258
0.312897
0.235037
-0.290257
-0.143845
0.168745
0.307213
0.044726
0.254131
-0.276508
0.025473
-0.182039
-0.272606
-0.143808
-0.199881
0.325897
-0.279121
0.445843
0.022725
-0.097607
-0.424786
0.118507
0.310997
-0.294197
0.387093
0.076175
-0.260998
-0.078609
0.284664
-0.226646
-0.133078
-0.128569
-0.431149
0.099547
-0.318428
-0.057590
-0.246315
0.089174
0.087529
-0.092962
-0.287727
0.012212
0.242020
-0.462353
-0.231979
0.144941
-0.134039
0.007941
-0.029040
-0.111706
0.008706
0.063195
0.006803
-0.295296
-0.230606
-0.121099
0.297894
0.125412
-0.201727
0.065549
-0.103253
0.284626
0.453999
-0.014985
-0.132841
0.135569
-0.072568
-0.479549
0.121941
0.531578
-0.053078
-0.065393
-0.073607
-0.330490
0.092077
0.311817
0.331470
-0.044371
-0.199274
-0.314983
-0.156082
0.328861
-0.251785
0.368134
0.033566
-0.382000
-0.370373
0.331463
-0.256588
0.044918
-0.220392
0.156786
0.227137
-0.281002
0.139782
0.096705
-0.145826
-0.450195
-0.384865
0.078918
-0.538033
0.179079
-0.088882
0.005764
0.368015
0.103197
0.217587
0.180450
-0.041570
0.017920
0.484901
-0.197258
-0.270626
0.333511
-0.346134
-0.237453
0.468525
-0.099491
0.094021
-0.407887
0.560822
-0.124353
-0.251095
0.172962
0.111666
0.508514
0.370056
-0.034157
-0.044098
0.502205
0.042739
-0.579727
0.164663
-0.044118
0.043449
-0.084725
0.059077
-0.356766
-0.421684
0.118297
0.180584
0.061198
-0.078962
-0.090039
0.294312
0.091920
-0.325081
0.143414
0.092826
-0.231453
0.352936
0.036238
-0.355801
0.204643
-0.307823
-0.143745
0.093332
-0.040177
-0.077512
0.049233
-0.052961
-0.135160
-0.530884
0.111707
-0.078883
0.031997
-0.075824
-0.017391
0.290627
0.019510
0.000509
0.471210
-0.433899
0.021943
-0.236237
0.375412
0.013078
0.056097
0.004213
0.103881
-0.076982
-0.160255
-0.477688
0.187040
-0.056001
-0.268101
-0.059510
-0.063059
0.308743
0.380001
-0.011804
0.255783
0.247253
0.074725
-0.251938
-0.349037
0.205095
0.289646
0.150583
0.397350
0.411957
-0.368332
0.251156
-0.124352
0.170624
0.115313
0.351452
-0.335331
-0.348015
-0.262138
0.285175
0.094432
0.097037
0.427315
0.281078
0.141432
0.159214
