0.660913
0.369369
0.661643
0.697517
0.364200
0.620160
0.397882
0.667302
0.548941
0.698631
0.534670
0.485034
0.522066
0.583871
0.514921
0.491396
0.359714
0.513419
0.446792
0.423619
0.283416
0.833138
0.590279
0.614894
0.513636
0.389694
0.260913
0.388910
0.653702
0.477952
0.703662
0.613615
0.433875
0.476278
0.421659
0.798075
0.206965
0.706714
0.578203
0.758208
0.401423
0.223400
0.353768
0.623318
0.392651
0.755416
0.414439
0.752811
0.379807
0.861678
0.877431
0.548777
0.692067
0.466090
0.161369
0.316674
0.441165
0.422282
0.591137
0.393420
0.487917
0.405325
0.418906
0.332490
0.770632
0.726565
0.243839
0.273847
0.429356
0.707595
0.329478
0.242651
0.516823
0.268628
0.279416
0.321345
0.435188
0.693854
0.773984
0.401548
0.552784
0.649796
0.538009
0.355823
0.412137
0.699377
0.560353
0.854474
0.234933
0.562188
0.358867
0.609576
0.855369
0.477600
0.353212
0.736973
0.201416
0.183604
0.308243
0.630773
0.891200
0.340298
0.876172
0.519722
0.608925
0.152839
0.727066
0.747416
0.432075
0.613878
0.734345
0.281557
0.561545
0.683498
0.522933
0.673510
0.496874
0.493985
0.524509
0.617361
0.758302
0.297549
0.337910
0.610921
0.660702
0.577847
0.758592
0.864866
0.463581
0.767109
0.793061
0.465306
0.692788
0.665313
0.284028
0.415714
0.818153
0.121620
0.748958
0.548098
0.622224
0.593826
0.415035
0.480020
0.390153
0.051969
0.150054
0.773026
0.245780
0.678039
0.387639
0.301506
0.675416
0.725550
0.612254
0.632368
0.299474
0.367373
0.494486
0.173753
0.248482
0.400824
0.528533
0.641098
0.176662
0.698112
0.642191
0.884289
0.706459
0.801847
0.428466
0.741683
0.394502
0.545631
0.218227
0.671381
0.597600
0.370584
0.855106
0.255250
0.159149
0.239270
0.144439
0.720119
0.376690
0.167392
0.464184
0.261992
0.537066
0.257670
0.439219
0.671102
0.358321
0.853306
0.309451
0.420537
0.661944
0.365090
0.601078
0.478930
0.464360
0.617227
0.217137
0.558690
0.574729
0.437666
0.641214
0.468580
0.509251
0.493572
0.309211
0.553953
0.732842
0.453650
0.385768
0.695361
0.623793
0.735507
0.371526
0.747412
0.878729
0.696298
0.529487
0.347576
0.660577
0.249635
0.656416
0.433047
0.501451
0.254745
0.324295
0.668388
0.872419
0.429286
0.637775
0.443227
0.567953
0.278545
0.498807
0.487901
0.068816
0.810322
0.627234
0.803960
0.561843
0.423702
0.911192
0.771015
0.155286
0.278796
0.628952
0.147290
0.386239
0.570310
0.380419
0.746643
0.408074
0.334259
0.475941
0.320223
0.591753
0.387918
0.688439
0.460251
0.229074
0.326215
0.317651
0.797028
0.490314
0.516286
0.281007
0.559130
0.623306
0.608070
0.774235
0.297976
0.618325
0.683807
0.066243
0.774058
0.548431
0.697497
0.808074
0.636799
0.564506
0.301321
0.679693
0.384450
0.521580
0.269635
0.292357
0.223859
0.657999
0.278666
0.687583
0.586902
0.490435
0.590615
0.380455
0.391447
0.403600
0.661462
0.653152
0.325459
0.267231
0.423466
0.324435
0.296255
0.404697
0.276232
0.066392
0.065957
0.384427
0.876768
0.703929
0.537788
0.175788
0.679874
0.622066
0.697367
0.649785
0.500251
0.810255
0.719656
0.781219
0.493917
0.302635
0.382181
0.495231
0.684262
0.475757
0.784384
0.342251
0.425160
0.809669
0.609482
0.735353
0.719486
0.791290
0.842627
0.108545
0.747156
0.908585
0.079973
0.734450
0.609039
0.617761
0.795792
0.700784
0.353102
0.490412
0.649122
0.264051
0.411192
0.364854
0.631824
0.790663
0.371239
0.427004
0.396866
0.351753
0.489313
0.179631
0.581859
0.500302
0.689576
0.488764
0.346180
0.823235
0.393330
0.299333
0.228478
0.551185
0.205616
0.308451
0.282886
0.110906
0.628342
0.664507
0.699545
0.277694
0.565616
0.460812
0.428471
0.564938
0.525494
0.173121
0.766297
0.782287
0.485679
0.750846
0.722168
0.675267
0.341624
0.715898
0.587440
0.328623
0.201188
0.819172
0.147937
-0.140036
-0.116075
-0.306365
-0.021023
-0.030639
-0.210553
0.153482
-0.152722
-0.264439
-0.035008
-0.237996
-0.173043
-0.231745
-0.150231
-0.073847
0.153757
0.122137
0.007922
0.011686
-0.042388
0.271557
-0.193843
-0.143753
-0.001553
0.005823
0.259811
-0.099470
0.101953
0.145239
0.218345
-0.045208
-0.141796
-0.188439
0.087847
0.274890
-0.219078
0.315004
-0.008204
0.064777
0.049431
-0.043212
0.264490
0.314098
-0.127381
-0.175874
-0.198035
-0.122910
-0.052028
0.249306
-0.109514
0.052584
0.083153
-0.303933
-0.092302
0.082733
0.141309
-0.122624
-0.016737
-0.194447
-0.126094
-0.089659
0.198055
0.021667
0.012035
-0.153518
-0.139443
0.231243
0.013910
-0.147647
-0.141690
-0.084812
0.098698
-0.165624
-0.060847
0.262027
-0.051941
0.032961
0.139117
0.043607
-0.008443
0.029027
0.095059
-0.216557
0.164514
-0.144820
-0.133823
-0.133019
-0.268020
0.287725
-0.037333
0.045306
-0.240220
-0.278122
0.214549
0.063659
0.007780
0.074529
0.004192
-0.126463
-0.073117
-0.137499
-0.063122
0.026157
0.134012
-0.123969
0.287608
-0.353930
0.054859
0.136592
0.126255
-0.243718
0.019753
0.074870
-0.168432
-0.253443
0.077628
0.133745
-0.096330
-0.188682
-0.016239
0.012780
0.145047
0.182961
-0.265917
-0.078114
-0.191667
0.031996
-0.003008
-0.041031
0.054819
-0.224279
0.259181
-0.298436
-0.198122
0.246192
0.013596
0.089486
0.329973
-0.219969
0.079635
0.017941
-0.025977
-0.190745
-0.054765
0.242169
-0.008188
0.024573
-0.060086
0.043059
-0.165820
-0.076902
-0.092314
0.126803
0.106059
-0.210655
-0.098886
-0.085608
-0.176949
-0.102471
0.163494
0.313870
0.111537
-0.015035
0.163011
0.351125
-0.206553
-0.113526
0.002902
-0.314867
-0.043361
0.082537
-0.007925
-0.068761
0.038235
-0.060980
-0.264879
0.030047
-0.037541
-0.034832
0.362663
0.234349
-0.110024
-0.020918
-0.076557
0.285592
0.058561
0.261690
-0.088439
-0.119521
0.012220
0.073345
-0.243361
0.271333
-0.379400
-0.080926
0.184749
-0.148243
0.096259
0.040074
-0.025400
-0.095255
-0.168655
-0.031616
-0.016439
0.159137
-0.093729
0.010525
0.041608
0.015729
-0.024882
0.114137
-0.187632
-0.134906
0.093220
0.172945
-0.137738
0.152357
-0.003075
0.062247
-0.257875
-0.428565
-0.302118
-0.061816
0.280478
-0.242098
0.147392
0.028094
0.047369
-0.194636
0.067592
0.313235
-0.141737
-0.099353
-0.157224
0.131957
0.059784
-0.103953
0.140772
-0.187608
0.201910
-0.029976
-0.074604
-0.275855
-0.166016
-0.127827
0.187223
-0.014196
-0.265604
0.184149
0.048051
-0.085769
0.193870
0.037776
0.141973
0.036639
-0.056745
-0.000192
-0.083420
-0.156953
0.095306
-0.015251
-0.134984
0.101145
-0.114604
-0.002651
0.233102
0.233604
-0.106604
-0.063835
0.193572
0.095306
-0.093812
-0.026898
-0.032973
0.032015
0.281851
-0.136459
0.016686
0.015671
0.049400
-0.223686
-0.071232
-0.195016
-0.039467
-0.075126
0.278200
-0.243788
0.214239
-0.241220
0.035259
0.018278
0.181239
-0.098016
-0.027020
0.064926
0.046910
-0.231627
0.008396
-0.057984
-0.005329
0.056102
0.037322
0.049011
-0.119506
0.005482
0.081027
0.309345
0.159157
-0.050439
-0.112694
0.208557
0.162451
0.106208
0.012408
0.122408
-0.260761
0.291741
-0.268957
0.101055
0.050521
-0.084412
-0.169090
-0.207659
0.107129
-0.197243
-0.142733
0.154039
0.008839
0.155796
0.095478
0.149953
-0.225812
0.134510
0.051388
-0.197742
0.139992
-0.305871
-0.178530
-0.138561
-0.208157
0.145353
-0.367714
-0.045706
-0.037439
0.082404
0.078412
-0.298200
-0.063565
0.099012
0.241141
-0.013620
-0.134110
0.362184
0.216431
-0.026980
-0.125769
-0.364012
0.274635
0.172071
0.231204
0.222537
0.031314
0.004259
-0.081796
-0.205722
-0.044196
-0.089957
-0.073882
0.065697
0.209769
0.155671
0.065184
0.132188
0.111098
0.027745
0.214015
0.041933
-0.124012
-0.137973
-0.297898
-0.030447
0.138541
0.006835
-0.106549
0.065416
0.127431
0.204259
-0.008463
-0.035644
-0.061381
-0.068525
-0.102663
0.119219
0.227576
0.105098
0.203055
0.035227
0.016851
-0.308537
0.100925
-0.225471
0.357156
-0.219236
-0.216295
-0.040843
0.333235
-0.094471
0.226509
-0.340550
0.092372
0.170843
0.162784
0.374568
0.351314
0.329235
-0.190275
0.111039
0.217019
-0.102981
0.481588
-0.155746
0.067254
0.276882
-0.054353
-0.044648
-0.032236
-0.070647
-0.000589
-0.398039
0.127725
0.074196
-0.008510
-0.029726
-0.245824
-0.325196
-0.070569
-0.012981
-0.317255
0.053529
-0.355550
-0.224883
0.123981
-0.293157
-0.467726
-0.041726
0.138881
-0.040196
0.068921
0.255117
-0.143569
-0.064491
0.199764
-0.073902
0.210372
0.147431
-0.219334
-0.338882
0.076784
-0.119530
-0.121530
-0.314530
-0.145726
0.389392
0.172765
-0.290765
0.164196
-0.000608
0.313667
-0.153059
0.153313
0.577941
0.141490
-0.240118
-0.232235
0.188372
0.237588
0.423274
0.148177
-0.310903
0.163784
0.007019
-0.377412
-0.155491
-0.167667
0.450372
-0.008059
-0.288628
0.113902
-0.034078
0.108862
-0.108412
-0.245804
0.061509
-0.336432
0.443588
-0.330040
-0.169824
-0.071627
0.603451
-0.322883
0.081686
0.561569
-0.183805
-0.256413
0.329333
0.006980
0.081176
0.135587
-0.361863
-0.332138
-0.217647
0.262177
-0.090118
0.143489
0.194901
-0.257157
0.035431
0.423295
-0.143648
0.101745
-0.087275
0.265353
-0.244843
-0.023353
0.029313
0.301548
0.163626
-0.142922
-0.389510
0.149274
0.154020
-0.408216
0.193823
-0.029784
-0.049628
0.423156
-0.022804
-0.068843
0.041333
0.234764
-0.298177
-0.276706
-0.020079
0.229117
-0.235628
0.074823
-0.028431
-0.100196
-0.119294
-0.171687
0.003961
0.413254
-0.523746
-0.240883
-0.227510
0.122980
0.060667
-0.064275
-0.017530
0.188176
-0.015000
0.033686
-0.119647
-0.438589
-0.096490
-0.068883
-0.532451
-0.018902
-0.034922
0.025901
0.215862
0.181901
-0.253216
-0.423648
0.410627
-0.386040
-0.348824
0.380176
0.030784
0.051313
0.108098
0.034353
-0.054471
-0.315256
0.312901
0.235039
-0.290255
-0.143843
0.168745
0.307216
0.044725
0.254138
-0.276510
0.025470
-0.182039
-0.272608
-0.143804
-0.199883
0.325902
-0.279119
0.445843
0.022725
-0.097608
-0.424785
0.118509
0.311000
-0.294197
0.387098
0.076176
-0.261000
-0.078608
0.284667
-0.226648
-0.133079
-0.128569
-0.431158
0.099549
-0.318432
-0.057588
-0.246315
0.089176
0.087529
-0.092961
-0.287725
0.012215
0.242019
-0.462354
-0.231981
0.144941
-0.134039
0.007941
-0.029040
-0.111706
0.008706
0.063195
0.006804
-0.295295
-0.230608
-0.121099
0.297901
0.125412
-0.201726
0.065549
-0.103255
0.284628
0.453999
-0.014981
-0.132844
0.135568
-0.072569
-0.479549
0.121941
0.531588
-0.053079
-0.065392
-0.073609
-0.330490
0.092078
0.311823
0.331470
-0.044373
-0.199275
-0.314981
-0.156079
0.328863
-0.251785
0.368137
0.033568
-0.382000
-0.370373
0.331470
-0.256588
0.044921
-0.220393
0.156783
0.227137
-0.281000
0.139783
0.096706
-0.145824
-0.450196
-0.384863
0.078921
-0.538040
0.179078
-0.088883
0.005764
0.368020
0.103196
0.217588
0.180451
-0.041569
0.017922
0.484901
-0.197256
-0.270627
0.333509
-0.346138
-0.237451
0.468529
-0.099490
0.094019
-0.407882
0.560823
-0.124353
-0.251098
0.172960
0.111666
0.508510
0.370059
-0.034157
-0.044098
0.502215
0.042744
-0.579726
0.164666
-0.044118
0.043451
-0.084726
0.059078
-0.356765
-0.421687
0.118293
0.180588
0.061195
-0.078961
-0.090039
0.294313
0.091921
-0.325079
0.143412
0.092823
-0.231451
0.352941
0.036234
-0.355804
0.204647
-0.307824
-0.143746
0.093332
-0.040177
-0.077510
0.049235
-0.052961
-0.135157
-0.530883
0.111706
-0.078883
0.032000
-0.075824
-0.017393
0.290627
0.019510
0.000509
0.471216
-0.433902
0.021941
-0.236235
0.375412
0.013078
0.056098
0.004215
0.103882
-0.076980
-0.160255
-0.477687
0.187039
-0.056000
-0.268099
-0.059510
-0.063059
0.308745
0.380000
-0.011804
0.255784
0.247255
0.074726
-0.251941
-0.349040
0.205097
0.289647
0.150588
0.397353
0.411961
-0.368334
0.251156
-0.124353
0.170628
0.115313
0.351451
-0.335334
-0.348020
-0.262137
0.285176
0.094431
0.097039
0.427314
0.281078
0.141431
0.159216
