0.690582
0.786407
0.575500
0.732361
0.738159
0.403214
0.629272
0.894012
0.331253
0.570801
0.611633
0.496597
0.325333
0.719147
0.754517
0.387848
0.291763
0.898926
0.436005
0.633270
0.371887
0.496185
0.683716
0.351288
0.480576
0.578064
0.649628
0.248482
0.582977
0.391846
0.533112
0.569824
0.289948
0.219131
0.414978
0.324356
0.210487
0.456543
0.803741
0.427292
0.615021
0.413773
0.624146
0.640198
0.243492
0.790558
0.325470
0.535706
0.685547
0.649353
0.755524
0.354126
0.257217
0.435287
0.408722
0.323639
0.601074
0.354599
0.572113
0.480713
0.331833
0.101315
0.464691
0.507324
0.324387
0.765656
0.531982
0.420425
0.218285
0.631958
0.848877
0.245178
0.156738
0.583557
0.770935
0.289246
0.670380
0.509369
0.410324
0.353622
0.859741
0.278656
0.407562
0.113033
0.599976
0.701843
0.438980
0.612885
0.166939
0.421783
0.206436
0.385498
0.525848
0.256958
0.892853
0.435638
0.134323
0.422058
0.857208
0.352615
0.467484
0.702179
0.485641
0.325211
0.696838
0.368286
0.614471
0.364456
0.463089
0.727386
0.417908
0.619049
0.303467
0.711029
0.734406
0.488800
0.526855
0.584503
0.804291
0.579346
0.591675
0.308121
0.077694
0.704102
0.450623
0.382843
0.435974
0.584961
0.392593
0.289246
0.824310
0.559875
0.691681
0.420486
0.181343
0.385788
0.791046
0.383942
0.450073
0.551544
0.408737
0.568268
0.283432
0.712158
0.392120
0.604797
0.197525
0.804993
0.299850
0.299225
0.496033
0.778290
0.307175
0.459732
0.481201
0.643768
0.544708
0.617004
0.340439
0.233528
0.609985
0.278046
0.205727
0.412201
0.398346
0.387070
0.500092
0.487289
0.657745
0.360870
0.626526
0.477158
0.516815
0.610199
0.889648
0.206818
0.625732
0.385712
0.308044
0.223015
0.384735
0.503937
0.586670
0.579773
0.377823
0.478577
0.335266
0.507935
0.509003
0.678497
0.743042
0.529694
0.541901
0.834320
0.642853
0.236511
0.217484
0.439224
0.611633
0.577820
0.689117
0.349121
0.165497
0.316925
0.371216
0.353683
0.409317
0.882507
0.440399
0.418350
0.216057
0.825134
0.218521
0.688263
0.517059
0.296616
0.580261
0.265335
0.691254
0.790253
0.829407
0.730560
0.316025
0.481827
0.675415
0.255142
0.604309
0.595490
0.697845
0.327682
0.470718
0.497498
0.676819
0.636169
0.699982
0.633392
0.576904
0.106518
0.627594
0.427979
0.524872
0.729218
0.251938
0.629395
0.832123
0.768982
0.929474
0.408432
0.619751
0.616821
0.309204
0.560120
0.760773
0.626404
0.338181
0.432327
0.581360
0.356674
0.438492
0.575470
0.684814
0.494598
0.772797
0.474411
0.545410
0.470444
0.405670
0.532990
0.576996
0.146095
0.548645
0.398529
0.761292
0.500427
0.440918
0.703857
0.381165
0.366470
0.223999
0.299896
0.683075
0.418762
0.861145
0.440002
0.341415
0.197716
0.285751
0.811829
0.554840
0.310806
0.497803
0.350159
0.808136
0.570343
0.711304
0.349655
0.451477
0.229797
0.582489
0.327438
0.261887
0.541809
0.425797
0.433868
0.629242
0.452103
0.726593
0.308929
0.705292
0.836151
0.308655
0.386780
0.553467
0.580505
0.239090
0.595856
0.365219
0.410400
0.518219
0.330765
0.423325
0.014423
0.569946
0.528900
0.584747
0.277328
0.578339
0.736481
0.393127
0.572662
0.649323
0.654999
0.113312
0.373657
0.676575
0.742523
0.826965
0.399246
0.462189
0.530609
0.231483
0.657990
0.917389
0.485947
0.236900
0.152550
0.380371
0.602112
0.566437
0.598480
0.636169
0.875732
0.612854
0.316681
0.515167
0.194870
0.480011
0.205650
0.933685
0.575287
0.663879
0.580200
0.226364
0.662750
0.653717
0.602753
0.705017
0.479034
0.299438
0.163719
0.709503
0.533203
0.824036
0.624542
0.429855
0.761963
0.187790
0.395615
0.475037
0.640198
0.407074
0.521912
0.627625
0.906677
0.424438
0.842651
0.214386
0.792297
0.933899
0.444748
0.478088
0.596497
0.610352
0.704468
0.671143
0.678680
0.606934
0.372696
0.568420
0.606201
0.538727
0.275574
0.435669
0.474442
0.310822
0.454361
0.232468
0.384155
0.850006
0.707520
0.727692
0.254349
0.229424
0.465836
0.159416
0.539398
0.307297
0.259354
0.443405
0.238388
0.403915
0.921509
0.245621
0.312134
0.625519
0.504913
0.690674
0.228531
0.877594
0.255142
0.720276
0.413589
0.416275
0.268768
0.587860
0.727051
0.422943
0.820312
0.700531
0.570404
0.526642
0.538727
0.526886
0.641632
0.301270
0.686310
0.292725
0.608551
0.645477
0.738434
0.734802
0.346115
0.656006
0.681885
0.358078
0.277603
0.483032
0.347290
0.506134
0.360168
0.603577
0.339249
0.473587
0.608002
0.609192
0.359985
0.332306
0.617523
0.176384
0.443542
0.298447
0.402863
0.393417
0.710846
0.156189
0.396820
0.393265
0.451233
0.890930
0.334991
0.774994
0.737396
0.567841
0.427124
0.417679
0.813751
0.708221
0.786255
0.272736
0.324844
0.256958
0.762299
0.665253
0.732849
0.480835
0.859802
0.203346
0.226158
0.587860
0.380173
0.670166
0.186035
0.672058
0.651215
0.193169
0.414093
0.344299
0.589935
0.750854
0.821777
0.925323
0.636841
0.557556
0.491547
0.362534
0.271942
0.417435
0.181702
0.758026
0.690155
0.507721
0.604279
0.563019
0.761139
0.747833
0.342407
0.731476
0.838318
0.455750
0.732727
0.803925
0.711243
0.804321
0.472076
0.474197
0.109665
0.299164
0.403885
0.585114
0.750305
0.638672
0.623291
0.685730
0.306778
0.816284
0.159943
0.278534
0.529999
0.341644
0.334442
0.330704
0.435211
0.349396
0.779724
0.607025
0.682587
0.232658
0.336853
0.631500
0.273773
0.656158
0.434952
0.399216
0.871674
0.492844
0.873444
0.866882
0.793213
0.575897
0.564850
0.541840
0.326233
0.775116
0.639465
0.218834
0.887726
0.799835
0.498550
0.528229
0.137558
0.532806
0.558746
0.573914
0.770081
0.334534
0.179344
0.563660
0.455505
0.403366
0.194717
0.730499
0.470230
0.515686
0.540802
0.337997
0.419205
0.412628
0.316574
0.325211
0.688782
0.581696
0.754272
0.600403
0.653107
0.504211
0.231094
0.651337
0.414581
0.730072
0.290070
0.438126
0.559143
0.734375
0.308334
0.440186
0.482330
0.374847
0.416870
0.638855
0.778259
0.497116
0.780029
0.358978
0.712616
0.319214
0.282822
0.543701
0.432114
0.601715
0.454727
0.116966
0.480804
0.619659
0.718536
0.836029
0.234421
0.360748
0.484604
0.534973
0.676239
0.476807
0.859833
0.531616
0.623505
0.281006
0.673950
0.805664
0.655853
0.676178
0.440628
0.546875
0.285446
0.333450
0.491714
0.294281
0.653137
0.663544
0.538269
0.670593
0.375763
0.292709
0.788727
0.742554
0.612213
0.503326
0.575867
0.435486
0.864136
0.473907
0.381180
0.536438
0.361420
0.239410
0.479172
0.570282
0.221863
0.449341
0.375519
0.463104
0.536682
0.816132
0.307846
0.707672
0.447449
0.387238
0.588501
0.685944
0.161324
0.539764
0.468246
0.423813
0.532288
0.553223
0.276917
0.441940
0.467285
0.741089
0.288559
0.327896
0.325516
0.257431
0.864319
0.573639
0.198280
0.341873
0.729736
0.305679
0.491486
0.215790
0.179482
0.615845
0.031921
0.189461
0.620911
0.479370
0.577881
0.322296
0.278122
0.739197
0.748047
0.631927
0.574158
0.692230
0.297974
0.737823
0.719971
0.350632
0.589417
0.710663
0.566345
0.212364
0.264374
0.427200
0.371841
0.462646
0.769073
0.514618
0.768341
0.559143
0.617157
0.649292
0.586853
0.649078
0.249428
0.793182
0.830566
0.713318
0.526581
0.694061
0.564209
0.385178
0.437683
0.134460
0.662811
0.435455
0.875031
0.795807
0.675568
0.461685
0.502563
0.352448
0.562347
0.468384
0.780823
0.344910
0.816589
0.548737
0.444901
0.697083
0.219551
0.764191
0.342438
0.506653
0.409760
0.479721
0.410355
0.350830
0.604889
0.824829
0.457199
0.167946
0.320511
0.597015
0.302383
0.872803
0.329163
0.174675
0.664612
0.415436
0.524689
0.465073
0.654633
0.497726
0.633270
0.548737
0.428040
0.560394
0.208015
0.760773
0.253555
0.427567
0.636658
0.595978
0.819794
0.342651
0.373596
0.641266
0.697388
0.091316
0.462158
0.150688
0.259247
0.371979
0.633270
0.562103
0.655457
0.260971
0.624634
0.316162
0.262970
0.559998
0.481079
0.620148
0.757568
0.410599
0.465134
0.296112
0.268875
0.673157
0.468781
0.522430
0.687317
0.691254
0.416306
0.803802
0.332474
0.792145
0.442291
0.440567
0.883514
0.606628
0.476807
0.439438
0.389297
0.108902
0.586945
0.155258
0.371048
0.623474
0.358612
0.520020
0.294403
0.539520
0.250702
0.752991
0.248009
0.415680
0.348099
0.216713
0.674194
0.402252
0.739166
0.657776
0.392059
0.740845
0.573242
0.726166
0.643524
0.128372
0.752106
0.523560
0.735443
0.226616
0.548401
0.422150
0.335510
0.549469
0.577850
0.592102
0.283463
0.521851
0.814240
0.279999
0.358795
0.650330
0.329651
0.306625
0.364578
0.564514
0.523346
0.450668
0.668884
0.259003
0.407425
0.358826
0.297241
0.680511
0.195496
0.643372
0.694885
0.243843
0.464340
0.727692
0.470459
0.425720
0.849670
0.394821
0.860779
0.423599
0.283646
0.254745
0.646484
0.798889
0.421921
0.116230
0.862671
0.753876
0.308411
0.224510
0.314499
0.832214
0.675629
0.395233
0.087269
0.668488
0.339447
0.386826
0.648682
0.420517
0.327621
0.454071
0.664825
0.377335
0.180191
0.724121
0.688629
0.441010
0.530090
0.661102
0.453506
0.513550
0.329285
0.096493
0.310837
0.636780
0.100574
0.170776
0.387924
0.408997
0.395737
0.404541
0.239555
0.367615
0.685364
0.326828
0.738220
0.138054
0.300644
0.497421
0.558533
0.628265
0.249374
0.222916
0.893890
0.429550
0.647308
0.693054
0.459427
0.173485
0.767578
0.498779
0.572571
0.094093
0.595245
0.469986
0.430710
0.695831
0.526764
0.820923
0.517792
0.333191
0.337143
0.457626
0.288498
0.433182
0.670013
0.437408
0.157784
0.269226
0.521393
0.719086
0.597748
0.656281
0.527435
0.487717
0.673981
0.585419
0.594879
0.833282
0.644440
0.472992
0.442535
0.214294
0.567108
0.334030
0.687042
0.295212
0.731995
0.624481
0.226646
0.246330
0.545410
0.449356
0.703979
0.719421
0.471848
0.671448
0.856750
0.629608
0.640930
0.374161
0.344772
0.538361
0.441605
0.284500
0.436798
0.816589
0.755463
0.142212
0.645935
0.697723
0.502380
0.386353
0.614227
0.365723
0.422501
0.597473
0.363480
0.266647
0.518219
0.176697
0.513000
0.059692
0.628754
0.214233
0.779144
0.396866
0.471039
0.631927
0.726318
0.524933
0.418396
0.371262
0.359558
0.447678
0.655762
0.382904
0.260361
0.409592
0.527863
0.320465
0.217880
0.326492
0.292191
0.128769
0.395508
0.715149
0.726257
0.344376
0.867371
0.357742
0.521515
0.377625
0.302994
0.447723
0.591858
0.195404
0.544434
0.061253
0.828491
0.270294
0.472183
0.359711
0.641541
0.532745
0.692963
0.293396
0.326782
0.065014
0.703430
0.440018
0.271500
0.221046
0.469818
0.565979
0.349823
0.450699
0.391663
0.665344
0.795532
0.373016
0.319366
0.614471
0.450485
0.323349
0.764313
0.930176
0.518768
0.419281
0.577271
0.460541
0.689545
0.460144
0.705811
0.742279
0.103420
0.510895
0.148499
0.315750
0.575928
0.738678
0.459091
0.435104
0.960175
0.225136
0.112045
0.308350
0.561829
0.503693
0.384415
0.768036
0.462555
0.404770
0.378555
0.211594
0.728577
0.253403
0.727631
0.360138
0.676178
0.715607
0.407257
0.661957
0.287430
0.524200
0.403809
0.276413
0.734955
0.552765
0.593781
0.306961
0.287506
0.463547
0.742493
0.246040
0.274506
0.554352
0.556000
0.836334
0.357788
0.525818
0.600433
0.520203
0.630859
0.093018
0.618958
0.469940
0.346436
0.757263
0.716858
0.318848
0.470093
0.535248
0.684143
0.757507
0.759277
0.198898
0.444626
0.491455
0.337036
0.626068
0.686279
0.511261
0.200600
0.540436
0.757751
0.362961
0.393372
0.309845
0.309830
0.336975
0.536713
0.324448
0.743896
0.578247
0.417465
0.475693
0.637054
0.349274
0.229004
0.464844
0.671600
0.701416
0.298630
0.351791
0.455002
0.643280
0.550659
0.199799
0.547729
0.183975
0.825928
0.345688
0.395508
0.323914
0.472000
0.567444
0.386719
0.450745
0.577148
0.700012
0.788910
0.226624
0.609833
0.646088
0.692047
0.727112
0.117851
0.439606
0.487106
0.347305
0.203011
0.744049
0.635284
0.201469
0.506989
0.503723
0.844757
0.643066
0.703522
0.389755
0.828674
0.526672
0.321274
0.637177
0.550873
0.795563
0.790009
0.350571
0.242409
0.364380
0.636414
0.144592
0.476562
0.356766
0.676239
0.281433
0.080425
0.794098
0.607056
0.454254
0.138657
0.810028
0.311584
0.187378
0.308197
0.519592
0.576660
0.152512
0.275467
0.391891
0.542694
0.100201
0.329254
0.566101
0.738586
0.765656
0.357773
0.639069
0.816528
0.600189
0.416458
0.750336
0.631500
0.594452
0.217644
0.418259
0.172127
0.184799
0.210052
0.782593
0.341629
0.351028
0.589172
0.653259
0.423965
0.900818
0.758148
0.700470
0.638763
0.331070
0.388580
0.291977
0.434021
0.303680
0.743652
0.757935
0.480042
0.397644
0.397018
0.296127
0.700439
0.398849
0.746307
0.328003
0.403992
0.852264
0.750183
0.465591
0.447739
0.256500
0.358765
0.489197
0.307343
0.244179
0.139671
0.617310
0.730408
0.785706
0.428268
0.780304
0.113289
0.818512
0.370819
0.548462
0.118225
0.225433
0.304810
0.301575
0.325241
0.701813
0.598175
0.323074
0.212799
0.640686
0.651489
0.502350
0.489029
0.397797
0.667755
0.640533
0.656555
0.912537
0.425980
0.849487
0.745544
0.453934
0.579590
0.586975
0.351334
0.594879
0.781403
0.464615
0.411713
0.852081
0.600800
0.529938
0.374939
0.492584
0.242210
0.285995
0.605072
0.725891
0.609100
0.403259
0.365433
0.260162
0.792786
0.555450
0.657959
0.458954
0.192055
0.311783
0.783386
0.620758
0.274506
0.525482
0.661285
0.440674
0.525421
0.712433
0.446213
0.302933
0.473740
0.154182
0.266708
0.661102
0.686432
0.527649
0.564362
0.815826
0.515778
0.165993
0.540131
0.422272
0.570435
0.606567
0.382721
0.013251
-0.240318
-0.188683
-0.146240
-0.100887
0.042923
-0.263412
0.038649
0.165031
0.072319
0.046400
-0.118904
-0.049980
-0.010355
-0.021982
0.065784
-0.137756
-0.068001
0.179115
0.163177
0.083256
-0.170769
0.014813
0.033670
0.207367
0.155495
0.154961
-0.027692
0.023744
0.127563
0.067707
-0.110577
0.324371
0.316742
0.179764
0.075905
0.070103
0.207596
-0.175575
-0.202583
-0.011351
-0.130310
-0.172195
0.086243
0.297058
0.095375
0.003883
0.161011
0.027374
-0.255875
0.033487
-0.035233
0.010509
0.048300
0.144295
-0.070549
-0.087479
0.151680
-0.098248
-0.209602
-0.010876
-0.030535
-0.031755
-0.124226
0.286209
-0.288025
0.100964
-0.081409
-0.080399
-0.222191
-0.284561
0.197807
0.086926
-0.019041
-0.153664
-0.055443
-0.071255
0.139229
-0.184563
-0.042740
0.030361
0.285492
0.069599
0.040878
-0.102215
-0.223808
-0.030813
0.099876
0.365585
0.161087
0.326859
-0.083580
0.131134
0.006671
-0.207809
0.127197
0.155807
-0.107414
0.045206
0.075405
-0.038895
-0.239357
-0.165627
0.195045
0.033440
0.117863
0.139595
-0.038374
-0.033051
0.103203
0.066467
-0.150269
0.240540
-0.301651
-0.110523
-0.151802
-0.089455
0.150520
0.096233
-0.161575
0.021477
0.274933
0.191422
-0.138107
-0.156105
0.274872
-0.158478
-0.000291
-0.123795
-0.113262
-0.363174
-0.015104
-0.203323
-0.091091
0.032352
-0.170448
0.025628
-0.117611
-0.061243
-0.155594
-0.162575
0.154510
0.130730
0.077957
0.289444
-0.268799
-0.072136
-0.236000
0.319427
-0.124058
0.039568
-0.097382
0.298462
-0.205025
-0.234909
-0.293655
0.216309
-0.245796
0.143188
-0.055069
-0.211479
0.218315
0.221092
0.022886
0.274796
0.253433
-0.001103
0.153984
-0.302444
0.227791
-0.292877
-0.174911
0.091022
-0.012852
0.052343
0.234024
0.008471
-0.168503
-0.149551
0.179764
-0.144974
0.037584
-0.207748
-0.285370
0.120995
-0.152534
-0.141884
0.047167
-0.107635
0.001884
-0.006771
-0.028998
-0.069939
-0.223389
0.140900
0.057272
0.030051
-0.007782
-0.227600
-0.124249
-0.219421
-0.081051
0.138557
0.311020
0.195648
0.042187
0.107346
-0.233597
0.020680
0.104786
0.383881
-0.124294
-0.005197
-0.261597
0.029182
0.265076
-0.123421
0.176292
-0.126038
-0.084038
-0.259521
-0.280396
-0.113045
0.108234
-0.066071
-0.119720
-0.270477
0.112148
-0.129204
-0.060946
-0.160263
0.089077
-0.141991
-0.021722
-0.037607
-0.236473
-0.268539
0.069149
-0.032927
0.042288
0.173935
-0.086765
-0.081440
-0.267258
-0.058241
-0.052267
-0.003891
-0.181656
-0.166107
-0.129944
0.172012
0.013802
-0.119614
0.058380
-0.025552
-0.185692
0.086250
-0.007621
0.216583
-0.190544
-0.066841
-0.233826
0.046108
0.227753
0.034597
0.009620
-0.155190
0.056204
0.078770
0.248451
-0.192787
0.106846
-0.274307
-0.126656
0.128563
0.105164
0.258224
0.124687
0.360657
-0.054886
0.142311
0.094944
-0.041666
0.022687
0.005760
-0.068352
0.127716
-0.347412
-0.074257
0.053585
-0.100239
0.296616
-0.179649
-0.203415
0.086044
-0.145058
0.096340
0.367462
0.058701
0.028110
0.179916
0.156059
0.282516
0.195740
-0.259583
0.120972
0.009053
-0.150085
-0.192657
-0.068001
-0.057388
-0.051462
-0.121769
0.191071
0.262497
0.031005
-0.166275
-0.047510
0.121292
0.049603
0.152527
0.019922
-0.093212
-0.175293
-0.183502
-0.007154
-0.172760
0.062132
-0.075703
0.175507
-0.199890
0.104214
0.332138
-0.066074
0.008670
0.072548
0.054335
0.017732
0.212608
-0.139450
-0.050270
-0.281357
-0.190926
-0.025023
-0.091431
0.071568
-0.142738
-0.257721
0.022350
0.126152
-0.062239
-0.261124
0.146065
0.282257
0.001310
-0.038013
-0.160889
0.267380
0.022978
-0.090141
0.005178
-0.177490
0.014055
-0.100399
-0.095985
0.170303
-0.177124
-0.042793
0.039890
0.037186
-0.034666
-0.011519
-0.245316
-0.224457
0.253601
-0.189735
0.137245
-0.179276
-0.008019
-0.276413
0.235863
0.219872
-0.100391
-0.056356
0.213715
0.048498
0.342209
-0.386017
-0.121830
0.219307
-0.038458
-0.116070
-0.248306
-0.024387
0.073086
-0.054159
-0.003385
-0.102329
0.193184
0.184090
-0.066277
0.159645
0.025007
0.125549
0.225319
-0.013235
-0.064194
-0.075146
-0.192513
-0.072205
-0.205666
0.042770
0.147675
0.131630
-0.014727
-0.076324
0.180702
-0.110241
-0.025207
0.058287
0.256653
-0.063648
0.232346
-0.138115
-0.089775
0.015878
-0.044685
-0.093140
-0.086445
0.148499
-0.346756
-0.153297
-0.129562
0.114830
0.119831
0.095757
0.249168
0.055622
-0.269516
-0.091507
-0.016001
-0.037493
0.097710
-0.306046
-0.051727
0.082996
0.054760
0.128983
0.120327
0.028416
-0.251587
0.231102
-0.035248
0.129486
0.240578
-0.125015
-0.002214
0.047174
-0.218155
-0.090385
0.195099
-0.128334
-0.096096
-0.224022
-0.014093
-0.124992
-0.128838
-0.055048
-0.069355
-0.108223
0.291168
0.062223
0.146126
-0.048851
0.193306
0.240829
0.034153
0.246933
-0.067894
0.006901
-0.014782
0.117661
-0.200294
-0.050022
0.246002
-0.398544
-0.176743
-0.193939
0.085770
0.042816
0.153419
-0.155136
-0.086105
0.056173
0.058548
-0.390320
0.368896
0.218727
-0.007644
0.301254
0.112194
0.134216
-0.075943
-0.032949
-0.062201
-0.171059
0.060318
-0.029757
-0.361847
-0.298279
-0.021140
0.062790
-0.181763
-0.222572
-0.135933
-0.081619
-0.182274
0.126747
-0.127953
-0.096508
0.168991
-0.264679
0.186073
-0.206673
0.081635
0.095917
-0.159286
0.013955
-0.121948
0.123791
0.025092
-0.299881
-0.179718
-0.050842
0.104305
0.196930
0.067097
-0.125504
-0.270538
-0.145439
-0.134796
0.144882
-0.231354
0.121162
0.071018
0.069862
0.187134
-0.258820
0.196617
-0.087280
0.082375
0.077168
-0.061831
-0.167572
0.160629
-0.270325
0.366074
0.000222
0.181343
-0.046013
-0.166710
0.204720
-0.057468
-0.054565
-0.134552
0.046844
-0.295349
-0.068047
-0.227371
-0.129326
-0.214622
0.074963
-0.273438
-0.156410
-0.092300
-0.349991
-0.084835
0.094257
-0.171112
0.111774
0.154541
0.058840
0.188370
-0.346146
-0.108723
0.347855
-0.177055
-0.179794
-0.088493
0.002581
-0.226387
0.034935
-0.228706
0.007988
-0.019638
-0.073124
0.053692
0.122139
0.295441
-0.024387
0.142113
-0.355759
-0.239571
-0.278915
-0.074463
-0.042307
-0.191208
0.278412
0.053646
0.075397
-0.045811
0.060616
-0.303467
-0.005024
0.153893
-0.121483
-0.093735
0.265869
-0.154274
-0.182228
-0.169273
-0.090519
0.290405
-0.250397
-0.083664
-0.017643
-0.033970
0.119316
0.103371
-0.026968
0.094921
0.097321
-0.092587
-0.145210
-0.035156
0.270645
0.104313
-0.226936
0.113068
-0.132172
-0.005086
-0.371017
-0.219139
-0.017280
0.060524
0.081219
0.008823
-0.033211
0.056940
-0.145447
0.221138
0.326508
0.200607
0.223137
-0.071468
0.118641
-0.233940
0.043858
-0.052176
0.307144
-0.132408
0.042171
-0.031542
-0.077427
-0.103065
-0.067280
-0.098606
0.001256
-0.003516
0.304596
-0.130913
0.281540
-0.067566
-0.058195
-0.025881
0.141670
-0.124569
-0.018781
-0.181679
0.224220
-0.164230
-0.106983
0.113022
-0.110085
-0.175117
-0.249176
-0.281586
0.028665
0.083687
0.103378
-0.102474
0.098850
-0.002045
0.303696
-0.126717
0.185036
-0.200745
0.066517
0.187996
0.233467
0.079849
0.057077
0.076717
0.160995
-0.002267
-0.237595
-0.135040
0.022457
0.181343
-0.026582
-0.044600
0.017098
0.012879
-0.079750
-0.092991
-0.162804
0.107666
0.062006
-0.134155
-0.244644
-0.272339
0.055223
0.143784
0.162209
-0.079380
-0.271347
0.057100
0.157593
-0.058395
-0.193764
0.242897
-0.126137
-0.134979
0.031197
0.034864
-0.137238
0.082592
-0.100170
-0.263489
-0.174355
0.021952
-0.018528
-0.157265
0.324966
-0.388397
-0.103798
-0.273849
0.011106
-0.331924
0.029136
0.204170
-0.167122
0.084354
0.057812
0.142654
0.005545
0.075443
-0.237946
0.162560
0.017035
0.006005
-0.031672
0.039614
-0.129539
0.289642
-0.363251
-0.266220
0.082108
-0.024556
-0.092587
0.054213
-0.002620
0.038166
-0.101341
-0.116493
0.087471
0.232574
-0.100796
-0.340271
0.191895
-0.071075
0.301605
0.171234
0.013281
-0.078308
0.168030
0.018252
-0.002865
0.220207
-0.256317
-0.132278
-0.212090
0.002137
0.054916
0.096645
0.001654
0.129395
0.268143
-0.355087
0.104828
0.175552
0.136261
0.102222
-0.223999
-0.112667
-0.160728
0.155319
0.119900
0.175064
-0.184952
0.311798
0.103973
-0.173477
0.045313
0.118973
0.038343
0.064625
-0.301636
0.035494
-0.005882
-0.267838
0.050797
-0.069813
-0.118099
-0.041866
-0.120750
0.321259
-0.058920
0.147392
0.255737
0.045910
0.032230
0.103569
0.001677
-0.337616
-0.157822
-0.160179
-0.182892
0.252213
0.014874
-0.221382
0.126289
-0.027022
-0.104736
0.172188
-0.198189
0.371323
0.236244
-0.210251
-0.029749
-0.205643
-0.038656
0.168625
0.162254
-0.009758
-0.019692
0.189095
0.164497
0.068966
0.046354
0.130104
0.114876
-0.069004
0.084957
-0.173576
0.030515
-0.071735
0.103951
0.284210
-0.109657
0.120525
0.064522
0.017774
-0.196625
-0.188370
0.189972
-0.106380
0.184685
-0.011497
0.121067
-0.135216
-0.070694
0.228844
-0.114750
-0.198578
0.073231
0.013144
-0.158195
-0.200554
0.082115
0.177711
0.075996
0.198700
-0.038296
0.014499
-0.123032
0.139801
0.380463
0.129089
-0.011994
0.123241
0.101456
-0.095619
0.141006
0.193825
-0.136414
0.039131
-0.350281
0.048262
-0.118240
0.208504
0.060049
-0.041943
0.000774
0.384720
0.050200
0.072872
-0.039848
-0.108578
-0.127686
0.043980
0.070835
0.237854
0.242668
-0.257599
-0.037779
0.118511
-0.267075
-0.095016
0.099426
0.158630
0.029933
-0.089264
0.061872
-0.120903
-0.333130
0.217308
0.210091
-0.246292
-0.026272
0.239418
0.252930
0.035486
0.196358
-0.184021
-0.018633
0.245987
-0.111729
-0.058479
0.139114
-0.092976
-0.015629
0.062378
-0.292847
0.227043
-0.048775
0.107674
0.056557
0.121845
0.012669
0.155975
0.134041
0.040886
-0.370422
0.195908
0.069271
-0.265854
0.121368
0.279373
-0.221413
-0.193329
0.081066
0.030923
-0.157845
-0.013297
-0.005515
-0.176468
-0.203323
-0.118366
0.054060
0.225937
0.225784
0.187706
-0.002972
0.223083
-0.022963
0.238388
0.040062
-0.115112
0.069515
0.053293
0.190155
-0.234154
-0.195946
-0.180260
-0.327805
0.163452
-0.157692
-0.058855
0.005101
0.058601
0.185539
0.085590
0.089523
-0.119888
0.072872
-0.064148
-0.149902
0.159683
0.255173
-0.094147
0.094349
0.043268
0.093567
-0.346359
-0.023782
-0.077541
0.039629
0.016284
-0.043383
0.109138
0.069576
-0.002505
0.166824
0.164902
0.107368
-0.013986
-0.109344
0.387390
-0.072834
-0.250717
0.009413
-0.033747
-0.018658
-0.048630
-0.007192
-0.093384
0.035378
0.281738
-0.081264
-0.000146
0.187592
0.013083
0.043705
0.280579
-0.333252
-0.127670
-0.087109
-0.293640
0.036198
0.158508
0.106770
-0.041813
0.008425
-0.017670
0.123100
-0.174919
-0.031656
0.012592
0.213051
0.183929
0.199608
0.074894
-0.139954
0.035074
0.172127
-0.145432
-0.058287
-0.082634
-0.301407
0.298721
-0.081066
-0.114395
-0.125893
-0.185524
0.166176
-0.020871
-0.165611
0.077938
-0.315079
-0.131126
-0.199547
0.228271
-0.172943
-0.044125
-0.227119
-0.049843
0.072803
0.178360
-0.035540
-0.004274
-0.073711
0.014782
0.216484
-0.214790
0.049854
0.098476
0.077488
-0.298569
0.017570
0.212097
-0.147430
-0.211655
0.245262
-0.126335
-0.250732
-0.027390
-0.147202
0.021370
-0.237885
-0.023989
-0.109749
-0.147301
-0.233437
0.009161
0.246292
-0.021722
0.395889
-0.118614
0.156639
-0.077942
0.022970
-0.208344
-0.061459
0.091881
0.016286
-0.012730
-0.245651
0.093765
-0.021186
0.062056
0.017432
-0.021599
-0.149605
0.113987
-0.146233
0.037378
-0.201836
0.143150
0.057032
-0.149574
-0.171555
-0.200310
0.140259
-0.113152
-0.192863
-0.051161
0.012714
0.204735
-0.168648
0.169334
0.126793
0.144455
-0.037285
0.064198
-0.052092
0.126579
0.052597
-0.297729
0.071049
-0.258713
-0.235680
0.236061
-0.131027
0.050716
-0.086529
0.160454
0.088089
0.001777
-0.134674
-0.002451
-0.148384
-0.014392
-0.056887
-0.008119
0.020037
0.189674
0.230850
0.032162
0.104275
-0.229073
-0.237350
-0.207230
0.354813
0.162498
-0.141327
-0.136131
0.140366
-0.088718
0.003860
-0.077015
-0.200439
0.056602
-0.279221
-0.041315
0.107323
0.070827
-0.172699
-0.094719
0.072586
0.132042
-0.098896
-0.076916
-0.031058
-0.155777
-0.085049
-0.301147
0.033899
-0.001785
0.020021
-0.009413
-0.230850
0.219818
-0.067352
-0.024199
0.093880
0.079758
-0.012737
-0.055889
0.138603
-0.010585
-0.133492
0.374771
-0.244118
0.025567
-0.103142
0.010784
0.096390
0.161873
0.206207
0.170677
0.145195
-0.182838
-0.196953
0.261719
-0.046768
0.008716
-0.039431
-0.303009
0.006939
-0.019991
-0.311279
-0.224495
-0.088608
-0.089638
-0.099403
0.004151
-0.300003
0.176872
-0.051756
-0.161987
-0.122150
0.253067
-0.224930
0.071430
-0.159088
0.108513
0.083920
-0.062698
-0.165634
-0.148186
0.107403
-0.020420
0.107277
0.201172
0.095421
0.207504
-0.227837
0.054281
0.341080
0.216255
0.035999
0.029799
0.281891
0.093834
-0.060417
-0.255219
0.097969
0.077282
0.070927
0.046232
0.204308
-0.199379
-0.139015
0.128098
0.309753
0.139595
0.089016
-0.044611
0.078037
-0.078323
-0.044638
0.184303
-0.097034
0.062637
-0.052237
-0.003309
-0.019991
-0.132477
-0.239166
0.172935
-0.063805
0.234543
0.203316
-0.070347
-0.109329
-0.147240
-0.035433
-0.158928
-0.069946
0.033785
0.035448
-0.155777
-0.018015
-0.103577
0.262436
-0.145409
0.036045
-0.086258
0.100117
-0.033510
0.273148
0.203064
0.298370
0.028523
0.265121
-0.189865
-0.264938
-0.193710
0.115364
-0.212257
-0.019064
0.052696
-0.126434
0.183685
-0.017654
0.203659
0.035309
0.092781
0.191154
-0.034636
0.128281
0.078445
0.248436
-0.037331
-0.023422
0.073162
-0.182732
0.012615
0.134499
0.064983
-0.022028
-0.028355
0.120464
-0.161354
-0.291687
-0.051563
0.085354
-0.117188
0.191864
-0.088272
-0.041039
0.172791
-0.036711
-0.019883
0.065197
-0.054365
0.035616
-0.188484
0.328552
-0.061661
0.067036
0.019102
0.016774
0.025330
-0.017639
-0.008345
-0.338074
-0.053362
0.004274
-0.204712
0.011611
-0.018332
0.056465
0.132645
0.258606
-0.233521
-0.209633
0.053255
-0.061710
0.129807
0.255112
-0.102745
0.156738
0.070827
0.314514
-0.068764
0.015318
-0.085892
0.032888
-0.092693
-0.001103
0.101631
-0.074741
-0.132477
0.126396
0.054626
0.008463
-0.251526
-0.008725
-0.143669
-0.246864
-0.368958
0.523560
-0.297485
0.027593
-0.149559
0.204521
0.103310
0.152634
0.547150
0.232567
0.119003
-0.099445
0.170631
-0.121189
-0.093517
0.297638
-0.233376
0.362854
0.194901
0.176926
-0.015656
-0.197517
-0.411667
0.122604
-0.335999
0.203255
0.223816
0.029905
0.096569
-0.020217
-0.319351
0.345032
-0.016081
-0.097775
-0.144402
-0.065243
-0.412292
-0.043064
-0.530396
-0.482559
0.089153
0.108036
0.037853
0.259384
-0.013132
0.042711
0.042463
0.370529
0.307602
0.237389
-0.069572
-0.225456
-0.479187
0.136169
-0.102848
-0.198128
-0.177597
0.120975
0.349197
0.019362
0.100758
0.129845
-0.253418
0.185066
0.032114
0.219643
0.122219
0.139267
0.075798
-0.508545
-0.242874
0.265732
0.216919
0.309982
0.008128
0.205833
-0.262283
-0.051807
-0.041054
0.045332
0.285583
-0.010229
-0.182144
0.325836
0.025571
0.232040
0.025330
-0.049219
0.350616
-0.142868
-0.029871
-0.065659
-0.110962
-0.280838
0.121845
-0.078854
0.453415
0.244087
0.158783
-0.085766
0.252167
-0.182045
0.179962
0.471527
-0.389069
-0.431732
0.059965
-0.033930
0.136307
0.119301
0.009375
-0.095127
0.009103
0.343872
-0.389099
0.135056
0.058897
0.256073
-0.016550
-0.105114
0.213585
0.472641
0.446655
0.102627
-0.327240
0.568512
0.126610
-0.491211
0.194771
0.185005
0.040449
0.449417
0.000934
-0.299011
0.303543
0.231712
-0.110901
-0.254288
0.095390
0.025429
-0.237366
-0.410233
-0.070087
-0.128250
-0.166725
0.160660
-0.091145
-0.005036
-0.200676
-0.007699
-0.112545
0.112926
-0.154480
-0.283295
0.117599
0.135719
-0.332199
0.141403
0.163574
-0.237762
-0.290970
0.204010
-0.407791
0.329407
0.007803
0.412766
0.042084
0.413940
-0.360519
-0.480316
-0.178413
0.021549
-0.373535
0.366882
0.510681
0.079578
-0.089848
-0.197838
-0.442459
-0.192154
0.311905
-0.037971
-0.177177
-0.359589
0.193352
-0.061998
-0.221855
0.378204
-0.437592
0.042109
-0.474564
-0.111164
0.246147
-0.264938
0.316605
-0.365891
0.248619
0.257935
-0.052299
-0.212669
0.297058
0.384659
-0.090740
0.023922
0.136566
-0.195000
0.003137
0.046730
0.224586
-0.338943
-0.243774
-0.081318
0.137711
0.094048
-0.338120
-0.283920
0.132462
0.057453
0.094299
-0.405518
-0.000823
0.237167
-0.416672
-0.374496
-0.027382
-0.198021
-0.120544
0.120892
0.059906
-0.172829
0.008603
-0.160057
-0.303162
-0.079689
-0.234100
0.350464
-0.274689
-0.130569
0.394791
0.049889
0.047514
0.151009
-0.031035
0.185265
-0.271942
-0.369125
-0.199036
-0.240242
0.202957
-0.102314
-0.028343
0.202141
-0.482559
0.072403
0.344666
0.107510
-0.126030
-0.292877
-0.388977
-0.168503
0.051315
-0.378357
0.290878
0.265198
-0.458038
-0.045588
0.096645
-0.115685
-0.076168
-0.125961
0.449234
-0.128998
-0.072910
0.418198
-0.041685
0.270172
-0.568359
-0.140320
0.032341
-0.365372
0.374802
0.001995
0.351395
-0.006958
0.074009
0.181465
0.000184
-0.152374
-0.113815
0.228996
-0.218071
-0.062483
0.367706
-0.029569
-0.414673
0.524689
0.024839
0.198990
-0.208420
0.465729
-0.441971
-0.276245
-0.179901
0.100521
0.244743
-0.121197
-0.246712
-0.325562
0.353882
0.302658
-0.171906
0.113697
-0.210342
0.279877
0.006365
0.380692
-0.158089
0.004549
0.329086
0.347946
0.233559
0.111050
-0.331970
-0.016544
0.181480
-0.227188
-0.008888
0.206322
-0.030587
0.398117
0.153000
-0.472549
0.124306
-0.026876
0.144989
0.367065
-0.148048
0.000702
0.041498
-0.409164
0.301346
-0.130394
0.319946
0.091007
0.149872
-0.291092
-0.145309
0.091793
-0.286530
0.083424
0.339325
-0.050556
0.294479
-0.090961
-0.069118
-0.143456
-0.217766
-0.075558
0.062870
-0.147964
-0.294861
-0.401520
-0.002708
-0.172554
0.191452
0.141922
-0.422897
0.041376
0.140564
-0.379364
0.149269
-0.173065
0.007274
-0.047791
-0.182816
0.257141
0.176140
0.188911
0.250946
-0.007598
-0.245064
-0.027099
-0.160545
0.147781
-0.017677
0.387344
-0.096046
-0.237816
-0.205208
-0.033184
0.133667
0.016973
0.183121
0.130600
0.361450
-0.242828
0.270477
-0.059418
0.415970
0.313110
0.078247
0.048616
0.140099
0.185898
0.000825
-0.042719
-0.173965
0.179382
0.146210
-0.023365
0.169777
0.001536
-0.052853
0.109619
0.051363
-0.068085
-0.120411
-0.044668
0.211121
0.293808
-0.077446
-0.174614
-0.306625
0.105698
-0.044014
0.054838
-0.036739
0.228905
0.095818
0.276825
-0.075367
0.174065
-0.291946
0.064724
-0.157036
0.328690
0.019615
-0.431366
-0.111328
0.266205
0.162300
0.058460
0.169792
0.109467
-0.449326
0.219131
0.139755
0.047285
0.174484
-0.264511
-0.276291
0.097057
0.178307
0.032488
0.202751
0.134689
0.089737
0.063618
-0.253799
-0.333878
0.342850
0.286255
-0.157387
-0.466080
0.350998
0.202614
-0.237747
-0.246788
0.287903
-0.248672
-0.078529
-0.169228
-0.190193
0.089249
0.040640
-0.022103
-0.208626
0.082409
0.127998
-0.034126
-0.184082
-0.049948
0.063320
0.094608
-0.115417
0.165695
0.128937
0.074303
0.231712
-0.126877
-0.359924
0.057610
0.058996
-0.002298
-0.508881
0.409576
0.199936
-0.128807
0.263580
-0.031210
0.239937
-0.332336
0.416992
0.050123
-0.142715
-0.056986
0.027619
-0.452087
0.023441
0.153618
0.129189
0.456390
0.005320
0.091743
-0.066406
-0.110088
0.259857
-0.454468
-0.136147
-0.027851
-0.064335
0.119324
-0.070625
0.097080
0.219437
-0.064865
-0.010336
-0.097649
-0.093292
0.253296
-0.226822
0.048296
0.435974
-0.326828
0.198814
-0.324539
0.131203
0.124046
-0.161232
0.054266
-0.337708
-0.130005
-0.106750
0.285019
-0.038261
0.446289
0.074554
-0.295807
0.508820
0.038418
0.193382
-0.072510
0.057364
0.120758
-0.075798
-0.240204
-0.458710
-0.085716
0.179573
-0.035389
-0.349854
-0.047243
0.113331
0.088539
0.241341
0.209740
-0.238022
0.274582
-0.181213
0.120205
-0.188560
0.098484
-0.010202
-0.292892
0.283127
-0.048431
-0.464005
-0.259689
-0.341843
0.143196
-0.221268
-0.150452
-0.030073
-0.065922
0.072712
-0.105457
-0.303696
0.131020
-0.091171
0.392502
0.095680
0.076019
0.343292
0.111023
0.062170
-0.033161
-0.297028
-0.073433
-0.275604
0.139183
-0.053616
0.055288
0.137299
-0.164162
-0.237991
0.320068
-0.112595
-0.084579
0.160751
0.162987
-0.042141
0.454102
0.114948
0.442795
-0.226776
0.187675
0.437744
-0.013452
0.218338
-0.270828
0.377075
-0.203400
0.324600
0.102554
-0.094379
-0.130592
0.069408
0.228416
0.313004
-0.203781
-0.251816
0.159027
0.368134
-0.112095
0.094875
-0.386856
-0.411423
0.085060
0.145988
0.268372
0.145683
-0.515564
0.105118
0.260651
-0.589752
-0.121658
0.345901
-0.250412
-0.237503
0.046837
0.096165
0.139183
-0.055786
-0.196999
-0.275253
-0.250534
0.290222
-0.203461
0.077869
-0.014177
-0.407211
-0.171501
-0.371750
-0.039070
0.231026
0.240150
-0.425888
0.336609
0.323227
0.236748
0.087990
-0.146477
0.338577
0.193497
-0.402847
0.265427
0.071850
0.562500
0.115406
0.453796
0.090305
-0.303055
0.075958
-0.065845
0.014989
-0.297256
-0.213585
-0.312180
0.116722
-0.236061
0.293488
0.226532
-0.309586
0.438354
0.187111
-0.178925
0.159485
-0.238770
0.260513
-0.132668
-0.004046
-0.168915
-0.178757
-0.283264
-0.075790
-0.064575
-0.536896
-0.003922
-0.121494
0.198349
0.449875
-0.028780
-0.207062
0.423431
-0.094631
-0.092072
0.226562
0.208443
0.115189
0.240898
0.075184
-0.108757
-0.049578
-0.334778
-0.289795
0.235901
0.106129
0.487106
-0.003253
-0.150764
0.354446
-0.007292
0.195312
0.175697
0.324829
0.222351
-0.504303
0.307419
0.218422
-0.108727
-0.011238
0.048855
-0.037500
0.298340
-0.044701
-0.230103
0.105892
0.083916
-0.021630
-0.295944
-0.292587
0.051142
0.110340
-0.241791
-0.281204
-0.179443
-0.106239
-0.077084
-0.307724
-0.107063
0.289169
0.147102
-0.116764
-0.032522
0.224464
0.110134
-0.429611
-0.279800
-0.200256
-0.211548
-0.290146
-0.311859
-0.263062
0.191788
0.084858
0.211281
-0.040691
0.090385
-0.324219
-0.062315
-0.105167
0.000214
-0.008745
0.005197
0.275467
-0.191978
0.445190
0.272034
0.247963
-0.479919
0.062162
0.020121
-0.433182
-0.154961
0.085968
-0.208694
-0.044830
-0.441589
-0.488495
-0.144684
-0.035721
-0.159187
0.060106
-0.298767
-0.069782
0.144989
-0.087475
-0.110477
-0.281631
-0.311310
-0.173187
0.130241
0.304306
-0.083561
0.135452
0.065166
0.241493
-0.036739
-0.282623
-0.127945
0.100777
0.396957
-0.208183
0.287033
0.242004
0.397263
0.078362
-0.317429
-0.561768
0.209328
0.154930
0.017957
0.048111
0.217453
0.236198
-0.021688
-0.256973
0.249130
0.484879
-0.021584
-0.064568
-0.205307
0.008299
0.242142
0.230560
0.246162
0.407288
0.371307
-0.407974
0.024330
-0.371613
0.312241
-0.196106
0.035213
-0.018101
-0.471115
-0.084560
0.060251
-0.171112
-0.030889
-0.247437
-0.114159
-0.010918
-0.299683
0.000919
-0.291733
-0.321716
-0.256470
-0.040556
-0.353851
0.341827
-0.105122
-0.041712
0.349716
0.237411
0.088482
0.078865
0.025330
-0.159637
0.290726
-0.467377
0.085785
-0.014415
-0.048071
0.223778
-0.032530
0.000260
-0.480179
0.027370
0.444153
0.108364
0.399765
-0.287384
-0.002918
-0.519714
-0.186462
0.322769
-0.221596
0.176910
0.282211
-0.060413
-0.098675
-0.339523
-0.001758
0.251053
0.514954
-0.013634
-0.285049
-0.074745
-0.070854
-0.095074
-0.027505
0.012914
-0.009111
-0.073120
0.236710
-0.042019
-0.073242
0.275986
-0.014627
-0.146095
-0.132675
0.383133
0.184326
-0.035206
0.483246
-0.102501
0.287201
-0.255356
0.072430
0.052801
-0.215393
0.490387
0.229904
-0.315109
0.224861
0.127449
0.185890
-0.060570
0.050697
0.215439
-0.057278
0.025643
0.230782
-0.066383
-0.047874
-0.151932
-0.110394
0.496292
0.224419
-0.125023
-0.269226
-0.011024
-0.256897
-0.185249
-0.046238
0.226357
0.331696
0.241379
0.068974
0.404129
-0.323654
-0.246773
0.377914
-0.093704
-0.047253
0.085350
0.134132
0.141075
0.024801
-0.329758
-0.260895
-0.032486
-0.204132
-0.032135
0.416153
0.265045
-0.282028
-0.312057
0.242310
0.459442
-0.336670
0.490128
-0.066177
0.021838
-0.209709
-0.114822
-0.369614
0.222389
-0.390472
-0.300613
0.107090
-0.197075
-0.029948
-0.132416
-0.190376
-0.177582
-0.147423
-0.053827
-0.036497
0.494812
-0.386017
0.322449
-0.157112
-0.073116
0.189934
0.258652
-0.327118
0.008301
-0.053381
0.015588
-0.049276
0.229774
-0.111691
-0.115429
-0.366180
-0.321365
-0.230247
-0.117977
0.417633
-0.101654
0.098457
-0.090263
-0.198341
-0.031862
-0.222656
0.230713
-0.107037
0.249367
-0.442520
0.473877
0.124733
-0.211113
0.176521
-0.130730
0.333206
-0.148140
0.127945
0.006117
-0.142250
0.076977
0.021712
0.425919
-0.210266
-0.089958
-0.306946
-0.061436
0.107708
0.080250
0.437988
0.006327
-0.021408
0.021873
-0.083923
-0.221741
-0.012408
0.210846
-0.091377
0.497986
-0.056812
0.083134
0.354874
0.067524
-0.127975
0.014377
0.037193
0.102444
-0.134155
0.167557
0.208946
0.343445
0.244560
0.127869
0.151947
0.032276
0.040323
-0.154572
0.070831
0.045666
-0.074333
-0.106155
0.152382
-0.095718
0.432358
-0.029510
-0.317825
-0.097042
0.281311
0.208603
-0.216072
0.222488
0.291733
-0.378220
0.189659
-0.353241
-0.364197
0.126877
0.366608
0.121471
-0.322968
-0.039419
-0.154503
0.019949
0.088459
-0.102928
-0.465179
0.026011
-0.257507
0.122681
0.172050
0.184822
-0.083843
0.226097
-0.013293
0.448929
0.196571
-0.228340
-0.265152
-0.041119
-0.020109
0.136215
0.080605
0.269623
-0.141991
0.270264
0.433411
0.010819
-0.120258
0.185036
0.132324
0.172165
0.145218
-0.122547
-0.325287
0.131287
-0.225090
-0.273453
-0.357300
0.134819
-0.248726
0.331390
0.320053
-0.232185
-0.059931
0.306351
0.218758
0.136688
0.078056
0.470627
0.095158
0.055937
0.089447
-0.441635
0.327576
-0.052534
0.446442
0.243973
-0.041691
-0.291229
-0.188805
-0.009354
-0.016647
-0.143951
-0.131912
0.175095
0.090137
0.260437
-0.095921
0.249474
-0.221771
-0.344635
-0.036524
-0.002472
-0.059792
-0.094009
-0.213127
-0.360077
0.141037
-0.032272
0.009800
0.138252
0.023284
0.197624
0.312012
0.350876
0.044691
0.241043
-0.020156
0.520416
0.052635
0.308060
0.511047
-0.066402
-0.352493
-0.137856
0.108723
-0.363098
0.122963
0.010794
0.501770
-0.098774
-0.333832
-0.051758
-0.101238
0.223808
0.369263
0.303055
-0.136269
0.412338
-0.347015
0.493347
0.033169
0.193695
0.073574
-0.171829
-0.072845
0.118664
0.071644
-0.195374
0.122082
0.021481
0.215118
0.015739
-0.044903
-0.237740
0.394943
0.063431
0.014566
0.000873
-0.440384
-0.101063
0.418732
-0.259598
-0.152817
-0.199509
-0.035795
0.218849
0.105560
-0.169655
0.113773
0.273560
-0.294067
0.144913
-0.049747
0.294510
-0.026892
-0.120144
-0.104206
-0.058041
-0.215118
-0.082493
0.063831
-0.102394
-0.067120
0.018918
-0.240143
0.430603
0.084782
-0.225555
0.328720
0.159012
0.290390
0.132484
-0.000190
0.138000
-0.169411
-0.133949
0.356461
-0.063824
0.213448
-0.149185
0.212166
0.019765
-0.004237
0.062044
-0.303528
-0.031132
0.456909
0.212120
0.013628
-0.373611
0.029251
-0.022905
0.141418
0.064934
-0.001947
-0.098309
-0.124264
0.080807
-0.324265
0.204445
0.340225
-0.033453
-0.180069
-0.277374
-0.412460
0.270340
0.206116
-0.156372
0.204117
-0.097847
-0.205177
-0.100735
0.438965
0.408005
-0.038671
0.135849
-0.242935
-0.098766
-0.269424
-0.229279
0.044664
-0.142189
-0.252197
0.286484
0.439774
0.363281
0.087795
-0.301895
-0.173302
0.380981
-0.094997
0.266922
-0.169495
-0.176712
-0.110809
-0.065311
0.093269
0.097313
0.393723
0.299789
-0.000515
0.087780
0.197052
-0.178574
-0.123634
0.158386
-0.043110
0.253265
-0.038748
0.304886
0.023601
0.106312
0.162704
-0.228584
-0.224617
-0.014905
0.132683
-0.036806
0.300613
0.059776
-0.172478
0.303604
0.224312
-0.442719
0.028941
-0.401505
0.009394
0.122200
-0.306168
-0.214279
-0.097031
-0.306686
0.493347
-0.414978
0.031782
-0.147713
0.260437
0.089077
0.105556
-0.295334
0.391571
0.129562
-0.086632
-0.060728
-0.099018
-0.313232
-0.075611
0.036114
0.169395
0.222595
-0.006882
-0.003444
0.011581
-0.297150
0.068840
-0.576874
-0.181618
0.078270
0.162369
0.129639
-0.233986
-0.449280
-0.179062
0.359344
-0.347214
-0.044868
-0.407776
-0.087139
0.042212
0.317612
-0.380051
-0.181221
-0.170631
