0.690601
0.786385
0.575489
0.732334
0.738174
0.403225
0.629253
0.894024
0.331249
0.570797
0.611633
0.496593
0.325352
0.719181
0.754536
0.387848
0.291761
0.898903
0.436003
0.633266
0.371893
0.496197
0.683708
0.351282
0.480587
0.578075
0.649628
0.248482
0.582958
0.391859
0.533119
0.569809
0.289942
0.219133
0.414974
0.324364
0.210486
0.456543
0.803772
0.427292
0.615025
0.413780
0.624157
0.640202
0.243486
0.790565
0.325472
0.535694
0.685543
0.649330
0.755516
0.354128
0.257223
0.435297
0.408716
0.323641
0.601055
0.354593
0.572124
0.480717
0.331833
0.101318
0.464699
0.507328
0.324371
0.765671
0.531967
0.420412
0.218289
0.631985
0.848877
0.245180
0.156737
0.583557
0.770931
0.289249
0.670368
0.509407
0.410326
0.353607
0.859734
0.278667
0.407566
0.113035
0.599968
0.701832
0.438978
0.612892
0.166949
0.421797
0.206432
0.385508
0.525864
0.256958
0.892830
0.435616
0.134325
0.422047
0.857201
0.352615
0.467478
0.702152
0.485653
0.325216
0.696861
0.368282
0.614468
0.364473
0.463068
0.727367
0.417912
0.619053
0.303457
0.711029
0.734390
0.488806
0.526863
0.584515
0.804276
0.579361
0.591686
0.308126
0.077694
0.704105
0.450636
0.382843
0.435970
0.584965
0.392574
0.289246
0.824303
0.559879
0.691673
0.420477
0.181345
0.385782
0.791061
0.383942
0.450083
0.551556
0.408733
0.568268
0.283430
0.712193
0.392122
0.604820
0.197521
0.804981
0.299856
0.299215
0.496038
0.778271
0.307169
0.459736
0.481195
0.643806
0.544708
0.616993
0.340462
0.233530
0.609989
0.278038
0.205726
0.412189
0.398346
0.387072
0.500099
0.487278
0.657738
0.360878
0.626518
0.477169
0.516830
0.610222
0.889637
0.206820
0.625740
0.385710
0.308050
0.223016
0.384754
0.503918
0.586666
0.579781
0.377823
0.478558
0.335281
0.507912
0.508995
0.678493
0.743061
0.529678
0.541912
0.834339
0.642872
0.236507
0.217486
0.439220
0.611641
0.577801
0.689129
0.349125
0.165495
0.316925
0.371216
0.353682
0.409298
0.882507
0.440393
0.418350
0.216046
0.825146
0.218517
0.688263
0.517067
0.296614
0.580269
0.265345
0.691254
0.790264
0.829391
0.730560
0.316023
0.481825
0.675426
0.255144
0.604332
0.595490
0.697842
0.327665
0.470711
0.497492
0.676796
0.636204
0.699970
0.633392
0.576889
0.106518
0.627594
0.427977
0.524864
0.729195
0.251949
0.629383
0.832077
0.769012
0.929478
0.408419
0.619743
0.616806
0.309208
0.560104
0.760811
0.626404
0.338177
0.432316
0.581379
0.356678
0.438499
0.575466
0.684792
0.494589
0.772785
0.474413
0.545414
0.470449
0.405672
0.532997
0.576969
0.146090
0.548656
0.398535
0.761284
0.500431
0.440916
0.703884
0.381145
0.366472
0.224001
0.299887
0.683102
0.418762
0.861168
0.439993
0.341413
0.197718
0.285753
0.811821
0.554844
0.310804
0.497814
0.350161
0.808147
0.570320
0.711296
0.349632
0.451471
0.229796
0.582455
0.327440
0.261887
0.541809
0.425800
0.433867
0.629242
0.452099
0.726608
0.308937
0.705296
0.836155
0.308651
0.386776
0.553471
0.580509
0.239087
0.595886
0.365227
0.410393
0.518230
0.330769
0.423326
0.014424
0.569958
0.528893
0.584747
0.277334
0.578350
0.736492
0.393129
0.572674
0.649315
0.655022
0.113309
0.373663
0.676563
0.742550
0.826939
0.399248
0.462187
0.530605
0.231483
0.658009
0.917381
0.485954
0.236897
0.152550
0.380392
0.602131
0.566418
0.598454
0.636196
0.875744
0.612877
0.316679
0.515160
0.194870
0.480011
0.205650
0.933662
0.575275
0.663883
0.580223
0.226364
0.662743
0.653713
0.602757
0.705021
0.479027
0.299427
0.163726
0.709461
0.533215
0.824036
0.624550
0.429863
0.761932
0.187792
0.395638
0.475033
0.640209
0.407085
0.521923
0.627651
0.906689
0.424431
0.842636
0.214384
0.792297
0.933838
0.444744
0.478094
0.596546
0.610352
0.704460
0.671154
0.678684
0.606945
0.372694
0.568409
0.606197
0.538723
0.275568
0.435658
0.474457
0.310812
0.454378
0.232466
0.384159
0.850010
0.707497
0.727669
0.254349
0.229424
0.465839
0.159416
0.539406
0.307297
0.259354
0.443403
0.238384
0.403925
0.921501
0.245623
0.312145
0.625511
0.504906
0.690655
0.228529
0.877602
0.255142
0.720280
0.413572
0.416264
0.268764
0.587856
0.727077
0.422970
0.820324
0.700539
0.570404
0.526646
0.538727
0.526886
0.641628
0.301264
0.686298
0.292730
0.608559
0.645481
0.738434
0.734798
0.346102
0.656013
0.681870
0.358074
0.277601
0.483027
0.347281
0.506130
0.360180
0.603600
0.339235
0.473579
0.607990
0.609173
0.359987
0.332315
0.617523
0.176388
0.443546
0.298450
0.402864
0.393415
0.710888
0.156185
0.396811
0.393263
0.451218
0.890919
0.334993
0.775036
0.737419
0.567818
0.427122
0.417669
0.813751
0.708195
0.786251
0.272730
0.324850
0.256958
0.762329
0.665257
0.732838
0.480841
0.859814
0.203353
0.226152
0.587856
0.380188
0.670143
0.186035
0.672077
0.651245
0.193172
0.414091
0.344301
0.589909
0.750858
0.821774
0.925354
0.636864
0.557575
0.491550
0.362535
0.271946
0.417444
0.181706
0.758022
0.690174
0.507732
0.604286
0.563026
0.761120
0.747818
0.342417
0.731457
0.838345
0.455740
0.732761
0.803913
0.711266
0.804348
0.472071
0.474207
0.109666
0.299162
0.403891
0.585129
0.750294
0.638664
0.623306
0.685707
0.306768
0.816303
0.159945
0.278540
0.529999
0.341652
0.334436
0.330694
0.435207
0.349417
0.779716
0.607025
0.682617
0.232659
0.336859
0.631489
0.273783
0.656178
0.434954
0.399220
0.871670
0.492849
0.873428
0.866890
0.793186
0.575871
0.564846
0.541862
0.326237
0.775150
0.639439
0.218832
0.887703
0.799831
0.498547
0.528225
0.137561
0.532810
0.558743
0.573944
0.770084
0.334541
0.179345
0.563667
0.455503
0.403378
0.194706
0.730457
0.470247
0.515663
0.540821
0.337994
0.419210
0.412628
0.316576
0.325220
0.688774
0.581696
0.754250
0.600388
0.653095
0.504215
0.231091
0.651321
0.414574
0.730087
0.290070
0.438135
0.559143
0.734367
0.308325
0.440193
0.482357
0.374846
0.416861
0.638859
0.778217
0.497116
0.780014
0.358992
0.712605
0.319212
0.282812
0.543686
0.432114
0.601688
0.454729
0.116965
0.480806
0.619682
0.718529
0.836037
0.234419
0.360762
0.484604
0.534996
0.676224
0.476805
0.859852
0.531612
0.623489
0.281004
0.673943
0.805676
0.655846
0.676178
0.440611
0.546894
0.285440
0.333452
0.491714
0.294294
0.653111
0.663551
0.538250
0.670605
0.375771
0.292706
0.788742
0.742577
0.612213
0.503345
0.575859
0.435488
0.864109
0.473911
0.381176
0.536407
0.361412
0.239408
0.479168
0.570282
0.221860
0.449358
0.375511
0.463085
0.536678
0.816124
0.307850
0.707672
0.447441
0.387247
0.588520
0.685932
0.161325
0.539772
0.468237
0.423820
0.532303
0.553230
0.276922
0.441936
0.467272
0.741085
0.288568
0.327902
0.325520
0.257427
0.864307
0.573654
0.198282
0.341860
0.729763
0.305695
0.491493
0.215799
0.179479
0.615856
0.031922
0.189459
0.620949
0.479364
0.577881
0.322290
0.278126
0.739208
0.748062
0.631916
0.574169
0.692234
0.297970
0.737816
0.719997
0.350620
0.589428
0.710697
0.566376
0.212365
0.264372
0.427212
0.371847
0.462656
0.769073
0.514614
0.768353
0.559116
0.617138
0.649273
0.586838
0.649063
0.249433
0.793163
0.830551
0.713306
0.526596
0.694061
0.564213
0.385180
0.437672
0.134459
0.662792
0.435467
0.875023
0.795788
0.675564
0.461700
0.502563
0.352465
0.562363
0.468382
0.780849
0.344910
0.816589
0.548744
0.444902
0.697079
0.219558
0.764172
0.342436
0.506668
0.409754
0.479721
0.410355
0.350834
0.604900
0.824806
0.457207
0.167942
0.320509
0.597008
0.302401
0.872780
0.329174
0.174675
0.664646
0.415432
0.524677
0.465075
0.654617
0.497736
0.633282
0.548744
0.428030
0.560398
0.208012
0.760784
0.253557
0.427568
0.636650
0.595993
0.819786
0.342657
0.373585
0.641285
0.697411
0.091313
0.462170
0.150694
0.259256
0.371983
0.633255
0.562103
0.655457
0.260979
0.624634
0.316177
0.262966
0.560005
0.481079
0.620163
0.757572
0.410612
0.465153
0.296122
0.268879
0.673161
0.468777
0.522434
0.687290
0.691254
0.416300
0.803776
0.332462
0.792187
0.442310
0.440567
0.883503
0.606606
0.476816
0.439451
0.389286
0.108898
0.586937
0.155267
0.371050
0.623432
0.358616
0.520012
0.294413
0.539524
0.250702
0.752983
0.248004
0.415682
0.348103
0.216711
0.674225
0.402260
0.739147
0.657768
0.392067
0.740829
0.573235
0.726154
0.643536
0.128373
0.752098
0.523556
0.735432
0.226611
0.548393
0.422138
0.335510
0.549500
0.577854
0.592113
0.283457
0.521847
0.814262
0.279997
0.358793
0.650341
0.329676
0.306623
0.364578
0.564503
0.523331
0.450676
0.668888
0.259003
0.407440
0.358828
0.297253
0.680504
0.195502
0.643360
0.694878
0.243852
0.464342
0.727726
0.470463
0.425732
0.849689
0.394829
0.860775
0.423622
0.283638
0.254757
0.646465
0.798901
0.421926
0.116231
0.862686
0.753902
0.308409
0.224514
0.314484
0.832188
0.675636
0.395243
0.087270
0.668453
0.339453
0.386826
0.648682
0.420506
0.327608
0.454082
0.664806
0.377333
0.180189
0.724125
0.688614
0.441023
0.530094
0.661091
0.453499
0.513561
0.329288
0.096490
0.310839
0.636768
0.100577
0.170775
0.387920
0.408987
0.395737
0.404533
0.239552
0.367622
0.685329
0.326822
0.738209
0.138055
0.300648
0.497419
0.558563
0.628250
0.249368
0.222917
0.893887
0.429558
0.647316
0.693027
0.459436
0.173488
0.767559
0.498762
0.572598
0.094098
0.595253
0.469994
0.430695
0.695831
0.526768
0.820919
0.517811
0.333202
0.337149
0.457640
0.288509
0.433176
0.670017
0.437416
0.157784
0.269215
0.521385
0.719093
0.597748
0.656307
0.527393
0.487713
0.673992
0.585403
0.594906
0.833256
0.644444
0.472988
0.442543
0.214294
0.567089
0.334044
0.687038
0.295206
0.732002
0.624500
0.226645
0.246337
0.545387
0.449348
0.703979
0.719452
0.471827
0.671417
0.856697
0.629612
0.640907
0.374159
0.344784
0.538376
0.441607
0.284494
0.436785
0.816601
0.755455
0.142216
0.645931
0.697765
0.502377
0.386345
0.614189
0.365713
0.422516
0.597473
0.363493
0.266663
0.518230
0.176695
0.513000
0.059694
0.628796
0.214227
0.779148
0.396872
0.471025
0.631920
0.726311
0.524933
0.418394
0.371265
0.359556
0.447683
0.655758
0.382893
0.260361
0.409592
0.527863
0.320465
0.217882
0.326487
0.292192
0.128768
0.395500
0.715160
0.726246
0.344376
0.867374
0.357746
0.521519
0.377623
0.302994
0.447733
0.591850
0.195412
0.544430
0.061255
0.828499
0.270294
0.472183
0.359722
0.641560
0.532745
0.692959
0.293402
0.326780
0.065016
0.703438
0.440020
0.271482
0.221045
0.469807
0.565979
0.349813
0.450691
0.391659
0.665363
0.795517
0.373032
0.319357
0.614456
0.450483
0.323349
0.764320
0.930187
0.518761
0.419277
0.577274
0.460539
0.689571
0.460152
0.705811
0.742275
0.103420
0.510914
0.148501
0.315754
0.575932
0.738667
0.459076
0.435095
0.960163
0.225133
0.112043
0.308357
0.561825
0.503704
0.384417
0.768036
0.462561
0.404772
0.378569
0.211596
0.728569
0.253412
0.727615
0.360157
0.676163
0.715580
0.407248
0.661980
0.287432
0.524204
0.403807
0.276405
0.734947
0.552757
0.593777
0.306953
0.287502
0.463549
0.742493
0.246042
0.274509
0.554367
0.556019
0.836334
0.357792
0.525814
0.600449
0.520184
0.630863
0.093016
0.618950
0.469957
0.346428
0.757259
0.716839
0.318840
0.470091
0.535233
0.684124
0.757523
0.759262
0.198903
0.444626
0.491459
0.337038
0.626083
0.686268
0.511269
0.200603
0.540455
0.757759
0.362967
0.393375
0.309856
0.309828
0.336998
0.536674
0.324446
0.743904
0.578232
0.417463
0.475677
0.637047
0.349270
0.229015
0.464857
0.671585
0.701408
0.298639
0.351786
0.455009
0.643284
0.550686
0.199803
0.547741
0.183977
0.825890
0.345705
0.395519
0.323912
0.471992
0.567448
0.386709
0.450750
0.577129
0.700012
0.788921
0.226627
0.609837
0.646099
0.692036
0.727131
0.117851
0.439602
0.487099
0.347311
0.203009
0.744064
0.635277
0.201474
0.506992
0.503731
0.844761
0.643059
0.703533
0.389750
0.828659
0.526672
0.321283
0.637173
0.550858
0.795578
0.790001
0.350567
0.242405
0.364382
0.636410
0.144596
0.476562
0.356771
0.676239
0.281418
0.080428
0.794094
0.607021
0.454250
0.138659
0.810028
0.311588
0.187381
0.308199
0.519581
0.576664
0.152510
0.275467
0.391895
0.542709
0.100200
0.329262
0.566120
0.738548
0.765675
0.357773
0.639069
0.816517
0.600178
0.416451
0.750347
0.631504
0.594460
0.217647
0.418268
0.172130
0.184801
0.210059
0.782623
0.341629
0.351019
0.589176
0.653214
0.423952
0.900848
0.758179
0.700443
0.638744
0.331066
0.388590
0.291973
0.434017
0.303679
0.743645
0.757942
0.480051
0.397665
0.397013
0.296122
0.700420
0.398846
0.746300
0.327997
0.404001
0.852253
0.750183
0.465605
0.447744
0.256495
0.358753
0.489201
0.307341
0.244181
0.139667
0.617294
0.730412
0.785702
0.428263
0.780300
0.113290
0.818474
0.370823
0.548481
0.118228
0.225439
0.304800
0.301582
0.325235
0.701817
0.598152
0.323080
0.212801
0.640701
0.651520
0.502354
0.489025
0.397785
0.667789
0.640522
0.656582
0.912537
0.425968
0.849476
0.745575
0.453938
0.579597
0.586956
0.351334
0.594860
0.781429
0.464624
0.411713
0.852081
0.600788
0.529938
0.374941
0.492586
0.242215
0.286003
0.605095
0.725918
0.609085
0.403276
0.365444
0.260157
0.792801
0.555470
0.657944
0.458965
0.192063
0.311773
0.783371
0.620781
0.274521
0.525475
0.661270
0.440670
0.525429
0.712433
0.446228
0.302933
0.473753
0.154188
0.266710
0.661095
0.686432
0.527649
0.564373
0.815815
0.515785
0.165993
0.540115
0.422291
0.570438
0.606560
0.382723
0.013253
-0.240329
-0.188683
-0.146237
-0.100893
0.042925
-0.263422
0.038653
0.165031
0.072318
0.046408
-0.118906
-0.049980
-0.010350
-0.021984
0.065785
-0.137753
-0.067999
0.179111
0.163181
0.083256
-0.170768
0.014819
0.033668
0.207366
0.155488
0.154962
-0.027690
0.023748
0.127568
0.067707
-0.110579
0.324373
0.316736
0.179758
0.075903
0.070102
0.207600
-0.175580
-0.202577
-0.011349
-0.130306
-0.172194
0.086248
0.297054
0.095376
0.003878
0.161014
0.027378
-0.255854
0.033483
-0.035235
0.010510
0.048302
0.144298
-0.070549
-0.087478
0.151683
-0.098238
-0.209599
-0.010882
-0.030534
-0.031756
-0.124220
0.286201
-0.288000
0.100970
-0.081408
-0.080400
-0.222187
-0.284563
0.197807
0.086926
-0.019047
-0.153653
-0.055439
-0.071246
0.139224
-0.184561
-0.042737
0.030369
0.285501
0.069604
0.040879
-0.102200
-0.223808
-0.030804
0.099879
0.365585
0.161091
0.326855
-0.083584
0.131134
0.006675
-0.207802
0.127202
0.155808
-0.107412
0.045217
0.075408
-0.038890
-0.239344
-0.165628
0.195036
0.033450
0.117851
0.139597
-0.038373
-0.033059
0.103190
0.066468
-0.150267
0.240534
-0.301640
-0.110520
-0.151800
-0.089446
0.150519
0.096233
-0.161572
0.021475
0.274933
0.191420
-0.138101
-0.156101
0.274881
-0.158479
-0.000293
-0.123796
-0.113263
-0.363174
-0.015109
-0.203321
-0.091090
0.032349
-0.170446
0.025628
-0.117610
-0.061244
-0.155583
-0.162577
0.154510
0.130725
0.077957
0.289448
-0.268795
-0.072134
-0.236001
0.319431
-0.124055
0.039562
-0.097379
0.298456
-0.205019
-0.234905
-0.293646
0.216306
-0.245807
0.143194
-0.055067
-0.211493
0.218307
0.221090
0.022896
0.274794
0.253439
-0.001110
0.153977
-0.302458
0.227780
-0.292875
-0.174901
0.091023
-0.012862
0.052342
0.234029
0.008475
-0.168503
-0.149549
0.179752
-0.144980
0.037590
-0.207761
-0.285368
0.120993
-0.152534
-0.141883
0.047165
-0.107631
0.001888
-0.006767
-0.028992
-0.069940
-0.223388
0.140903
0.057275
0.030051
-0.007784
-0.227592
-0.124255
-0.219422
-0.081048
0.138554
0.311022
0.195647
0.042184
0.107338
-0.233587
0.020683
0.104789
0.383875
-0.124296
-0.005200
-0.261597
0.029178
0.265079
-0.123420
0.176294
-0.126041
-0.084052
-0.259529
-0.280388
-0.113043
0.108239
-0.066066
-0.119718
-0.270487
0.112138
-0.129212
-0.060945
-0.160270
0.089076
-0.141993
-0.021718
-0.037615
-0.236478
-0.268534
0.069145
-0.032933
0.042283
0.173933
-0.086769
-0.081439
-0.267267
-0.058232
-0.052261
-0.003899
-0.181651
-0.166101
-0.129941
0.172009
0.013789
-0.119620
0.058391
-0.025549
-0.185687
0.086247
-0.007611
0.216584
-0.190539
-0.066847
-0.233820
0.046109
0.227738
0.034597
0.009628
-0.155185
0.056196
0.078773
0.248459
-0.192789
0.106840
-0.274311
-0.126651
0.128572
0.105170
0.258221
0.124674
0.360653
-0.054883
0.142310
0.094949
-0.041671
0.022691
0.005761
-0.068353
0.127713
-0.347414
-0.074253
0.053588
-0.100244
0.296608
-0.179655
-0.203420
0.086060
-0.145059
0.096341
0.367453
0.058714
0.028113
0.179911
0.156060
0.282532
0.195734
-0.259594
0.120968
0.009059
-0.150083
-0.192642
-0.067999
-0.057388
-0.051466
-0.121761
0.191075
0.262491
0.031001
-0.166279
-0.047506
0.121299
0.049601
0.152527
0.019922
-0.093212
-0.175282
-0.183498
-0.007153
-0.172764
0.062130
-0.075701
0.175507
-0.199889
0.104207
0.332142
-0.066071
0.008676
0.072549
0.054322
0.017733
0.212602
-0.139454
-0.050267
-0.281364
-0.190921
-0.025028
-0.091424
0.071568
-0.142737
-0.257702
0.022354
0.126139
-0.062234
-0.261122
0.146060
0.282263
0.001306
-0.038016
-0.160890
0.267387
0.022982
-0.090148
0.005182
-0.177485
0.014059
-0.100387
-0.095979
0.170312
-0.177126
-0.042792
0.039890
0.037184
-0.034668
-0.011509
-0.245315
-0.224458
0.253595
-0.189736
0.137243
-0.179275
-0.008019
-0.276403
0.235863
0.219880
-0.100391
-0.056363
0.213719
0.048491
0.342197
-0.386017
-0.121833
0.219310
-0.038455
-0.116078
-0.248309
-0.024397
0.073089
-0.054157
-0.003372
-0.102325
0.193185
0.184093
-0.066274
0.159647
0.025009
0.125546
0.225322
-0.013238
-0.064193
-0.075145
-0.192513
-0.072210
-0.205682
0.042773
0.147667
0.131637
-0.014726
-0.076325
0.180702
-0.110240
-0.025207
0.058291
0.256649
-0.063661
0.232346
-0.138106
-0.089769
0.015879
-0.044686
-0.093141
-0.086447
0.148499
-0.346756
-0.153298
-0.129565
0.114828
0.119824
0.095757
0.249165
0.055631
-0.269520
-0.091502
-0.016004
-0.037493
0.097713
-0.306046
-0.051725
0.082991
0.054761
0.128976
0.120326
0.028420
-0.251575
0.231107
-0.035242
0.129480
0.240578
-0.125011
-0.002219
0.047181
-0.218153
-0.090376
0.195102
-0.128334
-0.096097
-0.224020
-0.014082
-0.124985
-0.128839
-0.055049
-0.069353
-0.108228
0.291157
0.062219
0.146123
-0.048838
0.193306
0.240840
0.034149
0.246934
-0.067896
0.006898
-0.014779
0.117662
-0.200281
-0.050023
0.246010
-0.398548
-0.176745
-0.193920
0.085765
0.042812
0.153412
-0.155133
-0.086098
0.056183
0.058557
-0.390314
0.368908
0.218719
-0.007655
0.301264
0.112201
0.134216
-0.075937
-0.032945
-0.062200
-0.171055
0.060318
-0.029759
-0.361830
-0.298286
-0.021153
0.062809
-0.181758
-0.222569
-0.135925
-0.081616
-0.182275
0.126749
-0.127960
-0.096509
0.168985
-0.264681
0.186067
-0.206670
0.081633
0.095915
-0.159274
0.013961
-0.121945
0.123780
0.025092
-0.299879
-0.179712
-0.050847
0.104311
0.196931
0.067098
-0.125505
-0.270542
-0.145447
-0.134791
0.144883
-0.231348
0.121161
0.071025
0.069859
0.187121
-0.258827
0.196609
-0.087282
0.082373
0.077168
-0.061832
-0.167561
0.160631
-0.270332
0.366062
0.000224
0.181338
-0.046015
-0.166706
0.204720
-0.057470
-0.054576
-0.134553
0.046840
-0.295357
-0.068032
-0.227376
-0.129321
-0.214612
0.074965
-0.273439
-0.156404
-0.092298
-0.349993
-0.084835
0.094249
-0.171109
0.111773
0.154543
0.058841
0.188367
-0.346132
-0.108721
0.347862
-0.177047
-0.179791
-0.088490
0.002581
-0.226382
0.034938
-0.228703
0.007989
-0.019639
-0.073121
0.053695
0.122138
0.295424
-0.024395
0.142102
-0.355766
-0.239564
-0.278913
-0.074459
-0.042305
-0.191195
0.278416
0.053652
0.075404
-0.045811
0.060616
-0.303465
-0.005024
0.153901
-0.121479
-0.093737
0.265854
-0.154270
-0.182227
-0.169274
-0.090522
0.290421
-0.250401
-0.083667
-0.017643
-0.033964
0.119315
0.103361
-0.026964
0.094918
0.097311
-0.092597
-0.145224
-0.035160
0.270655
0.104313
-0.226933
0.113070
-0.132168
-0.005086
-0.371029
-0.219129
-0.017287
0.060526
0.081217
0.008812
-0.033213
0.056939
-0.145459
0.221138
0.326508
0.200598
0.223135
-0.071470
0.118641
-0.233930
0.043852
-0.052179
0.307142
-0.132400
0.042161
-0.031547
-0.077418
-0.103063
-0.067287
-0.098608
0.001250
-0.003510
0.304596
-0.130917
0.281538
-0.067564
-0.058204
-0.025882
0.141671
-0.124564
-0.018780
-0.181673
0.224216
-0.164238
-0.106979
0.113013
-0.110086
-0.175114
-0.249168
-0.281580
0.028667
0.083683
0.103373
-0.102477
0.098860
-0.002043
0.303684
-0.126714
0.185028
-0.200737
0.066522
0.187988
0.233463
0.079851
0.057070
0.076715
0.160996
-0.002266
-0.237593
-0.135043
0.022456
0.181339
-0.026584
-0.044595
0.017098
0.012879
-0.079737
-0.092988
-0.162811
0.107672
0.062008
-0.134144
-0.244645
-0.272329
0.055221
0.143767
0.162205
-0.079383
-0.271370
0.057098
0.157589
-0.058402
-0.193756
0.242898
-0.126129
-0.134976
0.031188
0.034867
-0.137243
0.082596
-0.100176
-0.263498
-0.174353
0.021952
-0.018537
-0.157255
0.324963
-0.388407
-0.103801
-0.273851
0.011106
-0.331924
0.029138
0.204170
-0.167123
0.084357
0.057805
0.142659
0.005549
0.075435
-0.237953
0.162562
0.017031
0.006000
-0.031673
0.039613
-0.129553
0.289646
-0.363230
-0.266218
0.082111
-0.024565
-0.092584
0.054201
-0.002616
0.038166
-0.101345
-0.116497
0.087467
0.232566
-0.100791
-0.340269
0.191907
-0.071078
0.301609
0.171227
0.013278
-0.078297
0.168020
0.018251
-0.002863
0.220201
-0.256321
-0.132275
-0.212087
0.002137
0.054915
0.096648
0.001652
0.129393
0.268137
-0.355083
0.104828
0.175553
0.136253
0.102213
-0.223991
-0.112670
-0.160728
0.155319
0.119895
0.175056
-0.184953
0.311802
0.103977
-0.173478
0.045318
0.118967
0.038358
0.064628
-0.301628
0.035494
-0.005882
-0.267815
0.050798
-0.069816
-0.118102
-0.041867
-0.120745
0.321260
-0.058918
0.147394
0.255733
0.045910
0.032234
0.103561
0.001678
-0.337622
-0.157819
-0.160184
-0.182881
0.252211
0.014872
-0.221393
0.126298
-0.027020
-0.104738
0.172193
-0.198187
0.371330
0.236244
-0.210258
-0.029754
-0.205639
-0.038654
0.168621
0.162256
-0.009756
-0.019690
0.189088
0.164503
0.068969
0.046346
0.130103
0.114880
-0.068996
0.084954
-0.173577
0.030515
-0.071732
0.103951
0.284208
-0.109657
0.120531
0.064524
0.017773
-0.196624
-0.188365
0.189965
-0.106388
0.184675
-0.011502
0.121063
-0.135211
-0.070697
0.228852
-0.114745
-0.198576
0.073228
0.013141
-0.158199
-0.200557
0.082112
0.177702
0.075988
0.198698
-0.038294
0.014498
-0.123032
0.139798
0.380476
0.129071
-0.011996
0.123240
0.101448
-0.095622
0.141012
0.193824
-0.136412
0.039134
-0.350273
0.048262
-0.118236
0.208499
0.060051
-0.041933
0.000773
0.384727
0.050201
0.072867
-0.039843
-0.108576
-0.127690
0.043976
0.070835
0.237855
0.242676
-0.257591
-0.037780
0.118511
-0.267082
-0.095016
0.099429
0.158632
0.029933
-0.089259
0.061875
-0.120897
-0.333143
0.217306
0.210079
-0.246285
-0.026273
0.239421
0.252922
0.035486
0.196353
-0.184015
-0.018631
0.245977
-0.111726
-0.058474
0.139111
-0.092972
-0.015631
0.062369
-0.292830
0.227044
-0.048778
0.107678
0.056554
0.121849
0.012665
0.155982
0.134036
0.040886
-0.370413
0.195910
0.069277
-0.265846
0.121372
0.279354
-0.221422
-0.193325
0.081063
0.030922
-0.157840
-0.013294
-0.005518
-0.176471
-0.203317
-0.118375
0.054056
0.225926
0.225785
0.187711
-0.002973
0.223090
-0.022955
0.238379
0.040059
-0.115113
0.069518
0.053297
0.190153
-0.234155
-0.195950
-0.180258
-0.327803
0.163462
-0.157682
-0.058854
0.005103
0.058603
0.185530
0.085588
0.089527
-0.119886
0.072871
-0.064145
-0.149913
0.159687
0.255190
-0.094149
0.094347
0.043263
0.093562
-0.346336
-0.023779
-0.077549
0.039622
0.016278
-0.043375
0.109138
0.069578
-0.002509
0.166823
0.164895
0.107365
-0.013978
-0.109357
0.387392
-0.072834
-0.250698
0.009420
-0.033748
-0.018666
-0.048631
-0.007193
-0.093372
0.035377
0.281738
-0.081263
-0.000145
0.187589
0.013083
0.043694
0.280573
-0.333254
-0.127663
-0.087111
-0.293634
0.036194
0.158515
0.106770
-0.041808
0.008427
-0.017674
0.123087
-0.174917
-0.031655
0.012596
0.213053
0.183934
0.199610
0.074895
-0.139949
0.035075
0.172131
-0.145432
-0.058299
-0.082627
-0.301401
0.298727
-0.081062
-0.114392
-0.125902
-0.185522
0.166181
-0.020870
-0.165607
0.077937
-0.315081
-0.131125
-0.199548
0.228263
-0.172932
-0.044122
-0.227119
-0.049847
0.072804
0.178358
-0.035539
-0.004277
-0.073709
0.014781
0.216485
-0.214793
0.049855
0.098479
0.077487
-0.298576
0.017561
0.212084
-0.147429
-0.211654
0.245269
-0.126328
-0.250734
-0.027395
-0.147200
0.021369
-0.237883
-0.023996
-0.109757
-0.147298
-0.233442
0.009153
0.246290
-0.021721
0.395884
-0.118616
0.156637
-0.077943
0.022974
-0.208340
-0.061455
0.091878
0.016287
-0.012734
-0.245642
0.093774
-0.021176
0.062052
0.017433
-0.021604
-0.149605
0.113988
-0.146223
0.037373
-0.201830
0.143152
0.057033
-0.149580
-0.171553
-0.200301
0.140255
-0.113153
-0.192858
-0.051164
0.012701
0.204736
-0.168648
0.169337
0.126788
0.144459
-0.037293
0.064200
-0.052086
0.126569
0.052600
-0.297729
0.071055
-0.258709
-0.235679
0.236064
-0.131027
0.050718
-0.086525
0.160460
0.088091
0.001777
-0.134674
-0.002455
-0.148380
-0.014384
-0.056890
-0.008123
0.020041
0.189672
0.230844
0.032165
0.104271
-0.229071
-0.237341
-0.207228
0.354809
0.162498
-0.141317
-0.136122
0.140358
-0.088718
0.003859
-0.077011
-0.200428
0.056603
-0.279236
-0.041322
0.107322
0.070816
-0.172704
-0.094720
0.072592
0.132041
-0.098886
-0.076921
-0.031055
-0.155776
-0.085046
-0.301151
0.033894
-0.001780
0.020016
-0.009412
-0.230851
0.219809
-0.067353
-0.024197
0.093883
0.079753
-0.012740
-0.055893
0.138613
-0.010591
-0.133482
0.374762
-0.244122
0.025569
-0.103136
0.010779
0.096385
0.161867
0.206189
0.170688
0.145197
-0.182831
-0.196944
0.261719
-0.046765
0.008718
-0.039432
-0.303003
0.006937
-0.019992
-0.311283
-0.224489
-0.088608
-0.089633
-0.099400
0.004142
-0.300013
0.176858
-0.051753
-0.161980
-0.122157
0.253052
-0.224930
0.071433
-0.159091
0.108510
0.083918
-0.062705
-0.165623
-0.148181
0.107404
-0.020427
0.107275
0.201168
0.095424
0.207510
-0.227822
0.054282
0.341085
0.216248
0.036001
0.029800
0.281891
0.093834
-0.060411
-0.255220
0.097977
0.077284
0.070927
0.046224
0.204303
-0.199384
-0.139011
0.128084
0.309757
0.139608
0.089015
-0.044612
0.078036
-0.078317
-0.044638
0.184306
-0.097034
0.062636
-0.052236
-0.003320
-0.019987
-0.132483
-0.239172
0.172941
-0.063811
0.234538
0.203319
-0.070345
-0.109336
-0.147225
-0.035431
-0.158937
-0.069945
0.033785
0.035440
-0.155776
-0.018022
-0.103572
0.262438
-0.145399
0.036035
-0.086255
0.100121
-0.033506
0.273138
0.203060
0.298378
0.028526
0.265120
-0.189859
-0.264929
-0.193713
0.115368
-0.212257
-0.019063
0.052690
-0.126431
0.183678
-0.017655
0.203652
0.035317
0.092780
0.191157
-0.034626
0.128276
0.078444
0.248440
-0.037326
-0.023418
0.073168
-0.182724
0.012617
0.134492
0.064972
-0.022022
-0.028372
0.120456
-0.161356
-0.291689
-0.051562
0.085361
-0.117200
0.191860
-0.088269
-0.041037
0.172796
-0.036713
-0.019891
0.065209
-0.054368
0.035608
-0.188475
0.328547
-0.061658
0.067032
0.019110
0.016785
0.025338
-0.017639
-0.008344
-0.338070
-0.053364
0.004272
-0.204715
0.011608
-0.018330
0.056472
0.132640
0.258602
-0.233509
-0.209632
0.053251
-0.061709
0.129805
0.255116
-0.102746
0.156734
0.070823
0.314499
-0.068768
0.015322
-0.085895
0.032892
-0.092708
-0.001108
0.101632
-0.074733
-0.132480
0.126393
0.054628
0.008464
-0.251507
-0.008703
-0.143644
-0.246842
-0.368940
0.523567
-0.297470
0.027611
-0.149549
0.204531
0.103334
0.152649
0.547153
0.232610
0.119022
-0.099432
0.170648
-0.121173
-0.093509
0.297670
-0.233373
0.362867
0.194922
0.176924
-0.015646
-0.197509
-0.411667
0.122609
-0.335979
0.203256
0.223825
0.029924
0.096570
-0.020215
-0.319332
0.345041
-0.016078
-0.097764
-0.144370
-0.065235
-0.412273
-0.043058
-0.530392
-0.482527
0.089158
0.108060
0.037863
0.259411
-0.013115
0.042727
0.042471
0.370531
0.307608
0.237392
-0.069568
-0.225451
-0.479155
0.136177
-0.102841
-0.198115
-0.177587
0.120981
0.349218
0.019374
0.100766
0.129883
-0.253391
0.185080
0.032118
0.219646
0.122258
0.139275
0.075804
-0.508530
-0.242861
0.265745
0.216943
0.310003
0.008139
0.205845
-0.262274
-0.051803
-0.041039
0.045334
0.285591
-0.010214
-0.182137
0.325865
0.025569
0.232040
0.025334
-0.049215
0.350609
-0.142862
-0.029841
-0.065646
-0.110961
-0.280823
0.121843
-0.078842
0.453434
0.244099
0.158805
-0.085764
0.252199
-0.182039
0.179980
0.471552
-0.389059
-0.431704
0.059982
-0.033921
0.136313
0.119338
0.009392
-0.095117
0.009120
0.343884
-0.389078
0.135079
0.058903
0.256079
-0.016549
-0.105096
0.213611
0.472649
0.446671
0.102650
-0.327215
0.568512
0.126610
-0.491196
0.194803
0.185020
0.040452
0.449411
0.000963
-0.299000
0.303551
0.231729
-0.110881
-0.254274
0.095393
0.025434
-0.237352
-0.410215
-0.070078
-0.128233
-0.166724
0.160667
-0.091136
-0.005018
-0.200666
-0.007686
-0.112528
0.112943
-0.154471
-0.283272
0.117608
0.135727
-0.332174
0.141414
0.163569
-0.237763
-0.290979
0.204021
-0.407784
0.329416
0.007824
0.412783
0.042099
0.413961
-0.360527
-0.480314
-0.178409
0.021549
-0.373508
0.366901
0.510731
0.079589
-0.089844
-0.197824
-0.442451
-0.192136
0.311905
-0.037960
-0.177176
-0.359587
0.193374
-0.061980
-0.221843
0.378220
-0.437588
0.042117
-0.474548
-0.111156
0.246138
-0.264921
0.316629
-0.365862
0.248649
0.257942
-0.052294
-0.212666
0.297060
0.384687
-0.090724
0.023945
0.136590
-0.195001
0.003138
0.046749
0.224588
-0.338921
-0.243764
-0.081313
0.137726
0.094059
-0.338097
-0.283901
0.132471
0.057472
0.094316
-0.405508
-0.000803
0.237177
-0.416666
-0.374491
-0.027351
-0.198019
-0.120529
0.120903
0.059922
-0.172823
0.008630
-0.160038
-0.303135
-0.079686
-0.234077
0.350473
-0.274687
-0.130549
0.394806
0.049905
0.047550
0.151042
-0.031016
0.185276
-0.271921
-0.369118
-0.199019
-0.240234
0.202965
-0.102292
-0.028332
0.202158
-0.482529
0.072414
0.344687
0.107530
-0.125999
-0.292862
-0.388981
-0.168489
0.051335
-0.378334
0.290905
0.265215
-0.458019
-0.045588
0.096649
-0.115685
-0.076135
-0.125959
0.449217
-0.128979
-0.072901
0.418198
-0.041686
0.270178
-0.568333
-0.140313
0.032354
-0.365372
0.374807
0.002001
0.351395
-0.006940
0.074020
0.181471
0.000197
-0.152372
-0.113801
0.229019
-0.218057
-0.062470
0.367706
-0.029568
-0.414665
0.524689
0.024843
0.199002
-0.208412
0.465725
-0.441961
-0.276217
-0.179881
0.100531
0.244786
-0.121175
-0.246706
-0.325569
0.353907
0.302670
-0.171902
0.113708
-0.210332
0.279882
0.006373
0.380707
-0.158077
0.004549
0.329121
0.347946
0.233569
0.111060
-0.331940
-0.016527
0.181491
-0.227175
-0.008861
0.206334
-0.030588
0.398119
0.153021
-0.472549
0.124316
-0.026863
0.145002
0.367081
-0.148039
0.000707
0.041510
-0.409136
0.301353
-0.130392
0.319962
0.091022
0.149883
-0.291079
-0.145293
0.091804
-0.286528
0.083432
0.339354
-0.050549
0.294491
-0.090960
-0.069097
-0.143450
-0.217744
-0.075547
0.062883
-0.147939
-0.294842
-0.401508
-0.002683
-0.172548
0.191452
0.141921
-0.422882
0.041393
0.140609
-0.379351
0.149276
-0.173039
0.007275
-0.047784
-0.182803
0.257158
0.176137
0.188922
0.250980
-0.007588
-0.245058
-0.027078
-0.160549
0.147808
-0.017647
0.387373
-0.096039
-0.237803
-0.205195
-0.033154
0.133688
0.016983
0.183139
0.130610
0.361450
-0.242824
0.270514
-0.059412
0.415983
0.313137
0.078256
0.048629
0.140099
0.185925
0.000843
-0.042703
-0.173939
0.179393
0.146216
-0.023351
0.169785
0.001550
-0.052843
0.109629
0.051374
-0.068078
-0.120411
-0.044664
0.211139
0.293825
-0.077429
-0.174606
-0.306606
0.105706
-0.043998
0.054844
-0.036723
0.228923
0.095824
0.276846
-0.075351
0.174081
-0.291943
0.064749
-0.157018
0.328730
0.019627
-0.431351
-0.111312
0.266239
0.162314
0.058471
0.169806
0.109472
-0.449310
0.219160
0.139768
0.047296
0.174493
-0.264490
-0.276295
0.097060
0.178316
0.032491
0.202765
0.134708
0.089746
0.063629
-0.253784
-0.333860
0.342884
0.286255
-0.157372
-0.466080
0.351002
0.202629
-0.237745
-0.246785
0.287903
-0.248666
-0.078529
-0.169215
-0.190196
0.089256
0.040649
-0.022096
-0.208605
0.082431
0.128000
-0.034116
-0.184078
-0.049921
0.063335
0.094631
-0.115411
0.165708
0.128942
0.074337
0.231748
-0.126862
-0.359921
0.057610
0.059000
-0.002293
-0.508862
0.409613
0.199943
-0.128804
0.263609
-0.031195
0.239942
-0.332335
0.417002
0.050138
-0.142681
-0.056958
0.027650
-0.452078
0.023452
0.153628
0.129197
0.456394
0.005335
0.091745
-0.066390
-0.110077
0.259865
-0.454470
-0.136136
-0.027822
-0.064312
0.119335
-0.070605
0.097099
0.219452
-0.064860
-0.010312
-0.097625
-0.093272
0.253298
-0.226804
0.048294
0.435961
-0.326822
0.198824
-0.324528
0.131216
0.124059
-0.161215
0.054275
-0.337704
-0.129999
-0.106744
0.285040
-0.038254
0.446297
0.074569
-0.295805
0.508846
0.038433
0.193396
-0.072488
0.057374
0.120765
-0.075783
-0.240196
-0.458706
-0.085705
0.179591
-0.035352
-0.349821
-0.047215
0.113334
0.088552
0.241355
0.209745
-0.237999
0.274588
-0.181196
0.120218
-0.188549
0.098510
-0.010175
-0.292883
0.283157
-0.048431
-0.463999
-0.259686
-0.341824
0.143217
-0.221254
-0.150451
-0.030056
-0.065902
0.072727
-0.105450
-0.303682
0.131042
-0.091156
0.392530
0.095688
0.076041
0.343296
0.111040
0.062178
-0.033156
-0.297018
-0.073410
-0.275587
0.139197
-0.053588
0.055295
0.137315
-0.164156
-0.237979
0.320080
-0.112588
-0.084567
0.160787
0.163001
-0.042136
0.454138
0.114964
0.442806
-0.226763
0.187690
0.437746
-0.013430
0.218333
-0.270824
0.377079
-0.203392
0.324646
0.102570
-0.094371
-0.130587
0.069412
0.228434
0.313023
-0.203764
-0.251802
0.159039
0.368158
-0.112077
0.094883
-0.386843
-0.411432
0.085102
0.146001
0.268396
0.145688
-0.515568
0.105120
0.260649
-0.589783
-0.121645
0.345922
-0.250412
-0.237491
0.046845
0.096177
0.139198
-0.055763
-0.196979
-0.275255
-0.250530
0.290236
-0.203429
0.077902
-0.014154
-0.407196
-0.171489
-0.371742
-0.039037
0.231041
0.240158
-0.425880
0.336628
0.323236
0.236747
0.088003
-0.146470
0.338587
0.193513
-0.402842
0.265434
0.071863
0.562511
0.115414
0.453802
0.090314
-0.303020
0.075982
-0.065843
0.015001
-0.297255
-0.213569
-0.312176
0.116728
-0.236058
0.293491
0.226551
-0.309568
0.438375
0.187119
-0.178922
0.159492
-0.238764
0.260511
-0.132666
-0.004038
-0.168900
-0.178745
-0.283255
-0.075784
-0.064568
-0.536861
-0.003921
-0.121490
0.198378
0.449886
-0.028763
-0.207059
0.423454
-0.094606
-0.092058
0.226591
0.208452
0.115199
0.240903
0.075198
-0.108723
-0.049567
-0.334764
-0.289782
0.235922
0.106138
0.487118
-0.003234
-0.150764
0.354452
-0.007273
0.195333
0.175709
0.324865
0.222355
-0.504253
0.307434
0.218432
-0.108725
-0.011215
0.048883
-0.037488
0.298353
-0.044684
-0.230077
0.105904
0.083922
-0.021627
-0.295921
-0.292589
0.051157
0.110354
-0.241763
-0.281197
-0.179430
-0.106235
-0.077078
-0.307705
-0.107057
0.289177
0.147140
-0.116744
-0.032509
0.224471
0.110137
-0.429588
-0.279785
-0.200233
-0.211549
-0.290136
-0.311844
-0.263060
0.191806
0.084884
0.211295
-0.040686
0.090395
-0.324215
-0.062313
-0.105136
0.000217
-0.008744
0.005219
0.275471
-0.191959
0.445217
0.272039
0.247981
-0.479902
0.062178
0.020138
-0.433155
-0.154961
0.086003
-0.208686
-0.044823
-0.441566
-0.488470
-0.144667
-0.035705
-0.159175
0.060119
-0.298763
-0.069784
0.145002
-0.087471
-0.110471
-0.281628
-0.311295
-0.173176
0.130256
0.304314
-0.083547
0.135472
0.065177
0.241511
-0.036724
-0.282608
-0.127919
0.100785
0.396980
-0.208176
0.287062
0.242021
0.397259
0.078375
-0.317410
-0.561722
0.209333
0.154943
0.017961
0.048141
0.217472
0.236217
-0.021644
-0.256960
0.249139
0.484907
-0.021568
-0.064569
-0.205294
0.008295
0.242158
0.230589
0.246176
0.407333
0.371315
-0.407961
0.024334
-0.371607
0.312258
-0.196097
0.035217
-0.018098
-0.471098
-0.084548
0.060277
-0.171097
-0.030882
-0.247411
-0.114136
-0.010900
-0.299665
0.000922
-0.291704
-0.321705
-0.256430
-0.040548
-0.353823
0.341824
-0.105117
-0.041705
0.349728
0.237435
0.088492
0.078884
0.025336
-0.159628
0.290745
-0.467352
0.085785
-0.014412
-0.048058
0.223805
-0.032508
0.000276
-0.480175
0.027372
0.444178
0.108374
0.399784
-0.287373
-0.002921
-0.519703
-0.186451
0.322786
-0.221586
0.176946
0.282238
-0.060411
-0.098646
-0.339510
-0.001724
0.251080
0.514942
-0.013626
-0.285038
-0.074723
-0.070843
-0.095078
-0.027470
0.012923
-0.009097
-0.073118
0.236727
-0.041998
-0.073233
0.275982
-0.014627
-0.146077
-0.132666
0.383139
0.184355
-0.035194
0.483257
-0.102489
0.287199
-0.255354
0.072431
0.052806
-0.215371
0.490410
0.229923
-0.315075
0.224865
0.127453
0.185903
-0.060568
0.050706
0.215451
-0.057274
0.025648
0.230785
-0.066371
-0.047862
-0.151920
-0.110392
0.496313
0.224453
-0.125020
-0.269192
-0.011019
-0.256882
-0.185235
-0.046213
0.226373
0.331707
0.241373
0.069001
0.404139
-0.323627
-0.246762
0.377924
-0.093706
-0.047235
0.085375
0.134139
0.141079
0.024805
-0.329763
-0.260881
-0.032469
-0.204116
-0.032114
0.416161
0.265039
-0.282021
-0.312040
0.242315
0.459454
-0.336664
0.490139
-0.066176
0.021844
-0.209706
-0.114801
-0.369587
0.222394
-0.390450
-0.300589
0.107099
-0.197057
-0.029940
-0.132390
-0.190372
-0.177567
-0.147411
-0.053823
-0.036489
0.494802
-0.386000
0.322449
-0.157096
-0.073098
0.189941
0.258669
-0.327097
0.008314
-0.053370
0.015609
-0.049254
0.229785
-0.111666
-0.115430
-0.366177
-0.321373
-0.230234
-0.117959
0.417648
-0.101647
0.098471
-0.090253
-0.198311
-0.031862
-0.222645
0.230749
-0.107019
0.249373
-0.442509
0.473906
0.124746
-0.211098
0.176530
-0.130725
0.333214
-0.148137
0.127943
0.006118
-0.142234
0.076982
0.021726
0.425920
-0.210254
-0.089940
-0.306921
-0.061429
0.107726
0.080256
0.438021
0.006335
-0.021392
0.021883
-0.083921
-0.221725
-0.012390
0.210845
-0.091372
0.498001
-0.056803
0.083138
0.354885
0.067552
-0.127960
0.014393
0.037219
0.102451
-0.134137
0.167570
0.208961
0.343452
0.244552
0.127884
0.151961
0.032275
0.040356
-0.154569
0.070846
0.045668
-0.074313
-0.106136
0.152393
-0.095706
0.432371
-0.029510
-0.317822
-0.097038
0.281334
0.208609
-0.216057
0.222509
0.291746
-0.378197
0.189668
-0.353235
-0.364197
0.126884
0.366629
0.121491
-0.322958
-0.039411
-0.154489
0.019964
0.088473
-0.102920
-0.465176
0.026020
-0.257488
0.122687
0.172080
0.184825
-0.083843
0.226101
-0.013294
0.448923
0.196591
-0.228312
-0.265137
-0.041116
-0.020095
0.136217
0.080608
0.269627
-0.141980
0.270275
0.433414
0.010845
-0.120253
0.185040
0.132336
0.172176
0.145238
-0.122549
-0.325274
0.131294
-0.225078
-0.273430
-0.357294
0.134846
-0.248725
0.331413
0.320061
-0.232176
-0.059900
0.306372
0.218767
0.136688
0.078060
0.470650
0.095177
0.055942
0.089451
-0.441624
0.327593
-0.052526
0.446451
0.243981
-0.041685
-0.291214
-0.188784
-0.009353
-0.016625
-0.143940
-0.131901
0.175120
0.090157
0.260431
-0.095901
0.249493
-0.221743
-0.344625
-0.036509
-0.002470
-0.059783
-0.093999
-0.213118
-0.360058
0.141063
-0.032254
0.009805
0.138256
0.023296
0.197629
0.312021
0.350885
0.044706
0.241059
-0.020135
0.520432
0.052648
0.308102
0.511078
-0.066391
-0.352470
-0.137843
0.108727
-0.363098
0.122982
0.010805
0.501785
-0.098763
-0.333824
-0.051743
-0.101234
0.223805
0.369255
0.303061
-0.136251
0.412334
-0.347000
0.493374
0.033178
0.193706
0.073590
-0.171824
-0.072824
0.118688
0.071648
-0.195372
0.122100
0.021493
0.215139
0.015765
-0.044902
-0.237724
0.394943
0.063433
0.014569
0.000902
-0.440372
-0.101058
0.418766
-0.259588
-0.152802
-0.199490
-0.035783
0.218863
0.105589
-0.169627
0.113785
0.273588
-0.294056
0.144945
-0.049724
0.294531
-0.026881
-0.120136
-0.104196
-0.058039
-0.215116
-0.082490
0.063844
-0.102392
-0.067118
0.018943
-0.240117
0.430632
0.084785
-0.225548
0.328728
0.159019
0.290413
0.132493
-0.000175
0.138000
-0.169411
-0.133941
0.356470
-0.063823
0.213451
-0.149175
0.212177
0.019785
-0.004235
0.062061
-0.303490
-0.031117
0.456921
0.212141
0.013649
-0.373587
0.029255
-0.022901
0.141432
0.064941
-0.001941
-0.098292
-0.124254
0.080824
-0.324234
0.204473
0.340237
-0.033428
-0.180058
-0.277351
-0.412449
0.270355
0.206118
-0.156371
0.204119
-0.097842
-0.205155
-0.100723
0.438961
0.408024
-0.038666
0.135862
-0.242920
-0.098764
-0.269411
-0.229274
0.044668
-0.142175
-0.252174
0.286493
0.439785
0.363297
0.087804
-0.301882
-0.173293
0.380981
-0.094999
0.266945
-0.169468
-0.176685
-0.110803
-0.065292
0.093275
0.097337
0.393726
0.299805
-0.000509
0.087785
0.197061
-0.178568
-0.123627
0.158393
-0.043097
0.253279
-0.038745
0.304903
0.023610
0.106315
0.162727
-0.228568
-0.224607
-0.014900
0.132708
-0.036802
0.300631
0.059805
-0.172449
0.303610
0.224335
-0.442705
0.028942
-0.401470
0.009415
0.122218
-0.306158
-0.214272
-0.097020
-0.306667
0.493334
-0.414959
0.031785
-0.147706
0.260452
0.089082
0.105570
-0.295315
0.391569
0.129570
-0.086584
-0.060704
-0.098999
-0.313213
-0.075607
0.036119
0.169416
0.222611
-0.006882
-0.003430
0.011610
-0.297159
0.068866
-0.576862
-0.181606
0.078276
0.162374
0.129647
-0.233980
-0.449253
-0.179038
0.359356
-0.347195
-0.044842
-0.407784
-0.087137
0.042218
0.317610
-0.380039
-0.181213
-0.170627
