0.690600
0.786384
0.575489
0.732334
0.738173
0.403224
0.629251
0.894023
0.331251
0.570796
0.611631
0.496592
0.325353
0.719180
0.754534
0.387847
0.291761
0.898902
0.436004
0.633266
0.371891
0.496196
0.683705
0.351282
0.480588
0.578074
0.649627
0.248482
0.582961
0.391859
0.533117
0.569812
0.289941
0.219133
0.414972
0.324364
0.210486
0.456541
0.803768
0.427290
0.615020
0.413781
0.624158
0.640199
0.243486
0.790561
0.325470
0.535694
0.685540
0.649329
0.755514
0.354129
0.257224
0.435298
0.408713
0.323639
0.601055
0.354592
0.572122
0.480714
0.331831
0.101318
0.464697
0.507325
0.324372
0.765670
0.531964
0.420412
0.218290
0.631984
0.848874
0.245180
0.156737
0.583556
0.770933
0.289251
0.670368
0.509404
0.410325
0.353608
0.859733
0.278667
0.407565
0.113035
0.599963
0.701831
0.438976
0.612889
0.166949
0.421795
0.206431
0.385506
0.525863
0.256957
0.892831
0.435616
0.134326
0.422047
0.857200
0.352616
0.467478
0.702152
0.485651
0.325215
0.696854
0.368282
0.614467
0.364474
0.463067
0.727368
0.417910
0.619051
0.303459
0.711027
0.734388
0.488803
0.526858
0.584509
0.804271
0.579360
0.591686
0.308125
0.077694
0.704102
0.450635
0.382843
0.435968
0.584961
0.392572
0.289247
0.824302
0.559878
0.691674
0.420478
0.181345
0.385780
0.791062
0.383941
0.450082
0.551553
0.408733
0.568267
0.283431
0.712192
0.392121
0.604819
0.197521
0.804979
0.299855
0.299215
0.496039
0.778267
0.307168
0.459733
0.481196
0.643803
0.544705
0.616992
0.340462
0.233529
0.609987
0.278039
0.205725
0.412189
0.398345
0.387070
0.500098
0.487278
0.657737
0.360878
0.626514
0.477169
0.516828
0.610219
0.889635
0.206820
0.625737
0.385710
0.308051
0.223016
0.384753
0.503918
0.586663
0.579777
0.377823
0.478557
0.335279
0.507909
0.508996
0.678490
0.743059
0.529682
0.541910
0.834337
0.642870
0.236506
0.217486
0.439219
0.611639
0.577800
0.689126
0.349125
0.165494
0.316926
0.371215
0.353682
0.409298
0.882505
0.440392
0.418349
0.216047
0.825146
0.218517
0.688263
0.517067
0.296616
0.580266
0.265345
0.691251
0.790263
0.829388
0.730560
0.316024
0.481823
0.675424
0.255145
0.604328
0.595486
0.697839
0.327667
0.470710
0.497489
0.676791
0.636204
0.699968
0.633388
0.576886
0.106518
0.627592
0.427976
0.524866
0.729192
0.251949
0.629384
0.832074
0.769016
0.929475
0.408420
0.619740
0.616803
0.309208
0.560102
0.760812
0.626404
0.338176
0.432313
0.581376
0.356678
0.438498
0.575466
0.684793
0.494588
0.772784
0.474411
0.545411
0.470451
0.405670
0.532996
0.576968
0.146090
0.548655
0.398533
0.761282
0.500431
0.440917
0.703882
0.381145
0.366470
0.224000
0.299887
0.683102
0.418760
0.861160
0.439991
0.341415
0.197718
0.285753
0.811818
0.554843
0.310803
0.497811
0.350161
0.808142
0.570322
0.711297
0.349631
0.451470
0.229796
0.582455
0.327439
0.261886
0.541807
0.425800
0.433867
0.629240
0.452098
0.726604
0.308938
0.705295
0.836157
0.308651
0.386776
0.553471
0.580510
0.239086
0.595886
0.365227
0.410392
0.518231
0.330769
0.423326
0.014424
0.569958
0.528891
0.584745
0.277333
0.578349
0.736490
0.393129
0.572675
0.649310
0.655016
0.113310
0.373662
0.676564
0.742549
0.826933
0.399247
0.462184
0.530607
0.231483
0.658008
0.917384
0.485953
0.236898
0.152549
0.380392
0.602125
0.566415
0.598451
0.636197
0.875741
0.612874
0.316678
0.515157
0.194870
0.480012
0.205651
0.933662
0.575270
0.663877
0.580223
0.226365
0.662741
0.653713
0.602757
0.705015
0.479027
0.299427
0.163725
0.709463
0.533212
0.824035
0.624545
0.429862
0.761933
0.187792
0.395635
0.475031
0.640208
0.407086
0.521926
0.627647
0.906687
0.424431
0.842629
0.214384
0.792298
0.933835
0.444745
0.478094
0.596540
0.610349
0.704458
0.671152
0.678682
0.606940
0.372694
0.568407
0.606196
0.538722
0.275568
0.435658
0.474455
0.310812
0.454376
0.232466
0.384157
0.850012
0.707498
0.727668
0.254349
0.229424
0.465839
0.159416
0.539407
0.307298
0.259353
0.443404
0.238384
0.403925
0.921497
0.245623
0.312145
0.625510
0.504906
0.690654
0.228529
0.877600
0.255141
0.720279
0.413572
0.416263
0.268765
0.587855
0.727074
0.422968
0.820321
0.700533
0.570404
0.526647
0.538726
0.526882
0.641623
0.301263
0.686297
0.292729
0.608562
0.645478
0.738436
0.734800
0.346102
0.656012
0.681870
0.358074
0.277600
0.483027
0.347282
0.506129
0.360180
0.603596
0.339235
0.473580
0.607988
0.609173
0.359988
0.332314
0.617521
0.176388
0.443545
0.298451
0.402863
0.393415
0.710886
0.156184
0.396808
0.393263
0.451215
0.890921
0.334992
0.775031
0.737418
0.567821
0.427122
0.417671
0.813749
0.708196
0.786250
0.272729
0.324851
0.256957
0.762325
0.665258
0.732840
0.480839
0.859812
0.203353
0.226153
0.587858
0.380188
0.670144
0.186035
0.672079
0.651243
0.193172
0.414090
0.344302
0.589910
0.750860
0.821776
0.925348
0.636863
0.557576
0.491549
0.362537
0.271945
0.417443
0.181706
0.758023
0.690172
0.507730
0.604281
0.563023
0.761118
0.747819
0.342416
0.731455
0.838346
0.455740
0.732759
0.803914
0.711266
0.804349
0.472070
0.474207
0.109667
0.299160
0.403890
0.585129
0.750293
0.638666
0.623306
0.685710
0.306768
0.816301
0.159945
0.278541
0.529997
0.341651
0.334435
0.330694
0.435207
0.349415
0.779718
0.607023
0.682615
0.232659
0.336859
0.631487
0.273780
0.656173
0.434953
0.399220
0.871666
0.492851
0.873427
0.866885
0.793185
0.575871
0.564844
0.541858
0.326235
0.775149
0.639439
0.218831
0.887701
0.799830
0.498545
0.528223
0.137561
0.532807
0.558745
0.573941
0.770079
0.334541
0.179345
0.563667
0.455502
0.403377
0.194705
0.730454
0.470246
0.515658
0.540819
0.337992
0.419208
0.412627
0.316576
0.325219
0.688772
0.581695
0.754251
0.600388
0.653093
0.504215
0.231090
0.651321
0.414572
0.730082
0.290071
0.438133
0.559141
0.734367
0.308326
0.440192
0.482357
0.374844
0.416858
0.638859
0.778219
0.497117
0.780011
0.358992
0.712604
0.319211
0.282812
0.543682
0.432114
0.601690
0.454730
0.116965
0.480808
0.619678
0.718525
0.836031
0.234420
0.360760
0.484604
0.534991
0.676223
0.476804
0.859851
0.531615
0.623490
0.281004
0.673936
0.805674
0.655848
0.676177
0.440611
0.546894
0.285439
0.333451
0.491714
0.294294
0.653109
0.663552
0.538251
0.670604
0.375768
0.292706
0.788741
0.742576
0.612213
0.503345
0.575859
0.435486
0.864105
0.473910
0.381176
0.536407
0.361412
0.239408
0.479168
0.570283
0.221859
0.449357
0.375509
0.463086
0.536678
0.816121
0.307850
0.707671
0.447443
0.387247
0.588518
0.685933
0.161325
0.539768
0.468235
0.423820
0.532301
0.553227
0.276922
0.441937
0.467270
0.741082
0.288568
0.327902
0.325518
0.257428
0.864309
0.573654
0.198282
0.341859
0.729764
0.305694
0.491490
0.215800
0.179479
0.615851
0.031922
0.189459
0.620944
0.479365
0.577878
0.322289
0.278125
0.739203
0.748058
0.631913
0.574168
0.692231
0.297968
0.737816
0.719996
0.350620
0.589423
0.710694
0.566377
0.212364
0.264373
0.427212
0.371847
0.462655
0.769070
0.514611
0.768349
0.559114
0.617137
0.649274
0.586835
0.649059
0.249431
0.793160
0.830552
0.713310
0.526596
0.694059
0.564212
0.385180
0.437670
0.134459
0.662792
0.435466
0.875023
0.795788
0.675561
0.461698
0.502561
0.352462
0.562364
0.468380
0.780847
0.344909
0.816587
0.548745
0.444902
0.697082
0.219557
0.764168
0.342435
0.506666
0.409753
0.479722
0.410353
0.350831
0.604902
0.824803
0.457208
0.167941
0.320510
0.597007
0.302400
0.872776
0.329173
0.174675
0.664643
0.415431
0.524674
0.465075
0.654619
0.497737
0.633282
0.548741
0.428027
0.560395
0.208012
0.760783
0.253557
0.427569
0.636651
0.595992
0.819788
0.342655
0.373584
0.641286
0.697408
0.091314
0.462169
0.150694
0.259254
0.371980
0.633255
0.562101
0.655456
0.260980
0.624631
0.316176
0.262965
0.560004
0.481078
0.620160
0.757569
0.410612
0.465153
0.296122
0.268878
0.673163
0.468776
0.522435
0.687285
0.691255
0.416298
0.803772
0.332463
0.792184
0.442309
0.440568
0.883498
0.606608
0.476816
0.439451
0.389286
0.108898
0.586933
0.155267
0.371051
0.623435
0.358616
0.520016
0.294412
0.539521
0.250702
0.752979
0.248004
0.415682
0.348102
0.216710
0.674228
0.402258
0.739145
0.657765
0.392067
0.740822
0.573235
0.726149
0.643534
0.128372
0.752097
0.523556
0.735427
0.226612
0.548388
0.422137
0.335509
0.549494
0.577850
0.592113
0.283455
0.521846
0.814258
0.279996
0.358792
0.650341
0.329674
0.306623
0.364577
0.564502
0.523334
0.450675
0.668890
0.259004
0.407440
0.358828
0.297251
0.680501
0.195502
0.643360
0.694874
0.243851
0.464341
0.727725
0.470462
0.425730
0.849689
0.394827
0.860777
0.423619
0.283639
0.254756
0.646466
0.798898
0.421925
0.116231
0.862686
0.753901
0.308408
0.224514
0.314482
0.832189
0.675634
0.395243
0.087271
0.668454
0.339450
0.386823
0.648682
0.420506
0.327608
0.454082
0.664804
0.377329
0.180188
0.724121
0.688612
0.441024
0.530093
0.661086
0.453497
0.513561
0.329290
0.096490
0.310839
0.636767
0.100577
0.170776
0.387921
0.408984
0.395737
0.404533
0.239553
0.367624
0.685329
0.326823
0.738208
0.138055
0.300647
0.497416
0.558561
0.628255
0.249368
0.222918
0.893886
0.429556
0.647313
0.693024
0.459435
0.173486
0.767556
0.498761
0.572599
0.094098
0.595250
0.469992
0.430694
0.695827
0.526769
0.820917
0.517812
0.333204
0.337149
0.457639
0.288509
0.433177
0.670014
0.437416
0.157784
0.269216
0.521384
0.719093
0.597744
0.656304
0.527391
0.487710
0.673992
0.585404
0.594906
0.833255
0.644444
0.472988
0.442541
0.214294
0.567086
0.334043
0.687035
0.295204
0.731999
0.624501
0.226647
0.246337
0.545388
0.449349
0.703976
0.719451
0.471827
0.671415
0.856694
0.629611
0.640905
0.374157
0.344784
0.538376
0.441608
0.284494
0.436784
0.816600
0.755450
0.142216
0.645933
0.697764
0.502378
0.386345
0.614189
0.365714
0.422517
0.597474
0.363494
0.266663
0.518228
0.176694
0.513000
0.059694
0.628793
0.214227
0.779145
0.396870
0.471024
0.631916
0.726310
0.524929
0.418392
0.371266
0.359556
0.447682
0.655761
0.382894
0.260361
0.409592
0.527859
0.320467
0.217882
0.326486
0.292192
0.128769
0.395502
0.715157
0.726243
0.344377
0.867372
0.357745
0.521517
0.377623
0.302992
0.447733
0.591850
0.195412
0.544432
0.061255
0.828502
0.270294
0.472184
0.359722
0.641561
0.532742
0.692957
0.293400
0.326780
0.065016
0.703439
0.440020
0.271482
0.221047
0.469808
0.565976
0.349815
0.450690
0.391658
0.665360
0.795513
0.373031
0.319356
0.614454
0.450482
0.323349
0.764317
0.930187
0.518761
0.419274
0.577270
0.460537
0.689568
0.460153
0.705812
0.742274
0.103420
0.510914
0.148502
0.315753
0.575929
0.738667
0.459074
0.435094
0.960160
0.225133
0.112043
0.308357
0.561823
0.503701
0.384415
0.768035
0.462561
0.404773
0.378568
0.211596
0.728569
0.253412
0.727611
0.360157
0.676162
0.715580
0.407247
0.661980
0.287431
0.524203
0.403808
0.276403
0.734944
0.552756
0.593776
0.306953
0.287502
0.463549
0.742494
0.246043
0.274509
0.554364
0.556019
0.836333
0.357792
0.525816
0.600447
0.520181
0.630863
0.093016
0.618949
0.469957
0.346427
0.757258
0.716840
0.318839
0.470090
0.535231
0.684121
0.757521
0.759262
0.198902
0.444623
0.491459
0.337039
0.626082
0.686266
0.511267
0.200604
0.540459
0.757756
0.362968
0.393376
0.309855
0.309827
0.336996
0.536670
0.324447
0.743901
0.578231
0.417463
0.475678
0.637043
0.349270
0.229015
0.464855
0.671584
0.701407
0.298639
0.351784
0.455008
0.643283
0.550687
0.199804
0.547742
0.183976
0.825886
0.345706
0.395518
0.323913
0.471992
0.567446
0.386710
0.450749
0.577129
0.700011
0.788918
0.226628
0.609838
0.646093
0.692031
0.727129
0.117851
0.439600
0.487098
0.347313
0.203008
0.744062
0.635275
0.201474
0.506992
0.503730
0.844756
0.643060
0.703533
0.389749
0.828654
0.526670
0.321282
0.637173
0.550858
0.795577
0.790000
0.350569
0.242404
0.364380
0.636408
0.144596
0.476561
0.356773
0.676243
0.281419
0.080427
0.794095
0.607019
0.454251
0.138659
0.810027
0.311588
0.187380
0.308200
0.519580
0.576662
0.152510
0.275467
0.391894
0.542706
0.100200
0.329263
0.566117
0.738545
0.765674
0.357772
0.639071
0.816516
0.600176
0.416451
0.750349
0.631498
0.594459
0.217647
0.418266
0.172129
0.184800
0.210059
0.782623
0.341628
0.351019
0.589175
0.653215
0.423953
0.900851
0.758176
0.700443
0.638741
0.331066
0.388588
0.291973
0.434015
0.303678
0.743643
0.757940
0.480051
0.397666
0.397011
0.296122
0.700419
0.398843
0.746299
0.327996
0.404000
0.852247
0.750184
0.465604
0.447745
0.256494
0.358753
0.489200
0.307341
0.244180
0.139667
0.617293
0.730412
0.785697
0.428262
0.780298
0.113290
0.818470
0.370823
0.548478
0.118227
0.225439
0.304800
0.301580
0.325235
0.701812
0.598149
0.323079
0.212800
0.640697
0.651522
0.502354
0.489024
0.397784
0.667785
0.640518
0.656579
0.912538
0.425969
0.849475
0.745572
0.453937
0.579596
0.586957
0.351333
0.594859
0.781427
0.464623
0.411709
0.852077
0.600783
0.529938
0.374941
0.492584
0.242215
0.286004
0.605093
0.725917
0.609082
0.403275
0.365443
0.260157
0.792799
0.555467
0.657941
0.458965
0.192063
0.311772
0.783372
0.620780
0.274521
0.525470
0.661271
0.440670
0.525427
0.712431
0.446227
0.302933
0.473752
0.154188
0.266710
0.661091
0.686428
0.527651
0.564373
0.815816
0.515784
0.165992
0.540113
0.422290
0.570439
0.606557
0.382721
0.013251
-0.240329
-0.188682
-0.146239
-0.100894
0.042925
-0.263424
0.038651
0.165031
0.072317
0.046408
-0.118906
-0.049981
-0.010349
-0.021984
0.065784
-0.137753
-0.068000
0.179110
0.163180
0.083255
-0.170769
0.014819
0.033666
0.207365
0.155486
0.154961
-0.027690
0.023745
0.127568
0.067706
-0.110580
0.324372
0.316733
0.179756
0.075902
0.070102
0.207600
-0.175581
-0.202576
-0.011349
-0.130306
-0.172196
0.086247
0.297055
0.095376
0.003878
0.161011
0.027376
-0.255856
0.033482
-0.035235
0.010510
0.048302
0.144298
-0.070549
-0.087478
0.151682
-0.098239
-0.209600
-0.010882
-0.030533
-0.031757
-0.124220
0.286200
-0.288000
0.100969
-0.081408
-0.080400
-0.222188
-0.284561
0.197808
0.086926
-0.019047
-0.153655
-0.055439
-0.071247
0.139223
-0.184561
-0.042737
0.030368
0.285498
0.069604
0.040878
-0.102200
-0.223808
-0.030804
0.099878
0.365584
0.161090
0.326855
-0.083584
0.131133
0.006674
-0.207804
0.127200
0.155808
-0.107412
0.045216
0.075408
-0.038890
-0.239345
-0.165627
0.195035
0.033451
0.117851
0.139596
-0.038372
-0.033059
0.103188
0.066467
-0.150267
0.240533
-0.301639
-0.110522
-0.151800
-0.089447
0.150517
0.096231
-0.161572
0.021474
0.274933
0.191419
-0.138102
-0.156102
0.274882
-0.158479
-0.000294
-0.123796
-0.113263
-0.363172
-0.015110
-0.203321
-0.091090
0.032349
-0.170447
0.025628
-0.117612
-0.061243
-0.155584
-0.162577
0.154510
0.130725
0.077956
0.289447
-0.268796
-0.072133
-0.236000
0.319431
-0.124055
0.039561
-0.097381
0.298455
-0.205020
-0.234906
-0.293648
0.216305
-0.245808
0.143192
-0.055067
-0.211494
0.218306
0.221090
0.022894
0.274792
0.253439
-0.001110
0.153976
-0.302459
0.227780
-0.292874
-0.174902
0.091023
-0.012863
0.052341
0.234027
0.008475
-0.168502
-0.149549
0.179753
-0.144980
0.037588
-0.207761
-0.285369
0.120992
-0.152534
-0.141882
0.047164
-0.107631
0.001886
-0.006769
-0.028992
-0.069941
-0.223389
0.140902
0.057274
0.030051
-0.007784
-0.227592
-0.124255
-0.219424
-0.081047
0.138553
0.311019
0.195647
0.042184
0.107337
-0.233588
0.020682
0.104788
0.383874
-0.124298
-0.005200
-0.261596
0.029177
0.265079
-0.123420
0.176294
-0.126044
-0.084051
-0.259529
-0.280388
-0.113043
0.108239
-0.066067
-0.119718
-0.270486
0.112137
-0.129212
-0.060945
-0.160271
0.089074
-0.141992
-0.021718
-0.037616
-0.236478
-0.268533
0.069145
-0.032933
0.042282
0.173933
-0.086769
-0.081439
-0.267266
-0.058232
-0.052263
-0.003898
-0.181651
-0.166102
-0.129941
0.172008
0.013788
-0.119620
0.058388
-0.025549
-0.185686
0.086247
-0.007612
0.216584
-0.190541
-0.066847
-0.233819
0.046110
0.227737
0.034596
0.009627
-0.155184
0.056196
0.078773
0.248459
-0.192789
0.106839
-0.274310
-0.126651
0.128572
0.105168
0.258219
0.124674
0.360651
-0.054882
0.142310
0.094949
-0.041671
0.022690
0.005761
-0.068353
0.127714
-0.347412
-0.074255
0.053588
-0.100243
0.296608
-0.179655
-0.203420
0.086059
-0.145059
0.096341
0.367451
0.058713
0.028114
0.179910
0.156059
0.282529
0.195733
-0.259593
0.120969
0.009059
-0.150083
-0.192643
-0.068000
-0.057388
-0.051467
-0.121761
0.191075
0.262490
0.031000
-0.166278
-0.047506
0.121298
0.049600
0.152525
0.019922
-0.093212
-0.175282
-0.183498
-0.007153
-0.172765
0.062129
-0.075702
0.175505
-0.199890
0.104208
0.332141
-0.066071
0.008674
0.072549
0.054321
0.017733
0.212600
-0.139455
-0.050267
-0.281364
-0.190922
-0.025028
-0.091424
0.071569
-0.142737
-0.257702
0.022353
0.126137
-0.062236
-0.261121
0.146059
0.282262
0.001306
-0.038016
-0.160890
0.267384
0.022980
-0.090149
0.005180
-0.177486
0.014059
-0.100388
-0.095981
0.170310
-0.177126
-0.042792
0.039890
0.037184
-0.034671
-0.011510
-0.245314
-0.224459
0.253596
-0.189738
0.137243
-0.179275
-0.008020
-0.276404
0.235863
0.219878
-0.100392
-0.056365
0.213718
0.048490
0.342196
-0.386016
-0.121836
0.219309
-0.038455
-0.116079
-0.248310
-0.024396
0.073090
-0.054157
-0.003372
-0.102326
0.193184
0.184094
-0.066275
0.159647
0.025008
0.125545
0.225321
-0.013239
-0.064192
-0.075145
-0.192514
-0.072212
-0.205682
0.042772
0.147666
0.131635
-0.014726
-0.076326
0.180702
-0.110239
-0.025208
0.058290
0.256647
-0.063663
0.232345
-0.138106
-0.089769
0.015878
-0.044686
-0.093141
-0.086448
0.148498
-0.346757
-0.153298
-0.129565
0.114827
0.119823
0.095757
0.249164
0.055631
-0.269522
-0.091502
-0.016004
-0.037494
0.097714
-0.306046
-0.051726
0.082988
0.054761
0.128976
0.120325
0.028419
-0.251577
0.231106
-0.035243
0.129478
0.240577
-0.125012
-0.002220
0.047180
-0.218153
-0.090376
0.195102
-0.128333
-0.096098
-0.224020
-0.014083
-0.124984
-0.128839
-0.055051
-0.069353
-0.108228
0.291156
0.062220
0.146122
-0.048839
0.193306
0.240839
0.034149
0.246933
-0.067894
0.006898
-0.014781
0.117662
-0.200282
-0.050023
0.246008
-0.398549
-0.176745
-0.193922
0.085765
0.042812
0.153412
-0.155133
-0.086098
0.056181
0.058557
-0.390314
0.368906
0.218718
-0.007655
0.301263
0.112200
0.134216
-0.075937
-0.032945
-0.062200
-0.171055
0.060317
-0.029761
-0.361832
-0.298286
-0.021153
0.062808
-0.181757
-0.222569
-0.135926
-0.081616
-0.182275
0.126749
-0.127961
-0.096510
0.168984
-0.264682
0.186067
-0.206671
0.081631
0.095914
-0.159275
0.013961
-0.121945
0.123780
0.025090
-0.299879
-0.179714
-0.050847
0.104309
0.196929
0.067098
-0.125506
-0.270542
-0.145447
-0.134792
0.144882
-0.231349
0.121161
0.071023
0.069859
0.187121
-0.258827
0.196607
-0.087282
0.082373
0.077168
-0.061831
-0.167561
0.160631
-0.270334
0.366063
0.000223
0.181337
-0.046016
-0.166706
0.204717
-0.057471
-0.054576
-0.134553
0.046839
-0.295357
-0.068031
-0.227376
-0.129322
-0.214612
0.074965
-0.273439
-0.156404
-0.092298
-0.349993
-0.084836
0.094247
-0.171110
0.111772
0.154541
0.058839
0.188364
-0.346134
-0.108722
0.347863
-0.177047
-0.179792
-0.088490
0.002580
-0.226384
0.034937
-0.228702
0.007988
-0.019639
-0.073122
0.053694
0.122137
0.295424
-0.024396
0.142102
-0.355764
-0.239565
-0.278914
-0.074459
-0.042306
-0.191196
0.278416
0.053651
0.075404
-0.045812
0.060616
-0.303467
-0.005024
0.153902
-0.121479
-0.093737
0.265854
-0.154271
-0.182228
-0.169275
-0.090522
0.290419
-0.250400
-0.083667
-0.017643
-0.033965
0.119313
0.103361
-0.026965
0.094918
0.097310
-0.092596
-0.145223
-0.035161
0.270655
0.104314
-0.226933
0.113071
-0.132169
-0.005087
-0.371027
-0.219129
-0.017286
0.060525
0.081216
0.008812
-0.033212
0.056937
-0.145459
0.221137
0.326506
0.200596
0.223133
-0.071471
0.118639
-0.233929
0.043851
-0.052181
0.307141
-0.132400
0.042161
-0.031549
-0.077420
-0.103063
-0.067286
-0.098608
0.001251
-0.003510
0.304595
-0.130918
0.281537
-0.067565
-0.058204
-0.025883
0.141670
-0.124565
-0.018781
-0.181674
0.224216
-0.164239
-0.106981
0.113012
-0.110087
-0.175114
-0.249168
-0.281580
0.028667
0.083682
0.103372
-0.102479
0.098859
-0.002043
0.303682
-0.126714
0.185027
-0.200737
0.066522
0.187988
0.233463
0.079851
0.057070
0.076713
0.160996
-0.002267
-0.237592
-0.135043
0.022455
0.181337
-0.026584
-0.044596
0.017098
0.012878
-0.079737
-0.092989
-0.162812
0.107671
0.062008
-0.134145
-0.244647
-0.272330
0.055219
0.143768
0.162204
-0.079384
-0.271369
0.057098
0.157588
-0.058404
-0.193757
0.242898
-0.126130
-0.134976
0.031188
0.034866
-0.137244
0.082596
-0.100177
-0.263498
-0.174353
0.021949
-0.018537
-0.157255
0.324961
-0.388408
-0.103800
-0.273851
0.011106
-0.331925
0.029137
0.204169
-0.167121
0.084357
0.057803
0.142659
0.005549
0.075435
-0.237953
0.162561
0.017031
0.006000
-0.031674
0.039612
-0.129553
0.289647
-0.363232
-0.266220
0.082110
-0.024565
-0.092584
0.054200
-0.002616
0.038165
-0.101345
-0.116498
0.087467
0.232564
-0.100793
-0.340271
0.191906
-0.071078
0.301608
0.171227
0.013278
-0.078298
0.168020
0.018251
-0.002863
0.220200
-0.256322
-0.132275
-0.212087
0.002137
0.054913
0.096647
0.001651
0.129392
0.268137
-0.355083
0.104827
0.175553
0.136251
0.102212
-0.223992
-0.112671
-0.160729
0.155317
0.119894
0.175055
-0.184953
0.311800
0.103976
-0.173478
0.045318
0.118965
0.038357
0.064627
-0.301628
0.035494
-0.005882
-0.267816
0.050796
-0.069816
-0.118102
-0.041867
-0.120745
0.321259
-0.058918
0.147392
0.255733
0.045910
0.032235
0.103561
0.001678
-0.337624
-0.157820
-0.160184
-0.182882
0.252208
0.014871
-0.221392
0.126298
-0.027020
-0.104737
0.172192
-0.198188
0.371329
0.236243
-0.210259
-0.029753
-0.205639
-0.038655
0.168619
0.162255
-0.009757
-0.019690
0.189086
0.164502
0.068969
0.046345
0.130102
0.114878
-0.068996
0.084953
-0.173577
0.030513
-0.071734
0.103949
0.284208
-0.109659
0.120529
0.064525
0.017773
-0.196624
-0.188365
0.189965
-0.106388
0.184675
-0.011502
0.121063
-0.135212
-0.070698
0.228851
-0.114745
-0.198577
0.073227
0.013141
-0.158200
-0.200557
0.082110
0.177702
0.075988
0.198698
-0.038294
0.014498
-0.123031
0.139796
0.380475
0.129071
-0.011996
0.123239
0.101447
-0.095623
0.141011
0.193824
-0.136412
0.039133
-0.350275
0.048263
-0.118235
0.208498
0.060051
-0.041934
0.000773
0.384726
0.050200
0.072867
-0.039843
-0.108576
-0.127690
0.043976
0.070835
0.237854
0.242674
-0.257592
-0.037780
0.118510
-0.267082
-0.095016
0.099427
0.158631
0.029933
-0.089259
0.061875
-0.120898
-0.333145
0.217305
0.210078
-0.246286
-0.026275
0.239419
0.252922
0.035486
0.196353
-0.184016
-0.018631
0.245976
-0.111725
-0.058475
0.139110
-0.092973
-0.015631
0.062368
-0.292828
0.227043
-0.048781
0.107678
0.056553
0.121847
0.012663
0.155980
0.134035
0.040886
-0.370412
0.195910
0.069275
-0.265847
0.121372
0.279352
-0.221424
-0.193326
0.081063
0.030922
-0.157839
-0.013294
-0.005518
-0.176471
-0.203318
-0.118377
0.054055
0.225925
0.225784
0.187709
-0.002973
0.223090
-0.022957
0.238380
0.040059
-0.115114
0.069518
0.053298
0.190152
-0.234157
-0.195949
-0.180259
-0.327804
0.163459
-0.157682
-0.058855
0.005102
0.058604
0.185530
0.085588
0.089525
-0.119886
0.072870
-0.064145
-0.149914
0.159686
0.255188
-0.094149
0.094345
0.043263
0.093560
-0.346337
-0.023780
-0.077550
0.039619
0.016278
-0.043377
0.109137
0.069577
-0.002510
0.166823
0.164894
0.107365
-0.013981
-0.109357
0.387392
-0.072836
-0.250698
0.009419
-0.033749
-0.018666
-0.048631
-0.007192
-0.093373
0.035376
0.281737
-0.081263
-0.000145
0.187588
0.013082
0.043694
0.280572
-0.333255
-0.127663
-0.087110
-0.293635
0.036192
0.158514
0.106768
-0.041808
0.008427
-0.017675
0.123086
-0.174918
-0.031655
0.012596
0.213051
0.183933
0.199608
0.074894
-0.139949
0.035075
0.172129
-0.145432
-0.058298
-0.082628
-0.301404
0.298725
-0.081063
-0.114392
-0.125902
-0.185522
0.166180
-0.020871
-0.165608
0.077937
-0.315083
-0.131125
-0.199549
0.228262
-0.172934
-0.044122
-0.227122
-0.049847
0.072804
0.178357
-0.035542
-0.004279
-0.073710
0.014780
0.216482
-0.214792
0.049855
0.098478
0.077486
-0.298576
0.017560
0.212082
-0.147428
-0.211655
0.245266
-0.126329
-0.250734
-0.027396
-0.147200
0.021369
-0.237882
-0.023996
-0.109757
-0.147298
-0.233443
0.009153
0.246290
-0.021722
0.395882
-0.118616
0.156635
-0.077945
0.022972
-0.208341
-0.061455
0.091878
0.016286
-0.012733
-0.245643
0.093773
-0.021177
0.062051
0.017431
-0.021604
-0.149604
0.113988
-0.146224
0.037372
-0.201831
0.143153
0.057031
-0.149580
-0.171553
-0.200302
0.140255
-0.113153
-0.192859
-0.051165
0.012702
0.204733
-0.168647
0.169337
0.126788
0.144459
-0.037294
0.064200
-0.052086
0.126569
0.052600
-0.297729
0.071055
-0.258709
-0.235678
0.236063
-0.131027
0.050718
-0.086526
0.160459
0.088090
0.001776
-0.134675
-0.002455
-0.148381
-0.014384
-0.056890
-0.008126
0.020039
0.189671
0.230843
0.032165
0.104271
-0.229070
-0.237342
-0.207227
0.354808
0.162498
-0.141317
-0.136122
0.140357
-0.088718
0.003859
-0.077012
-0.200428
0.056604
-0.279235
-0.041322
0.107321
0.070815
-0.172706
-0.094722
0.072592
0.132039
-0.098886
-0.076922
-0.031055
-0.155776
-0.085047
-0.301149
0.033894
-0.001780
0.020016
-0.009412
-0.230851
0.219808
-0.067353
-0.024196
0.093882
0.079753
-0.012741
-0.055894
0.138612
-0.010592
-0.133483
0.374761
-0.244122
0.025569
-0.103137
0.010776
0.096384
0.161866
0.206188
0.170686
0.145196
-0.182832
-0.196945
0.261718
-0.046765
0.008717
-0.039431
-0.303004
0.006937
-0.019992
-0.311282
-0.224490
-0.088608
-0.089636
-0.099400
0.004141
-0.300016
0.176859
-0.051753
-0.161980
-0.122157
0.253051
-0.224929
0.071431
-0.159091
0.108510
0.083918
-0.062706
-0.165624
-0.148180
0.107404
-0.020428
0.107274
0.201169
0.095423
0.207510
-0.227824
0.054282
0.341083
0.216247
0.036000
0.029800
0.281890
0.093835
-0.060411
-0.255220
0.097976
0.077282
0.070925
0.046223
0.204302
-0.199385
-0.139012
0.128083
0.309757
0.139607
0.089016
-0.044612
0.078035
-0.078317
-0.044639
0.184306
-0.097035
0.062635
-0.052235
-0.003322
-0.019988
-0.132483
-0.239173
0.172941
-0.063812
0.234537
0.203318
-0.070345
-0.109337
-0.147228
-0.035432
-0.158937
-0.069945
0.033784
0.035439
-0.155777
-0.018023
-0.103573
0.262439
-0.145400
0.036035
-0.086255
0.100121
-0.033506
0.273138
0.203059
0.298376
0.028525
0.265118
-0.189859
-0.264929
-0.193714
0.115368
-0.212259
-0.019063
0.052690
-0.126431
0.183678
-0.017655
0.203651
0.035318
0.092780
0.191157
-0.034628
0.128274
0.078443
0.248439
-0.037326
-0.023420
0.073169
-0.182726
0.012616
0.134490
0.064973
-0.022023
-0.028373
0.120455
-0.161357
-0.291690
-0.051561
0.085360
-0.117200
0.191859
-0.088270
-0.041035
0.172796
-0.036714
-0.019891
0.065208
-0.054369
0.035608
-0.188474
0.328545
-0.061659
0.067031
0.019110
0.016784
0.025337
-0.017639
-0.008345
-0.338071
-0.053365
0.004271
-0.204714
0.011608
-0.018329
0.056470
0.132639
0.258600
-0.233510
-0.209632
0.053251
-0.061710
0.129804
0.255114
-0.102745
0.156734
0.070824
0.314497
-0.068769
0.015321
-0.085894
0.032890
-0.092710
-0.001110
0.101631
-0.074734
-0.132478
0.126392
0.054627
0.008463
-0.251510
-0.008707
-0.143648
-0.246843
-0.368942
0.523569
-0.297471
0.027607
-0.149549
0.204529
0.103333
0.152647
0.547156
0.232608
0.119019
-0.099432
0.170647
-0.121177
-0.093510
0.297667
-0.233373
0.362862
0.194921
0.176921
-0.015648
-0.197510
-0.411666
0.122608
-0.335980
0.203255
0.223823
0.029921
0.096568
-0.020216
-0.319334
0.345039
-0.016079
-0.097765
-0.144373
-0.065236
-0.412274
-0.043059
-0.530393
-0.482530
0.089157
0.108058
0.037863
0.259411
-0.013118
0.042725
0.042470
0.370529
0.307608
0.237392
-0.069569
-0.225451
-0.479157
0.136176
-0.102844
-0.198118
-0.177589
0.120980
0.349216
0.019372
0.100765
0.129882
-0.253393
0.185078
0.032118
0.219647
0.122255
0.139274
0.075804
-0.508530
-0.242863
0.265745
0.216940
0.310000
0.008137
0.205843
-0.262276
-0.051804
-0.041040
0.045333
0.285588
-0.010216
-0.182137
0.325862
0.025569
0.232039
0.025333
-0.049216
0.350607
-0.142863
-0.029844
-0.065647
-0.110961
-0.280824
0.121843
-0.078844
0.453431
0.244098
0.158803
-0.085765
0.252196
-0.182039
0.179980
0.471549
-0.389059
-0.431706
0.059980
-0.033922
0.136313
0.119333
0.009392
-0.095118
0.009118
0.343882
-0.389079
0.135078
0.058901
0.256078
-0.016549
-0.105098
0.213608
0.472647
0.446666
0.102647
-0.327216
0.568510
0.126608
-0.491197
0.194804
0.185019
0.040451
0.449412
0.000960
-0.299000
0.303549
0.231725
-0.110883
-0.254275
0.095392
0.025431
-0.237353
-0.410216
-0.070078
-0.128236
-0.166726
0.160666
-0.091137
-0.005020
-0.200667
-0.007687
-0.112530
0.112941
-0.154471
-0.283275
0.117607
0.135725
-0.332177
0.141412
0.163568
-0.237765
-0.290981
0.204019
-0.407784
0.329412
0.007823
0.412784
0.042097
0.413960
-0.360529
-0.480314
-0.178412
0.021549
-0.373510
0.366902
0.510725
0.079588
-0.089843
-0.197824
-0.442451
-0.192138
0.311902
-0.037961
-0.177176
-0.359589
0.193372
-0.061981
-0.221843
0.378216
-0.437588
0.042117
-0.474549
-0.111157
0.246137
-0.264922
0.316627
-0.365863
0.248647
0.257941
-0.052294
-0.212667
0.297059
0.384686
-0.090726
0.023941
0.136588
-0.195000
0.003137
0.046745
0.224588
-0.338922
-0.243765
-0.081314
0.137725
0.094059
-0.338099
-0.283903
0.132470
0.057470
0.094313
-0.405510
-0.000805
0.237176
-0.416667
-0.374491
-0.027353
-0.198020
-0.120530
0.120902
0.059921
-0.172824
0.008627
-0.160040
-0.303137
-0.079686
-0.234079
0.350470
-0.274687
-0.130549
0.394804
0.049902
0.047549
0.151038
-0.031020
0.185274
-0.271922
-0.369118
-0.199020
-0.240236
0.202960
-0.102294
-0.028334
0.202156
-0.482530
0.072412
0.344686
0.107529
-0.126000
-0.292863
-0.388981
-0.168491
0.051333
-0.378333
0.290902
0.265215
-0.458020
-0.045588
0.096647
-0.115687
-0.076138
-0.125961
0.449214
-0.128981
-0.072902
0.418195
-0.041686
0.270176
-0.568334
-0.140314
0.032353
-0.365373
0.374804
0.002000
0.351392
-0.006942
0.074019
0.181470
0.000196
-0.152373
-0.113804
0.229019
-0.218059
-0.062471
0.367706
-0.029569
-0.414667
0.524686
0.024843
0.198999
-0.208412
0.465725
-0.441961
-0.276216
-0.179883
0.100529
0.244784
-0.121177
-0.246706
-0.325569
0.353902
0.302666
-0.171902
0.113705
-0.210333
0.279882
0.006372
0.380706
-0.158079
0.004549
0.329117
0.347940
0.233568
0.111059
-0.331942
-0.016530
0.181490
-0.227177
-0.008863
0.206333
-0.030588
0.398117
0.153018
-0.472549
0.124314
-0.026863
0.145000
0.367077
-0.148039
0.000705
0.041510
-0.409138
0.301353
-0.130392
0.319960
0.091019
0.149882
-0.291079
-0.145295
0.091804
-0.286530
0.083431
0.339353
-0.050549
0.294489
-0.090961
-0.069098
-0.143451
-0.217746
-0.075549
0.062882
-0.147941
-0.294843
-0.401510
-0.002687
-0.172549
0.191451
0.141922
-0.422883
0.041392
0.140608
-0.379354
0.149274
-0.173040
0.007274
-0.047784
-0.182804
0.257156
0.176137
0.188921
0.250980
-0.007589
-0.245059
-0.027079
-0.160549
0.147804
-0.017648
0.387372
-0.096040
-0.237804
-0.205196
-0.033157
0.133686
0.016980
0.183137
0.130607
0.361451
-0.242824
0.270509
-0.059412
0.415980
0.313137
0.078255
0.048627
0.140098
0.185921
0.000842
-0.042706
-0.173942
0.179392
0.146216
-0.023353
0.169784
0.001549
-0.052843
0.109627
0.051372
-0.068079
-0.120412
-0.044667
0.211137
0.293823
-0.077432
-0.174608
-0.306609
0.105706
-0.044001
0.054843
-0.036726
0.228921
0.095823
0.276843
-0.075354
0.174078
-0.291942
0.064745
-0.157020
0.328724
0.019627
-0.431354
-0.111314
0.266234
0.162314
0.058470
0.169804
0.109470
-0.449314
0.219157
0.139764
0.047294
0.174490
-0.264491
-0.276294
0.097058
0.178313
0.032490
0.202765
0.134706
0.089745
0.063627
-0.253784
-0.333863
0.342882
0.286255
-0.157373
-0.466079
0.350999
0.202627
-0.237745
-0.246784
0.287901
-0.248667
-0.078529
-0.169216
-0.190196
0.089255
0.040646
-0.022098
-0.208608
0.082431
0.128000
-0.034118
-0.184079
-0.049923
0.063333
0.094627
-0.115412
0.165705
0.128941
0.074332
0.231745
-0.126863
-0.359922
0.057607
0.059000
-0.002294
-0.508863
0.409606
0.199941
-0.128804
0.263608
-0.031197
0.239941
-0.332333
0.416999
0.050137
-0.142687
-0.056961
0.027647
-0.452078
0.023451
0.153627
0.129196
0.456392
0.005333
0.091745
-0.066393
-0.110079
0.259862
-0.454471
-0.136137
-0.027824
-0.064315
0.119333
-0.070608
0.097097
0.219450
-0.064863
-0.010314
-0.097628
-0.093275
0.253294
-0.226804
0.048294
0.435961
-0.326824
0.198823
-0.324530
0.131215
0.124058
-0.161216
0.054274
-0.337706
-0.130000
-0.106745
0.285039
-0.038255
0.446293
0.074568
-0.295804
0.508842
0.038431
0.193392
-0.072490
0.057372
0.120764
-0.075785
-0.240196
-0.458706
-0.085706
0.179588
-0.035354
-0.349824
-0.047217
0.113333
0.088549
0.241352
0.209745
-0.238000
0.274588
-0.181196
0.120215
-0.188549
0.098509
-0.010177
-0.292882
0.283156
-0.048431
-0.464000
-0.259686
-0.341824
0.143215
-0.221255
-0.150451
-0.030059
-0.065902
0.072725
-0.105451
-0.303687
0.131039
-0.091157
0.392529
0.095686
0.076039
0.343294
0.111039
0.062176
-0.033158
-0.297019
-0.073412
-0.275589
0.139195
-0.053588
0.055294
0.137313
-0.164157
-0.237981
0.320078
-0.112588
-0.084569
0.160784
0.163000
-0.042138
0.454137
0.114961
0.442803
-0.226765
0.187686
0.437745
-0.013432
0.218333
-0.270824
0.377078
-0.203392
0.324647
0.102568
-0.094373
-0.130589
0.069412
0.228431
0.313019
-0.203765
-0.251804
0.159039
0.368157
-0.112079
0.094882
-0.386844
-0.411432
0.085098
0.146000
0.268392
0.145686
-0.515569
0.105117
0.260646
-0.589785
-0.121647
0.345921
-0.250412
-0.237490
0.046843
0.096176
0.139196
-0.055765
-0.196981
-0.275256
-0.250529
0.290235
-0.203432
0.077901
-0.014157
-0.407197
-0.171491
-0.371745
-0.039040
0.231039
0.240157
-0.425883
0.336627
0.323235
0.236745
0.088000
-0.146471
0.338588
0.193510
-0.402843
0.265430
0.071862
0.562509
0.115411
0.453804
0.090314
-0.303020
0.075980
-0.065843
0.015000
-0.297255
-0.213569
-0.312177
0.116725
-0.236059
0.293489
0.226549
-0.309569
0.438372
0.187118
-0.178921
0.159490
-0.238765
0.260510
-0.132667
-0.004039
-0.168902
-0.178745
-0.283255
-0.075785
-0.064569
-0.536863
-0.003922
-0.121490
0.198372
0.449882
-0.028765
-0.207059
0.423450
-0.094608
-0.092059
0.226588
0.208451
0.115196
0.240902
0.075196
-0.108726
-0.049569
-0.334764
-0.289785
0.235921
0.106137
0.487117
-0.003236
-0.150765
0.354451
-0.007275
0.195333
0.175706
0.324862
0.222353
-0.504254
0.307430
0.218431
-0.108726
-0.011216
0.048882
-0.037491
0.298353
-0.044687
-0.230079
0.105902
0.083921
-0.021628
-0.295922
-0.292589
0.051156
0.110352
-0.241765
-0.281197
-0.179432
-0.106235
-0.077079
-0.307706
-0.107059
0.289176
0.147137
-0.116745
-0.032510
0.224470
0.110137
-0.429589
-0.279785
-0.200236
-0.211550
-0.290137
-0.311843
-0.263059
0.191803
0.084882
0.211294
-0.040686
0.090392
-0.324216
-0.062314
-0.105138
0.000216
-0.008745
0.005215
0.275471
-0.191961
0.445216
0.272039
0.247980
-0.479902
0.062176
0.020137
-0.433157
-0.154961
0.086000
-0.208686
-0.044824
-0.441569
-0.488471
-0.144667
-0.035706
-0.159177
0.060117
-0.298765
-0.069784
0.145000
-0.087471
-0.110471
-0.281628
-0.311295
-0.173177
0.130255
0.304314
-0.083549
0.135470
0.065176
0.241509
-0.036726
-0.282608
-0.127922
0.100784
0.396980
-0.208177
0.287059
0.242018
0.397254
0.078372
-0.317412
-0.561727
0.209333
0.154941
0.017961
0.048136
0.217470
0.236215
-0.021647
-0.256961
0.249137
0.484901
-0.021569
-0.064569
-0.205295
0.008294
0.242157
0.230588
0.246176
0.407333
0.371314
-0.407961
0.024333
-0.371608
0.312254
-0.196098
0.035215
-0.018098
-0.471098
-0.084549
0.060274
-0.171099
-0.030883
-0.247413
-0.114137
-0.010902
-0.299667
0.000922
-0.291707
-0.321706
-0.256432
-0.040549
-0.353824
0.341823
-0.105118
-0.041706
0.349725
0.237431
0.088490
0.078882
0.025333
-0.159627
0.290745
-0.467354
0.085784
-0.014412
-0.048059
0.223803
-0.032510
0.000274
-0.480177
0.027373
0.444176
0.108372
0.399784
-0.287373
-0.002922
-0.519707
-0.186451
0.322784
-0.221588
0.176941
0.282235
-0.060412
-0.098647
-0.339510
-0.001726
0.251078
0.514940
-0.013627
-0.285039
-0.074726
-0.070843
-0.095078
-0.027471
0.012921
-0.009098
-0.073118
0.236726
-0.042000
-0.073235
0.275980
-0.014628
-0.146079
-0.132667
0.383137
0.184353
-0.035196
0.483255
-0.102491
0.287196
-0.255353
0.072431
0.052804
-0.215373
0.490411
0.229922
-0.315079
0.224862
0.127451
0.185902
-0.060569
0.050706
0.215451
-0.057275
0.025647
0.230784
-0.066373
-0.047863
-0.151922
-0.110392
0.496314
0.224450
-0.125020
-0.269197
-0.011020
-0.256882
-0.185236
-0.046216
0.226372
0.331705
0.241373
0.068999
0.404138
-0.323628
-0.246765
0.377922
-0.093706
-0.047236
0.085372
0.134137
0.141078
0.024803
-0.329765
-0.260882
-0.032471
-0.204118
-0.032118
0.416156
0.265039
-0.282020
-0.312039
0.242314
0.459451
-0.336668
0.490137
-0.066176
0.021843
-0.209706
-0.114804
-0.369588
0.222392
-0.390451
-0.300588
0.107098
-0.197059
-0.029942
-0.132392
-0.190373
-0.177569
-0.147412
-0.053824
-0.036490
0.494803
-0.386001
0.322451
-0.157099
-0.073098
0.189941
0.258667
-0.327099
0.008314
-0.053373
0.015607
-0.049255
0.229784
-0.111667
-0.115431
-0.366177
-0.321373
-0.230236
-0.117961
0.417646
-0.101647
0.098470
-0.090255
-0.198314
-0.031863
-0.222647
0.230745
-0.107020
0.249372
-0.442510
0.473901
0.124745
-0.211098
0.176529
-0.130726
0.333216
-0.148137
0.127941
0.006118
-0.142236
0.076980
0.021725
0.425921
-0.210255
-0.089941
-0.306921
-0.061432
0.107725
0.080255
0.438020
0.006333
-0.021392
0.021882
-0.083922
-0.221726
-0.012393
0.210843
-0.091373
0.498000
-0.056804
0.083137
0.354882
0.067549
-0.127961
0.014392
0.037215
0.102451
-0.134138
0.167568
0.208961
0.343451
0.244549
0.127882
0.151961
0.032275
0.040353
-0.154568
0.070843
0.045666
-0.074314
-0.106138
0.152392
-0.095706
0.432372
-0.029510
-0.317824
-0.097039
0.281333
0.208608
-0.216059
0.222510
0.291745
-0.378196
0.189666
-0.353236
-0.364196
0.126882
0.366627
0.121490
-0.322961
-0.039412
-0.154491
0.019960
0.088470
-0.102922
-0.465177
0.026019
-0.257491
0.122686
0.172078
0.184823
-0.083843
0.226098
-0.013294
0.448921
0.196588
-0.228314
-0.265138
-0.041118
-0.020099
0.136216
0.080608
0.269628
-0.141981
0.270274
0.433412
0.010843
-0.120255
0.185039
0.132333
0.172176
0.145235
-0.122549
-0.325275
0.131294
-0.225079
-0.273432
-0.357295
0.134843
-0.248726
0.331411
0.320058
-0.232177
-0.059902
0.306373
0.218764
0.136686
0.078058
0.470647
0.095176
0.055941
0.089451
-0.441628
0.327588
-0.052530
0.446451
0.243980
-0.041687
-0.291216
-0.188785
-0.009353
-0.016628
-0.143941
-0.131902
0.175118
0.090156
0.260431
-0.095903
0.249490
-0.221745
-0.344627
-0.036510
-0.002471
-0.059785
-0.094000
-0.213118
-0.360059
0.141058
-0.032256
0.009804
0.138255
0.023294
0.197627
0.312019
0.350882
0.044706
0.241059
-0.020138
0.520432
0.052647
0.308097
0.511078
-0.066392
-0.352471
-0.137843
0.108725
-0.363099
0.122980
0.010804
0.501784
-0.098765
-0.333824
-0.051745
-0.101235
0.223804
0.369255
0.303059
-0.136255
0.412333
-0.347000
0.493373
0.033176
0.193706
0.073588
-0.171824
-0.072824
0.118685
0.071647
-0.195373
0.122098
0.021490
0.215137
0.015764
-0.044902
-0.237726
0.394940
0.063431
0.014569
0.000901
-0.440373
-0.101059
0.418765
-0.259589
-0.152805
-0.199491
-0.035785
0.218863
0.105587
-0.169628
0.113784
0.273587
-0.294059
0.144941
-0.049726
0.294529
-0.026883
-0.120137
-0.104197
-0.058039
-0.215118
-0.082491
0.063843
-0.102392
-0.067118
0.018941
-0.240118
0.430627
0.084784
-0.225549
0.328725
0.159019
0.290411
0.132490
-0.000177
0.138000
-0.169412
-0.133941
0.356470
-0.063824
0.213451
-0.149177
0.212176
0.019784
-0.004236
0.062058
-0.303491
-0.031118
0.456921
0.212137
0.013647
-0.373589
0.029255
-0.022902
0.141431
0.064941
-0.001941
-0.098295
-0.124255
0.080823
-0.324236
0.204470
0.340235
-0.033431
-0.180059
-0.277353
-0.412452
0.270353
0.206117
-0.156373
0.204117
-0.097843
-0.205157
-0.100726
0.438961
0.408020
-0.038667
0.135863
-0.242922
-0.098765
-0.269412
-0.229275
0.044666
-0.142177
-0.252177
0.286490
0.439784
0.363294
0.087804
-0.301883
-0.173294
0.380980
-0.095000
0.266941
-0.169471
-0.176687
-0.110804
-0.065295
0.093274
0.097332
0.393725
0.299804
-0.000510
0.087784
0.197059
-0.178569
-0.123628
0.158392
-0.043098
0.253274
-0.038745
0.304902
0.023607
0.106313
0.162725
-0.228569
-0.224608
-0.014902
0.132706
-0.036804
0.300627
0.059803
-0.172451
0.303607
0.224332
-0.442706
0.028941
-0.401471
0.009411
0.122215
-0.306157
-0.214275
-0.097020
-0.306666
0.493333
-0.414961
0.031784
-0.147706
0.260451
0.089078
0.105568
-0.295314
0.391568
0.129568
-0.086589
-0.060706
-0.099000
-0.313216
-0.075608
0.036117
0.169412
0.222608
-0.006882
-0.003432
0.011607
-0.297157
0.068862
-0.576863
-0.181608
0.078274
0.162372
0.129647
-0.233981
-0.449255
-0.179040
0.359352
-0.347197
-0.044844
-0.407785
-0.087137
0.042215
0.317607
-0.380039
-0.181216
-0.170628
