0.494141
0.387207
0.284424
0.300537
0.509277
0.315674
0.582764
0.813721
0.375732
0.733398
0.595459
0.348755
0.553223
0.710449
0.783691
0.136963
0.387939
0.617676
0.192749
0.389648
0.124573
0.389038
0.380005
0.200684
0.255371
0.608643
0.643799
0.503174
0.199890
0.648438
0.651855
0.579346
0.737061
0.635986
0.582031
0.656982
0.653809
0.462524
0.467041
0.325806
0.306885
0.647461
0.262329
0.559814
0.354858
0.457642
0.697998
0.742920
0.661621
0.890381
0.833496
0.788330
0.279663
0.801270
0.689941
0.120392
0.520752
0.744629
0.624023
0.606445
0.503906
0.274170
0.597900
0.539307
0.207825
0.476196
0.192810
0.747314
0.638916
0.547852
0.487427
0.357788
0.306396
0.335693
0.330811
0.664795
0.678711
0.914551
0.403809
0.451782
0.804688
0.350952
0.350708
0.080475
0.448608
0.337036
0.201355
0.381470
0.192688
0.712891
0.687744
0.585449
0.398193
0.281616
0.421387
0.305786
0.461670
0.315430
0.467407
0.511475
0.748779
0.540283
0.871582
0.643799
0.760986
0.199768
0.719482
0.552246
0.110291
0.120026
0.704102
0.211365
0.472046
0.353638
0.291748
0.506104
0.391968
0.495483
0.587891
0.472534
0.204773
0.572998
0.054657
0.303955
0.268311
0.477417
0.609863
0.729980
0.378296
0.662354
0.653320
0.239929
0.788330
0.521240
0.295166
0.661621
0.606689
0.600342
0.324341
0.605713
0.721680
0.731201
0.517090
0.492188
0.080994
0.511963
0.698730
0.473022
0.593262
0.586182
0.646973
0.799561
0.270264
0.587158
0.688965
0.538574
0.175110
0.295044
0.265869
0.555664
0.661377
0.506836
0.796875
0.560303
0.138794
0.388428
0.220398
0.634033
0.401123
0.545410
0.350586
0.418701
0.272461
0.567627
0.496826
0.354614
0.376465
0.608643
0.715332
0.381836
0.191162
0.358521
0.177429
0.461304
0.360107
0.277466
0.589111
0.235046
0.575195
0.855225
0.677490
0.532959
0.473022
0.770996
0.090729
0.499756
0.270264
0.311157
0.545166
0.256714
0.859619
0.481201
0.378174
0.128479
0.461304
0.875000
0.485474
0.725342
0.480957
0.198669
0.103638
0.557617
0.557373
0.283447
0.722656
0.617676
0.446899
0.608154
0.152405
0.723389
0.759766
0.830322
0.366699
0.231262
0.714355
0.459839
0.141663
0.570068
0.657715
0.273315
0.241455
0.628418
0.755127
0.505371
0.644775
0.212463
0.377563
0.128113
0.638916
0.861084
0.326660
0.745117
0.414917
0.884033
0.325806
0.548340
0.801270
0.472656
0.742188
0.539795
0.308716
0.614990
0.780762
0.562256
0.142456
0.491455
0.607422
0.170837
0.474487
0.678467
0.444580
0.301514
0.303101
0.195923
0.808105
0.649170
0.409424
0.596436
0.187988
0.047058
0.453491
0.400391
0.791992
0.570557
0.583496
0.817627
0.706055
0.495483
0.402588
0.746826
0.145813
0.597168
0.659180
0.511963
0.458130
0.501221
0.302002
0.362915
0.672119
0.363770
0.626709
0.702148
0.665283
0.343994
0.309937
0.469604
0.878906
0.304932
0.651367
0.365723
0.351807
0.403931
0.466309
0.440186
0.675781
0.160400
0.255859
0.677979
0.542725
0.546387
0.420776
0.274292
0.553955
0.490479
0.200623
0.598877
0.578369
0.388428
0.549805
0.661865
0.451904
0.286987
0.661621
0.414551
0.631348
0.557129
0.584229
0.509033
0.750000
0.533447
0.574463
0.398682
0.048157
0.337280
0.541260
0.609375
0.501221
0.496826
0.700684
0.629639
0.153809
0.533691
0.906738
0.297119
0.612305
0.103180
0.781006
0.601562
0.492920
0.441406
0.262939
0.830322
0.142029
0.510254
0.356079
0.360107
0.480469
0.526611
0.869141
0.341064
0.471069
0.441040
0.439697
0.521729
0.366577
0.566650
0.543701
0.567627
0.477661
0.240479
0.193542
0.517334
0.662109
0.211853
0.814697
0.385864
0.200989
0.594482
0.573242
0.693848
0.447144
0.836182
0.636719
0.590088
0.459351
0.578125
0.538330
0.825439
0.515869
0.703613
0.277710
0.689697
0.257568
0.603027
0.508789
0.625488
0.583740
0.751953
0.489990
0.647217
0.291138
0.270020
0.575684
0.654541
0.484619
0.389893
0.625977
0.685547
0.280640
0.610107
0.379150
0.428955
0.446289
0.601074
0.607178
0.316528
0.292236
0.555664
0.729004
0.509521
0.369995
0.303101
0.495728
0.514893
0.607178
0.704346
0.725830
0.187622
0.755859
0.211670
0.720703
0.748047
0.484253
0.294922
0.399048
0.854492
0.270386
0.436157
0.537598
0.552246
0.746094
0.616455
0.681152
0.488892
0.516602
0.584473
0.392334
0.808838
0.137024
0.532227
0.614990
0.394897
0.535156
0.224609
0.495117
0.140686
0.814941
0.634277
0.328491
0.568115
0.847412
0.636719
0.426880
0.327759
0.932861
0.711670
0.294067
0.313843
0.258545
0.833984
0.566406
0.592041
0.747070
0.543945
0.193420
0.374268
0.127014
0.588135
0.479370
0.264038
0.820068
0.797852
0.660645
0.353760
0.607910
0.568848
0.495605
0.719482
0.200684
0.409790
0.400513
0.344604
0.458618
0.713135
0.374756
0.502441
0.538086
0.554932
0.401733
0.796387
0.685059
0.265381
0.686523
0.545166
0.697021
0.582031
0.804932
0.825928
0.466431
0.398926
0.500732
0.282837
0.307495
0.749023
0.636475
0.801025
0.315674
0.243286
0.631348
0.516357
0.542236
0.618164
0.446411
0.700684
0.744873
0.232483
0.790771
0.694580
0.676270
0.489258
0.487549
0.472046
0.757080
0.762207
0.129395
0.566650
0.640381
0.636230
0.688721
0.218140
0.445801
0.889404
0.500977
0.338745
0.636230
0.137634
0.136475
0.837646
0.266602
0.654297
0.464844
0.508545
0.686035
0.914307
0.507812
0.542236
0.731934
0.295166
0.822021
0.518799
0.485596
0.307373
0.405151
0.653320
0.180176
0.420166
0.516357
0.707275
0.353271
0.315918
0.625244
0.500488
0.794678
0.426636
0.425049
0.727783
0.564209
0.447998
0.678467
0.416138
0.215637
0.139404
0.224487
0.901855
0.049683
0.432251
0.439819
0.784180
0.614258
0.259766
0.600342
0.510742
0.567139
0.891602
0.752197
0.635010
0.424683
0.380371
0.453247
0.477783
0.284424
0.378906
0.566406
0.375732
0.505127
0.288818
0.803223
0.654785
0.739258
0.592285
0.367310
0.251221
0.734131
0.591797
0.263550
0.784180
0.321655
0.589355
0.565430
0.936523
0.849365
0.464844
0.560059
0.412720
0.467041
0.308350
0.345337
0.477173
0.574707
0.386230
0.543213
0.860596
0.765137
0.521484
0.346802
0.266602
0.695801
0.149719
0.807129
0.431274
0.441772
0.471680
0.682617
0.473267
0.765869
0.531494
0.845459
0.384277
0.231567
0.407227
0.433838
0.192627
0.572021
0.578857
0.493164
0.452026
0.774414
0.538574
0.514648
0.459961
0.337158
0.469849
0.618896
0.687744
0.576904
0.666748
0.655273
0.571045
0.701904
0.758789
0.113190
0.556885
0.344116
0.797852
0.615723
0.107361
0.625977
0.573242
0.191528
0.860107
0.393677
0.511719
0.349365
0.852051
0.677002
0.543701
0.300537
0.562012
-0.042465
0.151184
0.099365
0.120392
-0.200500
-0.103088
-0.112976
0.080139
0.245605
-0.229675
-0.036148
0.160400
-0.221924
-0.052322
-0.358398
0.050369
0.002084
0.020218
0.053802
-0.191650
0.012024
0.046021
0.274536
-0.015686
0.250732
-0.274414
-0.284058
0.041977
0.287720
-0.251587
-0.123901
-0.192505
0.046448
0.123047
0.074341
0.136047
0.166443
-0.187073
0.216064
0.264282
0.022675
-0.110291
0.133362
-0.051712
-0.161133
0.064392
-0.001961
-0.158936
-0.203918
0.051834
-0.203674
-0.192932
0.096039
-0.220581
-0.061646
0.056549
-0.055756
-0.055878
0.100250
-0.205750
0.130310
-0.024971
-0.108765
0.028000
-0.050095
-0.182251
0.165649
-0.321411
-0.219971
-0.057114
0.231262
0.092224
0.271973
0.076050
0.329468
0.108948
-0.297363
-0.110291
-0.050064
-0.064087
-0.060287
0.184326
0.180542
0.035690
-0.184021
-0.028770
0.093933
0.049759
0.354858
-0.244690
-0.008457
0.045715
0.020401
-0.117401
-0.072205
0.117798
-0.151978
0.240295
0.084686
-0.081848
-0.254517
0.025734
0.009190
-0.274658
-0.335938
0.337891
0.124512
-0.194458
0.227539
0.076050
-0.110962
0.019608
0.259766
-0.077545
0.055267
-0.214355
0.040741
0.148010
-0.015259
-0.043320
-0.096771
-0.172058
0.003983
0.070526
0.001225
-0.068817
0.188293
-0.150757
-0.118622
-0.017159
0.056870
0.063263
-0.279907
0.065796
0.080505
-0.178833
-0.034012
-0.085175
0.064331
-0.245972
-0.009682
0.101471
-0.078857
0.101410
0.023834
0.122375
0.036270
0.064575
-0.018074
-0.128418
0.169861
-0.115570
0.137268
-0.263794
-0.333374
0.138428
0.104919
-0.145203
-0.013020
-0.014889
-0.014950
-0.247559
0.047791
0.142944
0.255859
-0.019302
-0.037094
-0.217407
0.186829
0.029045
-0.025795
0.029533
0.130249
0.042892
-0.157593
0.153564
0.019241
0.167664
-0.220703
0.290649
0.039093
-0.050980
0.175110
0.176208
-0.026535
0.131775
0.024513
0.225952
-0.012806
0.011642
-0.227295
-0.175232
0.203308
-0.325317
-0.033035
0.020401
0.092896
-0.070160
0.094604
-0.010540
-0.042892
-0.221375
0.166992
0.087311
0.112793
0.009438
0.239624
-0.306763
0.176331
0.020004
-0.016220
-0.222290
-0.031067
0.157776
0.099884
0.091675
-0.146545
-0.023224
0.168213
-0.012379
-0.157715
-0.057480
0.250000
0.044388
0.053680
0.215698
0.354858
-0.143494
-0.292725
0.158813
0.135986
0.103668
-0.060791
-0.134827
-0.247925
0.051804
-0.126038
-0.007093
-0.107971
0.049271
0.012867
-0.125366
-0.173279
-0.018135
-0.115875
0.216614
-0.075989
-0.114807
-0.095154
-0.196228
0.309326
0.183716
0.036514
0.120880
0.080505
0.090210
0.046570
-0.002941
0.235596
0.044479
0.157593
0.081268
0.148071
0.096649
-0.054047
0.047180
0.147888
0.109924
0.330200
0.038620
0.159058
-0.094666
-0.086761
0.132141
-0.260132
-0.055023
0.059799
0.101715
0.268921
-0.184143
0.343140
0.140381
-0.148621
0.089630
0.114349
0.079407
0.030945
0.012623
0.076477
-0.022552
-0.233093
-0.056122
0.058701
0.203308
0.329956
0.006189
-0.185547
0.187744
-0.174072
-0.004229
0.226257
-0.162048
0.050247
-0.008087
0.117035
0.227966
-0.062134
0.029167
-0.108704
-0.232117
-0.155029
-0.053986
0.198486
-0.013542
0.323975
0.021935
-0.224915
-0.081085
-0.255005
0.143494
0.043869
-0.050583
-0.061096
-0.045715
0.154541
-0.019485
0.108032
-0.032410
-0.270630
-0.212402
0.110901
-0.190247
0.063171
0.013603
-0.051956
-0.257568
0.239807
0.033401
0.062256
-0.157288
0.238831
0.196899
-0.212463
0.147156
-0.106323
0.111328
-0.268799
-0.041183
0.029594
-0.086060
0.100311
-0.364258
0.153992
-0.249207
0.029472
0.017708
0.020340
-0.153259
-0.014706
0.187195
-0.075562
0.095581
0.144470
-0.013542
-0.180420
-0.195984
0.020218
0.206970
0.125854
0.082397
0.049515
-0.071259
-0.159546
0.274048
0.075745
0.171021
-0.050629
-0.194031
-0.158569
-0.021080
0.011581
-0.058334
0.053436
0.165100
0.128967
-0.207336
-0.108582
-0.288574
-0.070465
-0.270996
0.338135
0.002206
0.261230
0.044983
-0.159668
0.080261
0.137390
0.008087
0.141235
-0.025368
-0.058334
-0.100098
0.193359
-0.069244
0.174500
0.267456
-0.188477
0.123901
-0.074280
-0.056992
0.101044
0.084320
-0.115448
-0.135681
-0.041916
0.303711
0.093536
0.139465
-0.273926
0.171814
0.306152
-0.083405
0.026283
0.130737
0.108459
0.014091
-0.079285
0.247437
-0.124756
0.061829
-0.215759
-0.036148
-0.037628
-0.023468
-0.105560
-0.300903
-0.046204
-0.002206
-0.177551
-0.121002
0.088348
0.071075
0.112366
-0.174805
-0.211792
-0.077209
-0.160278
-0.118256
0.063812
-0.143982
-0.093994
-0.068878
-0.079956
0.368164
-0.228333
0.027313
-0.053680
-0.016914
0.274658
-0.179199
0.044235
-0.232361
0.222290
0.006618
-0.256470
-0.319458
0.142761
0.135071
0.115997
-0.035904
0.163147
-0.087006
-0.110901
0.127930
0.176941
0.115021
0.049454
0.015564
-0.150879
0.113251
0.019119
-0.097412
0.045471
-0.062164
-0.019485
0.106140
-0.035416
-0.220703
0.088470
-0.049149
0.036514
-0.013237
0.008026
-0.177185
0.139771
0.190918
-0.060226
-0.153442
0.035782
0.055756
-0.337036
0.050705
-0.179504
-0.011459
-0.260254
0.143860
-0.334351
-0.209656
0.011703
-0.047546
0.193665
0.030640
0.292603
-0.052200
-0.031494
-0.164551
0.055023
0.372437
0.054047
0.143372
-0.116241
-0.200195
-0.159851
0.039337
-0.088593
0.271729
-0.061157
0.140686
-0.321167
-0.171204
0.196350
-0.220703
-0.121704
-0.272827
0.206543
0.056931
-0.276611
0.018631
-0.300415
0.174438
0.261108
0.040802
0.205139
0.263672
-0.010170
0.173462
0.100800
-0.392944
0.108154
-0.283447
0.188171
0.139587
-0.194763
0.028679
0.030022
0.156006
0.010170
-0.029442
0.006495
0.126709
-0.053741
0.203796
0.194275
0.114594
0.368774
-0.036819
0.023895
-0.346069
-0.164124
0.161072
-0.024139
0.244080
-0.088104
0.033340
0.219360
-0.246216
0.206787
-0.118256
-0.202576
0.024818
0.034714
-0.014523
0.014950
-0.160156
0.014153
0.192444
-0.004168
0.023285
-0.275391
0.003340
0.001838
-0.038910
0.207153
-0.239929
-0.213867
0.137146
0.159668
0.247070
0.228638
0.143127
0.118561
0.056870
0.097595
-0.117218
0.237671
0.168579
-0.215881
0.154297
0.049271
0.019241
0.031555
-0.063721
0.003554
0.046570
0.213928
0.019363
0.090698
-0.226257
0.042038
-0.182983
-0.222839
-0.103180
0.214661
-0.015869
0.094482
0.000735
-0.027023
-0.036026
-0.188232
-0.089752
-0.182495
-0.070343
-0.032837
0.204651
0.250244
0.204712
-0.064575
0.032532
-0.078674
-0.015442
0.199402
-0.195435
-0.079163
0.054779
-0.002451
-0.155457
-0.217163
-0.057816
0.055847
-0.173340
0.195862
0.269897
-0.128967
0.120331
-0.184875
0.254272
-0.315674
-0.064331
-0.071869
-0.066223
0.137207
0.035172
-0.285278
-0.185974
-0.050430
0.111877
0.167419
-0.263672
-0.293213
-0.058945
0.158508
0.195007
0.183899
0.078308
-0.040497
0.180786
-0.223145
0.181152
0.270508
-0.168396
0.296631
0.028000
-0.044479
-0.270874
-0.140137
-0.082367
-0.016510
-0.018135
-0.079163
0.341431
0.111633
0.131897
-0.168152
0.600586
-0.256592
0.097961
-0.188477
0.061813
0.117706
0.282349
0.347168
0.240051
0.093781
0.120667
0.086151
0.125427
0.119843
0.511230
-0.016434
0.456909
0.461426
0.309082
0.181885
-0.224182
-0.406494
-0.100677
0.000153
-0.021935
0.119659
0.021492
-0.295410
-0.385986
-0.465942
0.053101
-0.405151
-0.102844
0.151123
0.023743
-0.141907
-0.248230
-0.212891
-0.411987
-0.008568
0.400269
-0.288940
0.077637
0.008011
-0.169128
-0.026146
-0.010326
0.287964
-0.083832
-0.316284
-0.047150
-0.408936
-0.205994
-0.148132
-0.308350
-0.328369
-0.030693
0.232605
-0.008625
0.202942
0.383789
0.044052
-0.101685
-0.337036
0.293579
0.439331
0.040451
-0.055481
-0.290894
0.143372
-0.063629
0.209656
-0.045258
0.013855
0.119598
-0.214111
-0.115204
0.008732
0.073853
0.418213
0.309937
0.026344
0.528809
0.002941
-0.023529
-0.396851
-0.224731
0.462769
-0.164490
0.383545
0.048233
-0.398315
-0.187317
0.463745
-0.218140
0.206604
0.386230
-0.179749
-0.365479
0.195740
-0.034195
0.087891
0.306763
-0.079529
0.101105
-0.190979
0.323730
-0.011642
0.432617
0.397583
-0.110352
0.127441
0.421997
-0.199280
0.228760
0.398438
0.023598
0.003659
0.245972
0.373535
0.389526
0.294067
-0.024590
-0.314697
0.241150
0.276489
-0.210510
0.109894
0.096558
-0.059418
0.207458
0.162781
-0.488892
0.413818
0.184143
-0.385132
-0.396973
-0.109467
0.218384
0.035553
-0.328979
-0.509766
0.162964
-0.424316
-0.091248
-0.223511
-0.023514
-0.168213
-0.119415
-0.294922
0.205261
0.169678
-0.000858
0.183105
-0.146973
-0.377197
-0.059464
-0.355103
-0.367676
-0.063263
0.202698
-0.162415
0.200500
0.233093
0.250977
0.284058
0.465210
-0.146057
-0.442871
0.166199
-0.108154
-0.154846
0.171265
0.153381
-0.059769
0.079956
-0.070282
-0.083466
-0.088257
0.327393
0.138367
-0.400024
-0.120178
0.135193
-0.216797
-0.164368
0.375488
-0.377075
0.097595
0.009872
-0.342041
0.199829
-0.152527
0.374756
-0.084167
0.098724
0.141968
-0.238953
-0.047363
0.218018
-0.072754
-0.157471
0.161621
0.100891
-0.002259
0.101746
0.281372
-0.072571
0.016281
-0.423950
-0.362915
0.254639
-0.206604
0.134705
-0.224976
0.193542
-0.030083
0.049789
-0.185669
-0.035049
0.057693
-0.010723
-0.352173
0.008064
-0.150391
0.080566
0.005913
-0.008732
-0.057938
0.056961
0.209167
-0.128296
-0.098663
-0.244141
-0.029411
-0.100922
-0.144348
0.251831
-0.173401
0.491699
0.344849
0.081238
0.128906
-0.379395
-0.301392
-0.198547
-0.288208
0.185303
-0.045990
0.143372
0.150330
-0.505127
0.235474
0.312988
0.017250
0.084747
-0.123474
0.023056
0.075867
-0.178894
-0.534912
0.287598
0.209656
-0.116730
0.041290
0.180054
-0.117218
-0.103119
-0.187500
0.323975
-0.228821
-0.357666
0.305054
-0.198425
-0.121826
-0.096924
-0.296509
0.209656
-0.428467
0.272461
-0.264282
0.337036
0.386841
-0.028831
0.135193
-0.112823
-0.461060
0.011765
0.427490
0.134033
-0.167786
-0.007551
-0.095459
-0.475220
0.491089
-0.054108
0.319702
-0.243958
0.460083
-0.482666
-0.020355
0.233032
-0.223267
0.387451
0.133118
-0.344971
-0.226990
0.353394
0.381348
-0.138123
0.111298
-0.397339
0.299072
-0.021278
0.090363
-0.183289
-0.234558
0.248718
0.448120
0.192505
-0.134521
-0.337036
0.182983
-0.131470
-0.192810
0.056656
0.431274
0.026550
0.429932
0.271851
-0.355713
0.410034
-0.112488
-0.064362
0.280029
-0.079865
0.109894
0.051193
-0.243408
-0.027847
-0.087067
-0.031738
0.091492
0.214355
-0.153503
0.182251
0.131531
0.126465
-0.086426
0.478760
-0.195496
0.293823
-0.372803
-0.012470
0.061920
-0.048676
0.046509
-0.124329
-0.024170
-0.042892
-0.369873
0.139038
-0.250366
0.035049
0.074585
0.029716
0.055267
0.282959
-0.017265
-0.188293
0.156799
-0.004320
-0.222046
-0.269043
0.210022
0.140930
-0.086853
0.243164
0.269897
-0.275757
0.204895
-0.444580
0.118713
0.348999
0.160278
0.079742
-0.319458
0.104187
0.055939
0.276001
0.063690
0.203308
-0.202332
0.430420
-0.279053
0.487427
-0.054520
0.293091
0.155029
-0.074158
0.105042
-0.205200
-0.078522
0.500244
0.042740
0.131836
0.026398
-0.044144
-0.142090
-0.222839
0.197083
-0.039658
-0.150391
-0.199280
-0.306030
-0.090729
0.497681
-0.008335
0.115967
-0.061310
-0.349731
-0.337402
0.141541
0.062927
0.092987
-0.037064
-0.064514
0.036041
0.253784
0.090393
0.062195
-0.158020
0.401611
-0.013969
0.344604
-0.172913
-0.499512
-0.246826
0.400146
-0.026642
0.147644
0.082367
-0.066284
-0.003247
0.400146
0.244934
0.004473
0.280518
0.136658
-0.396606
0.217163
-0.112976
-0.219360
0.358765
-0.047729
-0.124115
-0.197388
-0.212769
-0.088104
0.058823
-0.022324
-0.123901
-0.199646
0.278931
-0.139832
-0.472656
-0.412964
-0.022377
-0.102203
-0.111237
-0.149414
0.043365
-0.030838
0.401733
0.040131
-0.248169
0.029213
0.046631
0.030251
-0.351074
0.164917
0.249817
0.153198
-0.052155
0.091095
0.003095
0.440552
0.413086
-0.109680
-0.266846
0.371094
-0.234558
-0.290649
-0.345459
0.044174
0.186768
-0.198547
0.250977
0.062057
-0.202393
-0.479736
0.013062
-0.157043
0.106812
0.314209
0.400146
-0.141479
0.242920
-0.072266
-0.111298
-0.007828
0.094482
0.037689
0.044632
0.042374
0.229492
-0.466919
-0.033920
0.025276
-0.061630
0.215820
-0.122681
0.223022
0.025833
0.148804
0.267334
0.112213
-0.051834
-0.001180
0.075745
-0.352539
0.136536
-0.530762
0.107727
0.142395
0.300415
-0.109528
0.000889
0.026161
-0.179993
-0.110443
0.017937
0.014950
0.027618
0.165588
-0.043106
-0.360352
0.213379
-0.079498
0.280396
0.050888
-0.380615
0.157227
-0.243164
-0.455322
-0.308960
0.026222
0.174255
0.156128
-0.075470
0.350464
0.420654
0.163696
0.436523
0.428101
-0.311157
0.121918
-0.198486
0.307007
-0.369385
0.238892
0.196594
-0.248657
0.151428
-0.292847
-0.185730
0.108215
-0.035294
0.027771
0.028664
-0.372437
0.078552
-0.354126
-0.112335
-0.162537
-0.189514
0.095581
-0.136475
0.084869
-0.267700
-0.113464
0.332764
0.055084
-0.050095
0.151855
-0.036316
0.255981
-0.245667
0.382568
-0.054474
0.004658
0.003967
-0.375000
-0.245972
0.054993
-0.050491
0.185608
0.161133
-0.085785
0.112762
0.189331
0.161621
0.291138
-0.162231
0.048660
0.128662
0.263062
0.041946
-0.007706
0.247314
-0.225769
0.498657
0.062988
-0.070679
-0.070526
-0.304565
-0.104614
0.185425
-0.030975
0.177307
0.130859
0.074127
0.181763
-0.143738
-0.171875
-0.380737
0.425659
0.013649
0.400024
-0.279785
-0.390503
0.070404
0.498779
-0.199707
-0.092316
0.445312
-0.169006
-0.446655
-0.029900
-0.078308
0.315674
-0.153198
-0.197144
-0.138489
-0.324341
0.251221
0.076416
0.186279
-0.080353
-0.471558
-0.251221
-0.564941
0.217896
0.030960
-0.091278
-0.054596
0.164978
0.231262
-0.042862
0.048126
-0.046005
0.183472
0.019974
-0.164612
-0.018181
0.442505
0.383301
0.429810
0.098724
-0.163818
-0.263672
0.414062
-0.417480
