0.494045
0.387253
0.284439
0.300583
0.509430
0.315674
0.582794
0.813873
0.375656
0.733459
0.595245
0.348770
0.553192
0.710754
0.783447
0.136971
0.388062
0.617920
0.192764
0.389786
0.124611
0.389175
0.379990
0.200668
0.255447
0.608582
0.643921
0.503113
0.199852
0.648682
0.651886
0.579529
0.736938
0.636169
0.582275
0.657074
0.653992
0.462479
0.467041
0.325882
0.306931
0.647644
0.262314
0.559967
0.354919
0.457657
0.698059
0.742981
0.661438
0.890839
0.833771
0.788361
0.279572
0.801483
0.690002
0.120419
0.521027
0.744629
0.623993
0.606415
0.503845
0.274246
0.597839
0.539307
0.207855
0.476349
0.192909
0.747406
0.639099
0.547791
0.487442
0.357880
0.306412
0.335602
0.330811
0.664825
0.678802
0.914398
0.403885
0.451950
0.804840
0.350937
0.350830
0.080494
0.448654
0.337082
0.201363
0.381531
0.192719
0.713196
0.687744
0.585571
0.398132
0.281662
0.421600
0.305817
0.461746
0.315506
0.467392
0.511536
0.748871
0.540192
0.871704
0.644135
0.761322
0.199753
0.719635
0.552307
0.110264
0.120060
0.704071
0.211349
0.472183
0.353882
0.291855
0.506226
0.391983
0.495499
0.587982
0.472549
0.204788
0.573212
0.054668
0.303940
0.268311
0.477448
0.609772
0.730072
0.378311
0.662537
0.653503
0.239998
0.788574
0.521271
0.295273
0.661621
0.606567
0.600311
0.324402
0.605896
0.721497
0.731079
0.517029
0.492249
0.081028
0.512207
0.698730
0.473007
0.593536
0.586487
0.647034
0.799469
0.270203
0.587250
0.689270
0.538513
0.175194
0.295120
0.265823
0.555817
0.661407
0.507019
0.796967
0.560486
0.138771
0.388489
0.220467
0.634338
0.401108
0.545319
0.350754
0.418839
0.272461
0.567627
0.496933
0.354660
0.376526
0.608673
0.715515
0.381927
0.191231
0.358627
0.177505
0.461426
0.360016
0.277466
0.589264
0.235046
0.575348
0.855072
0.677612
0.532990
0.473038
0.771301
0.090717
0.499664
0.270279
0.311188
0.545197
0.256760
0.859985
0.481308
0.378189
0.128510
0.461243
0.875153
0.485474
0.725616
0.481064
0.198692
0.103634
0.557861
0.557312
0.283447
0.722595
0.617615
0.446899
0.608093
0.152390
0.723236
0.759857
0.830414
0.366745
0.231277
0.714508
0.459778
0.141655
0.570190
0.657654
0.273392
0.241547
0.628632
0.755157
0.505310
0.644989
0.212494
0.377701
0.128151
0.639130
0.861053
0.326843
0.745056
0.414993
0.884186
0.325912
0.548279
0.801544
0.472656
0.742249
0.539703
0.308731
0.614899
0.780853
0.562195
0.142441
0.491455
0.607361
0.170815
0.474594
0.678467
0.444656
0.301544
0.303162
0.195885
0.808014
0.649139
0.409546
0.596405
0.187988
0.047049
0.453537
0.400375
0.792114
0.570709
0.583527
0.817841
0.705994
0.495560
0.402664
0.746765
0.145805
0.596924
0.659088
0.512054
0.458115
0.501373
0.302017
0.362900
0.672180
0.363632
0.626740
0.702240
0.665161
0.344055
0.309967
0.469727
0.879242
0.304901
0.651520
0.365753
0.351959
0.404037
0.466385
0.440323
0.675751
0.160461
0.255875
0.677979
0.542694
0.546387
0.420837
0.274384
0.554016
0.490616
0.200584
0.598724
0.578522
0.388580
0.549713
0.661896
0.452072
0.287003
0.661499
0.414658
0.631531
0.557312
0.584229
0.509094
0.750061
0.533569
0.574707
0.398712
0.048174
0.337311
0.541168
0.609467
0.501251
0.496872
0.700897
0.629852
0.153786
0.533569
0.906525
0.297104
0.612335
0.103180
0.781372
0.601532
0.492950
0.441605
0.262955
0.830566
0.142059
0.510315
0.356216
0.360138
0.480591
0.526978
0.869232
0.341187
0.471268
0.441147
0.439743
0.521759
0.366608
0.566742
0.543549
0.567719
0.477768
0.240494
0.193611
0.517548
0.661926
0.211830
0.814636
0.385956
0.201012
0.594421
0.573334
0.693939
0.447159
0.836304
0.636688
0.590424
0.459442
0.578278
0.538239
0.825562
0.515961
0.703705
0.277740
0.689789
0.257660
0.603058
0.508942
0.625458
0.583954
0.752289
0.489838
0.647552
0.291351
0.270020
0.575836
0.654724
0.484604
0.390045
0.626099
0.685608
0.280701
0.610138
0.379135
0.428879
0.446426
0.601196
0.606964
0.316559
0.292313
0.555878
0.729126
0.509674
0.370102
0.303131
0.495743
0.514923
0.607178
0.704498
0.725769
0.187637
0.755829
0.211685
0.720764
0.748199
0.484451
0.294968
0.398987
0.854614
0.270370
0.436218
0.537476
0.552277
0.746216
0.616455
0.681396
0.488846
0.516632
0.584625
0.392395
0.808960
0.137024
0.532227
0.614899
0.394974
0.535187
0.224602
0.495285
0.140732
0.815063
0.634491
0.328369
0.568176
0.847351
0.636841
0.426880
0.327896
0.932922
0.711853
0.294189
0.313843
0.258621
0.833984
0.566345
0.592468
0.747131
0.544037
0.193459
0.374268
0.127029
0.588165
0.479477
0.264069
0.820221
0.798096
0.660675
0.353806
0.608093
0.568939
0.495712
0.719452
0.200676
0.409897
0.400467
0.344727
0.458588
0.713318
0.374756
0.502502
0.538055
0.554962
0.401733
0.796661
0.685181
0.265533
0.686584
0.545105
0.697388
0.582184
0.804932
0.826080
0.466568
0.398849
0.500824
0.282867
0.307465
0.749176
0.636627
0.801086
0.315781
0.243340
0.631531
0.516449
0.542267
0.618530
0.446579
0.700714
0.744843
0.232460
0.790894
0.694794
0.676453
0.489319
0.487534
0.472122
0.757141
0.762207
0.129379
0.566742
0.640625
0.636444
0.689026
0.218140
0.445984
0.889709
0.501007
0.338821
0.636536
0.137665
0.136444
0.837860
0.266556
0.654694
0.464859
0.508636
0.686218
0.914185
0.507904
0.542023
0.732056
0.295303
0.822174
0.518982
0.485626
0.307404
0.405304
0.653503
0.180130
0.420227
0.516418
0.707489
0.353363
0.315994
0.625427
0.500366
0.794983
0.426605
0.425018
0.727753
0.564270
0.448181
0.678497
0.416214
0.215660
0.139412
0.224586
0.901855
0.049679
0.432327
0.439972
0.783997
0.614349
0.259872
0.600403
0.510681
0.567261
0.891693
0.752289
0.635223
0.424744
0.380402
0.453232
0.477921
0.284546
0.378845
0.566437
0.375748
0.505280
0.288818
0.803375
0.654938
0.739319
0.592377
0.367401
0.251205
0.734100
0.592010
0.263580
0.784180
0.321732
0.589569
0.565460
0.936493
0.849426
0.464874
0.560028
0.412766
0.467117
0.308395
0.345428
0.477234
0.574799
0.386337
0.543304
0.860474
0.765167
0.521576
0.346786
0.266525
0.695923
0.149712
0.807037
0.431320
0.441910
0.471848
0.682526
0.473404
0.765961
0.531494
0.845306
0.384369
0.231575
0.407318
0.433731
0.192688
0.572021
0.579132
0.493286
0.452118
0.774689
0.538544
0.514740
0.460022
0.337189
0.469894
0.619049
0.687744
0.576874
0.666840
0.655731
0.571350
0.702118
0.759003
0.113205
0.557007
0.344116
0.798004
0.615814
0.107342
0.626221
0.573242
0.191559
0.860107
0.393570
0.512024
0.349472
0.852325
0.677002
0.543793
0.300522
0.562195
-0.042494
0.151085
0.099354
0.120373
-0.200584
-0.103111
-0.113182
0.080040
0.245461
-0.229721
-0.036228
0.160370
-0.221985
-0.052528
-0.358536
0.050348
0.002030
0.020144
0.053764
-0.191704
0.012008
0.045963
0.274353
-0.015694
0.250656
-0.274460
-0.284195
0.041874
0.287628
-0.251663
-0.123943
-0.192581
0.046431
0.122978
0.074242
0.135986
0.166344
-0.187088
0.216011
0.264221
0.022618
-0.110348
0.133316
-0.051785
-0.161163
0.064354
-0.002022
-0.159126
-0.203918
0.051746
-0.203827
-0.193054
0.095997
-0.220749
-0.061733
0.056522
-0.055790
-0.055790
0.100090
-0.205872
0.130234
-0.024973
-0.108883
0.027933
-0.050137
-0.182220
0.165619
-0.321503
-0.220024
-0.057230
0.231125
0.092155
0.271851
0.076019
0.329361
0.108963
-0.297348
-0.110355
-0.050161
-0.064140
-0.060341
0.184296
0.180527
0.035669
-0.184036
-0.028803
0.093899
0.049740
0.354843
-0.244835
-0.008533
0.045649
0.020312
-0.117428
-0.072292
0.117767
-0.152077
0.240334
0.084682
-0.081963
-0.254623
0.025659
0.009053
-0.274612
-0.336044
0.337830
0.124477
-0.194534
0.227478
0.076035
-0.111084
0.019573
0.259735
-0.077560
0.055246
-0.214417
0.040640
0.148010
-0.015372
-0.043375
-0.096828
-0.172073
0.003976
0.070492
0.001206
-0.068897
0.188248
-0.150864
-0.118706
-0.017202
0.056725
0.063255
-0.279968
0.065792
0.080475
-0.178879
-0.034077
-0.085163
0.064316
-0.246010
-0.009727
0.101395
-0.078861
0.101334
0.023819
0.122265
0.036213
0.064461
-0.018145
-0.128464
0.169807
-0.115547
0.137177
-0.263947
-0.333481
0.138390
0.104877
-0.145233
-0.013055
-0.014959
-0.014859
-0.247597
0.047733
0.142876
0.255936
-0.019378
-0.037128
-0.217567
0.186722
0.028891
-0.025873
0.029428
0.130287
0.042847
-0.157677
0.153526
0.019248
0.167526
-0.220863
0.290649
0.039070
-0.051058
0.175102
0.176254
-0.026570
0.131744
0.024509
0.225891
-0.012921
0.011443
-0.227341
-0.175354
0.203270
-0.325500
-0.033062
0.020343
0.092834
-0.070190
0.094608
-0.010581
-0.042999
-0.221397
0.167007
0.087276
0.112728
0.009329
0.239670
-0.306900
0.176270
0.019941
-0.016240
-0.222374
-0.031112
0.157722
0.099754
0.091606
-0.146538
-0.023323
0.168205
-0.012454
-0.157753
-0.057446
0.249901
0.044386
0.053646
0.215691
0.354874
-0.143661
-0.292770
0.158775
0.135895
0.103645
-0.060923
-0.134819
-0.247917
0.051800
-0.126083
-0.007121
-0.108089
0.049065
0.012822
-0.125458
-0.173302
-0.018306
-0.115891
0.216591
-0.075996
-0.114849
-0.095165
-0.196213
0.309280
0.183670
0.036505
0.120880
0.080463
0.090126
0.046446
-0.002957
0.235474
0.044378
0.157524
0.081230
0.148026
0.096607
-0.054167
0.047104
0.147842
0.109898
0.330124
0.038612
0.158958
-0.094780
-0.086842
0.132111
-0.260086
-0.055162
0.059696
0.101639
0.268829
-0.184181
0.343170
0.140396
-0.148697
0.089508
0.114277
0.079350
0.030929
0.012561
0.076393
-0.022595
-0.233192
-0.056204
0.058624
0.203247
0.329956
0.006173
-0.185646
0.187660
-0.174065
-0.004259
0.226280
-0.162102
0.050253
-0.008157
0.117020
0.227882
-0.062180
0.029120
-0.108761
-0.232201
-0.155075
-0.054029
0.198341
-0.013626
0.323914
0.021891
-0.224968
-0.081169
-0.255096
0.143272
0.043812
-0.050583
-0.061098
-0.045719
0.154381
-0.019547
0.108059
-0.032421
-0.270737
-0.212471
0.110909
-0.190323
0.063145
0.013580
-0.052046
-0.257553
0.239754
0.033356
0.062271
-0.157433
0.238876
0.196754
-0.212601
0.147072
-0.106426
0.111320
-0.268738
-0.041277
0.029572
-0.086136
0.100292
-0.364319
0.153984
-0.249229
0.029388
0.017654
0.020236
-0.153282
-0.014767
0.187218
-0.075611
0.095558
0.144455
-0.013603
-0.180420
-0.196007
0.020113
0.206909
0.125763
0.082367
0.049471
-0.071362
-0.159729
0.274017
0.075722
0.170990
-0.050676
-0.194153
-0.158707
-0.021109
0.011558
-0.058411
0.053415
0.164970
0.128952
-0.207336
-0.108646
-0.288544
-0.070488
-0.270996
0.338104
0.002053
0.261124
0.044823
-0.159698
0.080116
0.137253
0.007981
0.141159
-0.025398
-0.058353
-0.100090
0.193367
-0.069363
0.174500
0.267395
-0.188515
0.123821
-0.074333
-0.057077
0.101002
0.084213
-0.115498
-0.135719
-0.042080
0.303589
0.093521
0.139404
-0.273956
0.171745
0.306107
-0.083447
0.026225
0.130669
0.108395
0.014109
-0.079334
0.247360
-0.124924
0.061815
-0.215752
-0.036274
-0.037699
-0.023506
-0.105629
-0.300919
-0.046251
-0.002298
-0.177666
-0.121170
0.088203
0.070927
0.112331
-0.174866
-0.211800
-0.077320
-0.160286
-0.118267
0.063801
-0.144104
-0.094109
-0.068935
-0.079979
0.368118
-0.228401
0.027285
-0.053783
-0.017035
0.274628
-0.179291
0.044226
-0.232384
0.222168
0.006518
-0.256470
-0.319458
0.142746
0.134995
0.115967
-0.036045
0.163109
-0.087093
-0.111015
0.127876
0.176888
0.114922
0.049425
0.015472
-0.150948
0.113232
0.018934
-0.097488
0.045420
-0.062166
-0.019493
0.106030
-0.035463
-0.220871
0.088436
-0.049242
0.036444
-0.013227
0.007927
-0.177399
0.139748
0.190880
-0.060263
-0.153526
0.035730
0.055683
-0.337143
0.050694
-0.179558
-0.011566
-0.260269
0.143776
-0.334366
-0.209724
0.011650
-0.047602
0.193642
0.030599
0.292633
-0.052191
-0.031572
-0.164589
0.054979
0.372375
0.053984
0.143402
-0.116283
-0.200294
-0.159958
0.039230
-0.088680
0.271637
-0.061152
0.140610
-0.321304
-0.171295
0.196297
-0.220749
-0.121738
-0.272827
0.206543
0.056824
-0.276642
0.018612
-0.300476
0.174446
0.261154
0.040762
0.205040
0.263626
-0.010294
0.173462
0.100758
-0.393051
0.108139
-0.283554
0.188072
0.139435
-0.194832
0.028708
0.029956
0.155914
0.010202
-0.029496
0.006388
0.126610
-0.053799
0.203835
0.194290
0.114597
0.368713
-0.036880
0.023859
-0.346207
-0.164146
0.161087
-0.024173
0.243996
-0.088280
0.033302
0.219200
-0.246170
0.206757
-0.118324
-0.202637
0.024762
0.034704
-0.014549
0.014909
-0.160110
0.014158
0.192451
-0.004213
0.023238
-0.275345
0.003317
0.001685
-0.039001
0.207146
-0.240036
-0.213959
0.137024
0.159668
0.247032
0.228531
0.143089
0.118568
0.056793
0.097519
-0.117287
0.237679
0.168571
-0.215866
0.154274
0.049112
0.019195
0.031471
-0.063755
0.003523
0.046385
0.213829
0.019393
0.090664
-0.226387
0.042034
-0.182968
-0.223061
-0.103279
0.214615
-0.015924
0.094418
0.000659
-0.027061
-0.036060
-0.188324
-0.089790
-0.182533
-0.070312
-0.032997
0.204575
0.250107
0.204666
-0.064568
0.032515
-0.078754
-0.015457
0.199295
-0.195435
-0.079212
0.054672
-0.002604
-0.155510
-0.217209
-0.057819
0.055820
-0.173462
0.195793
0.269897
-0.129135
0.120266
-0.184883
0.254257
-0.315674
-0.064369
-0.071938
-0.066284
0.137115
0.035095
-0.285324
-0.186012
-0.050482
0.111794
0.167374
-0.263763
-0.293411
-0.058962
0.158493
0.194885
0.183876
0.078156
-0.040579
0.180687
-0.223221
0.181068
0.270447
-0.168541
0.296616
0.027948
-0.044519
-0.270828
-0.140205
-0.082397
-0.016567
-0.018175
-0.079174
0.341461
0.111694
0.131950
-0.168289
0.600342
-0.256714
0.097897
-0.188515
0.061785
0.117714
0.282349
0.347244
0.239975
0.093605
0.120667
0.086143
0.125298
0.119881
0.511230
-0.016433
0.456757
0.461365
0.309052
0.181862
-0.224289
-0.406693
-0.100788
0.000134
-0.022074
0.119591
0.021358
-0.295624
-0.386124
-0.466095
0.053144
-0.405167
-0.102985
0.151039
0.023740
-0.141975
-0.248253
-0.212944
-0.412140
-0.008635
0.400085
-0.289047
0.077496
0.008000
-0.169167
-0.026212
-0.010440
0.287994
-0.083885
-0.316376
-0.047159
-0.408936
-0.206062
-0.148338
-0.308411
-0.328491
-0.030755
0.232391
-0.008703
0.202980
0.383698
0.044071
-0.101814
-0.337067
0.293503
0.439362
0.040405
-0.055515
-0.290985
0.143288
-0.063763
0.209503
-0.045366
0.013776
0.119560
-0.214127
-0.115219
0.008736
0.073883
0.418335
0.309769
0.026333
0.528839
0.002960
-0.023637
-0.396973
-0.224754
0.462631
-0.164551
0.383560
0.048206
-0.398239
-0.187340
0.463837
-0.218277
0.206535
0.386185
-0.179901
-0.365585
0.195572
-0.034176
0.087688
0.306747
-0.079529
0.101089
-0.191101
0.323776
-0.011719
0.432648
0.397644
-0.110405
0.127441
0.421951
-0.199371
0.228767
0.398331
0.023496
0.003644
0.245964
0.373566
0.389633
0.294159
-0.024690
-0.314728
0.241005
0.276505
-0.210556
0.109764
0.096588
-0.059492
0.207420
0.162804
-0.488800
0.413788
0.184067
-0.385300
-0.397110
-0.109581
0.218384
0.035566
-0.328949
-0.509796
0.163010
-0.424408
-0.091358
-0.223602
-0.023673
-0.168243
-0.119572
-0.295090
0.205330
0.169701
-0.000888
0.183075
-0.147026
-0.377304
-0.059492
-0.355164
-0.367859
-0.063255
0.202751
-0.162453
0.200333
0.232994
0.250946
0.284027
0.465118
-0.146149
-0.442947
0.166092
-0.108166
-0.154869
0.171280
0.153198
-0.059832
0.079941
-0.070366
-0.083469
-0.088306
0.327499
0.138474
-0.399994
-0.120201
0.135155
-0.216927
-0.164429
0.375305
-0.377182
0.097446
0.009860
-0.342056
0.199829
-0.152603
0.374924
-0.084198
0.098743
0.141953
-0.238907
-0.047375
0.218056
-0.072838
-0.157570
0.161560
0.100883
-0.002295
0.101742
0.281219
-0.072662
0.016248
-0.424118
-0.362946
0.254700
-0.206665
0.134666
-0.225121
0.193459
-0.030150
0.049812
-0.185707
-0.035126
0.057663
-0.010727
-0.352310
0.007864
-0.150391
0.080521
0.005848
-0.008846
-0.057987
0.056837
0.209229
-0.128380
-0.098667
-0.244209
-0.029504
-0.100971
-0.144485
0.251709
-0.173615
0.491592
0.344650
0.081234
0.128906
-0.379379
-0.301498
-0.198593
-0.288330
0.185371
-0.045963
0.143379
0.150276
-0.505341
0.235466
0.312973
0.017164
0.084675
-0.123497
0.023037
0.075859
-0.179092
-0.535095
0.287506
0.209572
-0.116745
0.041292
0.180099
-0.117321
-0.103203
-0.187592
0.324081
-0.228996
-0.357941
0.304947
-0.198441
-0.121906
-0.096943
-0.296646
0.209625
-0.428574
0.272400
-0.264404
0.337112
0.386917
-0.028945
0.135109
-0.112938
-0.461258
0.011611
0.427490
0.134041
-0.167847
-0.007579
-0.095474
-0.475281
0.491089
-0.054182
0.319839
-0.244057
0.460037
-0.482773
-0.020356
0.233086
-0.223251
0.387360
0.133018
-0.345123
-0.226959
0.353409
0.381531
-0.138123
0.111225
-0.397491
0.298996
-0.021290
0.090214
-0.183304
-0.234596
0.248787
0.448166
0.192535
-0.134575
-0.337097
0.182953
-0.131683
-0.192917
0.056614
0.431152
0.026547
0.429993
0.271790
-0.355804
0.410034
-0.112522
-0.064453
0.280014
-0.079865
0.109879
0.051018
-0.243462
-0.028026
-0.087078
-0.031847
0.091515
0.214317
-0.153511
0.182144
0.131416
0.126534
-0.086468
0.478775
-0.195534
0.293961
-0.372894
-0.012580
0.061914
-0.048784
0.046457
-0.124329
-0.024241
-0.042969
-0.369949
0.138977
-0.250351
0.034969
0.074562
0.029684
0.055101
0.282776
-0.017257
-0.188339
0.156815
-0.004335
-0.222191
-0.269058
0.209984
0.140953
-0.086929
0.243027
0.269882
-0.275772
0.204842
-0.444702
0.118587
0.348953
0.160149
0.079742
-0.319626
0.104237
0.055801
0.275970
0.063671
0.203308
-0.202446
0.430374
-0.279114
0.487534
-0.054562
0.293015
0.154938
-0.074223
0.105076
-0.205238
-0.078571
0.500305
0.042715
0.131828
0.026260
-0.044184
-0.142143
-0.222870
0.197060
-0.039694
-0.150520
-0.199333
-0.306091
-0.090729
0.497849
-0.008303
0.115913
-0.061344
-0.349747
-0.337418
0.141586
0.062840
0.092960
-0.037151
-0.064648
0.035994
0.253845
0.090321
0.062159
-0.158089
0.401718
-0.013970
0.344620
-0.172989
-0.499542
-0.246895
0.400253
-0.026657
0.147652
0.082333
-0.066345
-0.003236
0.400024
0.244957
0.004396
0.280487
0.136688
-0.396713
0.217133
-0.113052
-0.219498
0.358704
-0.047798
-0.124130
-0.197456
-0.212807
-0.088120
0.058792
-0.022482
-0.123928
-0.199654
0.278854
-0.139923
-0.472809
-0.413147
-0.022438
-0.102283
-0.111237
-0.149467
0.043371
-0.030910
0.401627
0.040131
-0.248268
0.029170
0.046568
0.030212
-0.351151
0.164856
0.249741
0.153221
-0.052200
0.091061
0.003033
0.440689
0.413025
-0.109772
-0.266846
0.371094
-0.234657
-0.290771
-0.345581
0.044195
0.186737
-0.198555
0.250870
0.061907
-0.202469
-0.479782
0.012834
-0.157074
0.106739
0.314072
0.400070
-0.141510
0.242889
-0.072399
-0.111313
-0.007864
0.094517
0.037683
0.044588
0.042326
0.229538
-0.466965
-0.033995
0.025180
-0.061754
0.215790
-0.122765
0.223038
0.025803
0.148705
0.267242
0.112171
-0.051884
-0.001268
0.075722
-0.352692
0.136383
-0.530884
0.107658
0.142349
0.300278
-0.109676
0.000831
0.026149
-0.180008
-0.110455
0.017920
0.014920
0.027617
0.165337
-0.043152
-0.360245
0.213333
-0.079544
0.280365
0.050854
-0.380753
0.157204
-0.243118
-0.455338
-0.309097
0.026191
0.174263
0.156059
-0.075451
0.350372
0.420807
0.163734
0.436554
0.428085
-0.311340
0.121834
-0.198608
0.306931
-0.369431
0.238785
0.196487
-0.248695
0.151314
-0.292908
-0.185768
0.108196
-0.035339
0.027587
0.028666
-0.372391
0.078461
-0.354095
-0.112400
-0.162621
-0.189606
0.095558
-0.136429
0.084656
-0.267807
-0.113506
0.332657
0.055025
-0.050150
0.151825
-0.036318
0.255951
-0.245773
0.382507
-0.054527
0.004645
0.003895
-0.375046
-0.246078
0.054848
-0.050535
0.185593
0.161011
-0.085876
0.112804
0.189293
0.161560
0.291260
-0.162376
0.048800
0.128654
0.263016
0.041954
-0.007753
0.247322
-0.225838
0.498566
0.062962
-0.070793
-0.070599
-0.304626
-0.104698
0.185356
-0.030971
0.177422
0.130852
0.074059
0.181740
-0.143799
-0.171997
-0.380814
0.425491
0.013591
0.400040
-0.279800
-0.390610
0.070316
0.498795
-0.199722
-0.092449
0.445175
-0.169044
-0.446808
-0.029871
-0.078430
0.315536
-0.153282
-0.197250
-0.138519
-0.324463
0.251205
0.076283
0.186226
-0.080460
-0.471695
-0.251312
-0.564972
0.217758
0.030803
-0.091358
-0.054588
0.164993
0.231354
-0.043003
0.048046
-0.046000
0.183388
0.020006
-0.164604
-0.018353
0.442581
0.383377
0.429642
0.098572
-0.163895
-0.263794
0.414108
-0.417557
