0.494144
0.387258
0.284443
0.300572
0.509443
0.315675
0.582794
0.813904
0.375663
0.733467
0.595224
0.348762
0.553198
0.710752
0.783464
0.136972
0.388070
0.617949
0.192769
0.389776
0.124612
0.389172
0.380008
0.200666
0.255463
0.608564
0.643932
0.503113
0.199854
0.648663
0.651897
0.579554
0.736921
0.636169
0.582254
0.657063
0.653971
0.462470
0.467043
0.325887
0.306910
0.647646
0.262330
0.559938
0.354926
0.457664
0.698084
0.742996
0.661440
0.890850
0.833775
0.788353
0.279576
0.801462
0.690020
0.120420
0.521000
0.744652
0.623981
0.606409
0.503839
0.274259
0.597830
0.539314
0.207851
0.476336
0.192902
0.747375
0.639082
0.547800
0.487435
0.357862
0.306419
0.335593
0.330800
0.664820
0.678806
0.914436
0.403894
0.451944
0.804838
0.350941
0.350823
0.080494
0.448655
0.337094
0.201361
0.381525
0.192718
0.713196
0.687761
0.585585
0.398153
0.281671
0.421596
0.305831
0.461757
0.315498
0.467381
0.511538
0.748850
0.540195
0.871702
0.644123
0.761339
0.199753
0.719645
0.552294
0.110267
0.120063
0.704067
0.211357
0.472177
0.353890
0.291850
0.506212
0.391985
0.495514
0.588011
0.472557
0.204788
0.573196
0.054667
0.303942
0.268313
0.477435
0.609774
0.730070
0.378314
0.662535
0.653477
0.239992
0.788557
0.521259
0.295262
0.661596
0.606564
0.600285
0.324416
0.605860
0.721523
0.731058
0.517042
0.492250
0.081028
0.512197
0.698738
0.473012
0.593538
0.586473
0.647017
0.799496
0.270196
0.587234
0.689266
0.538509
0.175196
0.295117
0.265832
0.555811
0.661402
0.506990
0.796976
0.560482
0.138776
0.388490
0.220459
0.634367
0.401094
0.545322
0.350753
0.418866
0.272459
0.567621
0.496943
0.354659
0.376517
0.608683
0.715525
0.381925
0.191235
0.358620
0.177502
0.461432
0.360028
0.277467
0.589243
0.235051
0.575333
0.855074
0.677589
0.532984
0.473040
0.771263
0.090718
0.499671
0.270278
0.311177
0.545185
0.256754
0.859972
0.481318
0.378196
0.128510
0.461259
0.875141
0.485470
0.725632
0.481073
0.198694
0.103635
0.557863
0.557314
0.283439
0.722597
0.617617
0.446906
0.608088
0.152392
0.723238
0.759863
0.830427
0.366749
0.231283
0.714516
0.459767
0.141651
0.570179
0.657671
0.273388
0.241549
0.628614
0.755154
0.505299
0.644981
0.212491
0.377689
0.128149
0.639120
0.861065
0.326843
0.745058
0.415008
0.884157
0.325922
0.548302
0.801497
0.472655
0.742220
0.539717
0.308722
0.614910
0.780842
0.562195
0.142443
0.491439
0.607346
0.170819
0.474615
0.678461
0.444654
0.301545
0.303157
0.195887
0.808016
0.649137
0.409549
0.596403
0.187984
0.047051
0.453549
0.400380
0.792109
0.570686
0.583538
0.817860
0.705990
0.495561
0.402659
0.746759
0.145803
0.596933
0.659094
0.512028
0.458129
0.501366
0.302020
0.362898
0.672186
0.363635
0.626741
0.702219
0.665178
0.344069
0.309977
0.469722
0.879208
0.304906
0.651506
0.365745
0.351957
0.404056
0.466400
0.440318
0.675741
0.160463
0.255875
0.677982
0.542749
0.546389
0.420820
0.274381
0.554020
0.490611
0.200580
0.598700
0.578529
0.388600
0.549728
0.661860
0.452063
0.286997
0.661503
0.414666
0.631514
0.557304
0.584215
0.509102
0.750067
0.533592
0.574675
0.398722
0.048173
0.337326
0.541168
0.609465
0.501263
0.496870
0.700893
0.629837
0.153785
0.533585
0.906523
0.297106
0.612326
0.103181
0.781361
0.601553
0.492952
0.441616
0.262964
0.830568
0.142059
0.510292
0.356208
0.360126
0.480600
0.526976
0.869226
0.341192
0.471266
0.441153
0.439740
0.521742
0.366608
0.566736
0.543526
0.567699
0.477780
0.240498
0.193616
0.517565
0.661938
0.211835
0.814671
0.385961
0.201015
0.594412
0.573339
0.693968
0.447173
0.836306
0.636684
0.590403
0.459428
0.578270
0.538210
0.825581
0.515945
0.703690
0.277745
0.689789
0.257670
0.603041
0.508951
0.625452
0.583948
0.752306
0.489846
0.647556
0.291357
0.270016
0.575819
0.654741
0.484600
0.390044
0.626081
0.685616
0.280706
0.610123
0.379137
0.428878
0.446427
0.601198
0.606966
0.316553
0.292297
0.555874
0.729134
0.509691
0.370090
0.303129
0.495729
0.514935
0.607168
0.704508
0.725765
0.187643
0.755816
0.211690
0.720753
0.748171
0.484454
0.294952
0.398992
0.854607
0.270375
0.436219
0.537474
0.552254
0.746168
0.616438
0.681408
0.488846
0.516638
0.584621
0.392400
0.808939
0.137023
0.532230
0.614878
0.394968
0.535187
0.224608
0.495283
0.140737
0.815117
0.634493
0.328380
0.568186
0.847355
0.636816
0.426883
0.327890
0.932941
0.711876
0.294196
0.313844
0.258619
0.833973
0.566374
0.592470
0.747110
0.544031
0.193463
0.374274
0.127036
0.588165
0.479464
0.264059
0.820223
0.798088
0.660648
0.353792
0.608076
0.568928
0.495701
0.719446
0.200675
0.409910
0.400458
0.344728
0.458595
0.713343
0.374750
0.502510
0.538044
0.554945
0.401732
0.796665
0.685167
0.265530
0.686556
0.545105
0.697414
0.582148
0.804935
0.826071
0.466565
0.398843
0.500828
0.282866
0.307459
0.749155
0.636660
0.801090
0.315784
0.243333
0.631508
0.516459
0.542271
0.618521
0.446568
0.700695
0.744862
0.232463
0.790886
0.694777
0.676435
0.489317
0.487517
0.472130
0.757149
0.762203
0.129380
0.566710
0.640602
0.636442
0.689030
0.218141
0.445984
0.889685
0.501009
0.338823
0.636541
0.137667
0.136439
0.837877
0.266553
0.654675
0.464863
0.508652
0.686195
0.914181
0.507896
0.542030
0.732025
0.295310
0.822189
0.518984
0.485628
0.307404
0.405287
0.653475
0.180134
0.420219
0.516436
0.707462
0.353361
0.315991
0.625431
0.500345
0.794979
0.426611
0.424997
0.727770
0.564278
0.448160
0.678478
0.416212
0.215663
0.139420
0.224588
0.901857
0.049678
0.432313
0.439968
0.784004
0.614349
0.259854
0.600412
0.510674
0.567261
0.891697
0.752277
0.635246
0.424745
0.380411
0.453235
0.477933
0.284533
0.378839
0.566408
0.375765
0.505280
0.288827
0.803364
0.654938
0.739290
0.592369
0.367400
0.251204
0.734089
0.591988
0.263588
0.784216
0.321726
0.589558
0.565470
0.936522
0.849413
0.464881
0.560022
0.412749
0.467106
0.308380
0.345420
0.477232
0.574791
0.386336
0.543295
0.860498
0.765177
0.521572
0.346787
0.266533
0.695951
0.149705
0.807024
0.431321
0.441901
0.471848
0.682526
0.473415
0.765966
0.531492
0.845314
0.384388
0.231576
0.407309
0.433738
0.192686
0.572020
0.579140
0.493291
0.452125
0.774694
0.538538
0.514736
0.460011
0.337192
0.469902
0.619062
0.687750
0.576855
0.666853
0.655729
0.571360
0.702110
0.759003
0.113208
0.557013
0.344126
0.798035
0.615807
0.107341
0.626228
0.573267
0.191557
0.860104
0.393577
0.512020
0.349490
0.852320
0.676987
0.543779
0.300525
0.562206
-0.042490
0.151094
0.099353
0.120369
-0.200572
-0.103102
-0.113176
0.080027
0.245451
-0.229710
-0.036219
0.160377
-0.221984
-0.052517
-0.358521
0.050345
0.002032
0.020146
0.053765
-0.191698
0.012008
0.045964
0.274345
-0.015694
0.250655
-0.274454
-0.284184
0.041867
0.287627
-0.251682
-0.123937
-0.192573
0.046413
0.122992
0.074239
0.135973
0.166334
-0.187090
0.216000
0.264208
0.022620
-0.110352
0.133318
-0.051788
-0.161160
0.064353
-0.002020
-0.159130
-0.203925
0.051745
-0.203827
-0.193050
0.096000
-0.220748
-0.061745
0.056522
-0.055784
-0.055795
0.100099
-0.205866
0.130232
-0.024972
-0.108882
0.027934
-0.050133
-0.182220
0.165616
-0.321509
-0.220022
-0.057227
0.231122
0.092153
0.271838
0.076016
0.329365
0.108969
-0.297341
-0.110364
-0.050160
-0.064133
-0.060329
0.184298
0.180526
0.035671
-0.184028
-0.028796
0.093902
0.049745
0.354827
-0.244843
-0.008545
0.045640
0.020318
-0.117427
-0.072294
0.117761
-0.152070
0.240322
0.084674
-0.081960
-0.254615
0.025663
0.009059
-0.274620
-0.336030
0.337847
0.124482
-0.194530
0.227483
0.076032
-0.111085
0.019576
0.259753
-0.077560
0.055247
-0.214407
0.040643
0.148016
-0.015377
-0.043372
-0.096827
-0.172074
0.003976
0.070490
0.001208
-0.068894
0.188251
-0.150862
-0.118706
-0.017208
0.056734
0.063255
-0.279968
0.065793
0.080478
-0.178867
-0.034070
-0.085172
0.064314
-0.246007
-0.009718
0.101381
-0.078855
0.101326
0.023820
0.122259
0.036205
0.064463
-0.018149
-0.128458
0.169799
-0.115553
0.137177
-0.263933
-0.333486
0.138385
0.104882
-0.145235
-0.013055
-0.014957
-0.014867
-0.247588
0.047722
0.142875
0.255914
-0.019376
-0.037125
-0.217576
0.186718
0.028899
-0.025875
0.029424
0.130278
0.042847
-0.157674
0.153522
0.019239
0.167529
-0.220858
0.290647
0.039071
-0.051059
0.175094
0.176248
-0.026569
0.131741
0.024498
0.225889
-0.012917
0.011444
-0.227353
-0.175361
0.203274
-0.325498
-0.033063
0.020346
0.092835
-0.070188
0.094612
-0.010580
-0.042999
-0.221395
0.166996
0.087278
0.112718
0.009322
0.239666
-0.306886
0.176274
0.019941
-0.016239
-0.222365
-0.031117
0.157722
0.099749
0.091600
-0.146537
-0.023329
0.168204
-0.012455
-0.157753
-0.057439
0.249895
0.044388
0.053640
0.215698
0.354867
-0.143658
-0.292775
0.158769
0.135894
0.103643
-0.060917
-0.134819
-0.247921
0.051800
-0.126074
-0.007122
-0.108086
0.049067
0.012820
-0.125458
-0.173298
-0.018297
-0.115890
0.216585
-0.075984
-0.114851
-0.095168
-0.196204
0.309270
0.183656
0.036491
0.120878
0.080467
0.090130
0.046443
-0.002953
0.235471
0.044377
0.157526
0.081232
0.148020
0.096608
-0.054165
0.047099
0.147831
0.109895
0.330110
0.038612
0.158960
-0.094780
-0.086847
0.132106
-0.260077
-0.055160
0.059691
0.101647
0.268831
-0.184187
0.343153
0.140392
-0.148685
0.089510
0.114271
0.079358
0.030929
0.012561
0.076405
-0.022600
-0.233196
-0.056204
0.058632
0.203247
0.329962
0.006176
-0.185655
0.187659
-0.174063
-0.004255
0.226271
-0.162102
0.050251
-0.008153
0.117004
0.227882
-0.062180
0.029118
-0.108757
-0.232192
-0.155070
-0.054027
0.198334
-0.013624
0.323906
0.021894
-0.224977
-0.081165
-0.255102
0.143271
0.043812
-0.050588
-0.061087
-0.045710
0.154369
-0.019548
0.108043
-0.032419
-0.270733
-0.212462
0.110902
-0.190330
0.063145
0.013577
-0.052039
-0.257561
0.239749
0.033357
0.062267
-0.157431
0.238874
0.196754
-0.212592
0.147075
-0.106427
0.111314
-0.268741
-0.041270
0.029573
-0.086133
0.100291
-0.364325
0.153988
-0.249219
0.029384
0.017647
0.020232
-0.153282
-0.014772
0.187208
-0.075611
0.095554
0.144455
-0.013600
-0.180427
-0.196008
0.020106
0.206899
0.125772
0.082373
0.049466
-0.071352
-0.159717
0.274008
0.075722
0.170989
-0.050678
-0.194152
-0.158706
-0.021105
0.011557
-0.058415
0.053412
0.164969
0.128941
-0.207338
-0.108651
-0.288537
-0.070486
-0.271000
0.338090
0.002055
0.261129
0.044836
-0.159698
0.080126
0.137251
0.007985
0.141156
-0.025399
-0.058353
-0.100086
0.193380
-0.069360
0.174498
0.267392
-0.188505
0.123820
-0.074337
-0.057078
0.101003
0.084220
-0.115494
-0.135717
-0.042077
0.303580
0.093521
0.139404
-0.273955
0.171745
0.306113
-0.083443
0.026224
0.130667
0.108393
0.014102
-0.079341
0.247353
-0.124913
0.061816
-0.215756
-0.036267
-0.037694
-0.023509
-0.105628
-0.300905
-0.046251
-0.002290
-0.177662
-0.121165
0.088208
0.070919
0.112341
-0.174862
-0.211799
-0.077313
-0.160282
-0.118278
0.063800
-0.144105
-0.094110
-0.068929
-0.079972
0.368114
-0.228395
0.027286
-0.053784
-0.017027
0.274639
-0.179274
0.044212
-0.232384
0.222169
0.006518
-0.256469
-0.319459
0.142745
0.134988
0.115961
-0.036050
0.163110
-0.087097
-0.111000
0.127874
0.176882
0.114910
0.049428
0.015467
-0.150945
0.113228
0.018938
-0.097478
0.045431
-0.062168
-0.019498
0.106035
-0.035458
-0.220858
0.088432
-0.049243
0.036443
-0.013223
0.007929
-0.177388
0.139738
0.190878
-0.060270
-0.153518
0.035734
0.055690
-0.337145
0.050691
-0.179561
-0.011568
-0.260278
0.143765
-0.334369
-0.209716
0.011655
-0.047604
0.193643
0.030593
0.292628
-0.052192
-0.031577
-0.164580
0.054977
0.372384
0.053981
0.143408
-0.116278
-0.200285
-0.159948
0.039227
-0.088675
0.271632
-0.061161
0.140612
-0.321305
-0.171294
0.196301
-0.220741
-0.121737
-0.272815
0.206533
0.056828
-0.276627
0.018608
-0.300467
0.174447
0.261137
0.040753
0.205039
0.263632
-0.010306
0.173463
0.100761
-0.393039
0.108137
-0.283545
0.188079
0.139435
-0.194830
0.028705
0.029953
0.155913
0.010204
-0.029498
0.006393
0.126607
-0.053792
0.203827
0.194291
0.114604
0.368721
-0.036886
0.023855
-0.346191
-0.164145
0.161098
-0.024168
0.243992
-0.088282
0.033295
0.219201
-0.246165
0.206758
-0.118325
-0.202627
0.024761
0.034706
-0.014549
0.014910
-0.160125
0.014157
0.192440
-0.004212
0.023227
-0.275345
0.003314
0.001683
-0.039004
0.207141
-0.240026
-0.213957
0.137019
0.159663
0.247031
0.228537
0.143095
0.118572
0.056792
0.097530
-0.117286
0.237663
0.168577
-0.215874
0.154286
0.049118
0.019209
0.031471
-0.063753
0.003526
0.046381
0.213831
0.019393
0.090667
-0.226380
0.042044
-0.182969
-0.223066
-0.103274
0.214603
-0.015926
0.094408
0.000647
-0.027058
-0.036062
-0.188321
-0.089788
-0.182525
-0.070325
-0.032996
0.204560
0.250097
0.204667
-0.064573
0.032514
-0.078756
-0.015454
0.199299
-0.195439
-0.079207
0.054670
-0.002616
-0.155509
-0.217204
-0.057815
0.055820
-0.173450
0.195792
0.269886
-0.129149
0.120263
-0.184883
0.254258
-0.315666
-0.064365
-0.071937
-0.066278
0.137113
0.035094
-0.285313
-0.186016
-0.050478
0.111785
0.167361
-0.263760
-0.293411
-0.058973
0.158494
0.194887
0.183875
0.078154
-0.040577
0.180682
-0.223223
0.181062
0.270444
-0.168537
0.296612
0.027949
-0.044517
-0.270823
-0.140212
-0.082400
-0.016564
-0.018168
-0.079157
0.341471
0.111706
0.131960
-0.168275
0.600372
-0.256705
0.097903
-0.188510
0.061804
0.117726
0.282354
0.347255
0.239999
0.093628
0.120666
0.086157
0.125314
0.119882
0.511274
-0.016431
0.456766
0.461372
0.309059
0.181863
-0.224274
-0.406686
-0.100784
0.000137
-0.022059
0.119609
0.021373
-0.295588
-0.386098
-0.466097
0.053157
-0.405157
-0.102979
0.151058
0.023745
-0.141961
-0.248235
-0.212941
-0.412117
-0.008627
0.400118
-0.289040
0.077529
0.008020
-0.169156
-0.026196
-0.010431
0.288000
-0.083863
-0.316372
-0.047157
-0.408921
-0.206039
-0.148333
-0.308392
-0.328490
-0.030745
0.232412
-0.008687
0.202981
0.383725
0.044078
-0.101784
-0.337058
0.293510
0.439373
0.040412
-0.055509
-0.290980
0.143294
-0.063745
0.209530
-0.045352
0.013784
0.119569
-0.214116
-0.115216
0.008745
0.073882
0.418334
0.309784
0.026334
0.528843
0.002961
-0.023627
-0.396961
-0.224744
0.462648
-0.164548
0.383588
0.048216
-0.398234
-0.187334
0.463843
-0.218274
0.206568
0.386196
-0.179881
-0.365568
0.195607
-0.034176
0.087707
0.306764
-0.079529
0.101098
-0.191078
0.323765
-0.011705
0.432666
0.397647
-0.110392
0.127451
0.421960
-0.199352
0.228784
0.398335
0.023510
0.003647
0.245980
0.373569
0.389647
0.294195
-0.024667
-0.314706
0.241019
0.276490
-0.210549
0.109804
0.096608
-0.059489
0.207432
0.162824
-0.488803
0.413804
0.184079
-0.385293
-0.397098
-0.109568
0.218391
0.035569
-0.328940
-0.509804
0.163020
-0.424391
-0.091352
-0.223588
-0.023647
-0.168235
-0.119549
-0.295078
0.205335
0.169705
-0.000882
0.183079
-0.147019
-0.377275
-0.059470
-0.355156
-0.367863
-0.063255
0.202765
-0.162451
0.200353
0.233000
0.250960
0.284039
0.465118
-0.146137
-0.442940
0.166099
-0.108157
-0.154862
0.171294
0.153235
-0.059823
0.079941
-0.070353
-0.083470
-0.088294
0.327509
0.138470
-0.399981
-0.120196
0.135176
-0.216901
-0.164411
0.375313
-0.377156
0.097452
0.009863
-0.342039
0.199824
-0.152588
0.374942
-0.084196
0.098766
0.141961
-0.238902
-0.047372
0.218059
-0.072803
-0.157549
0.161570
0.100902
-0.002294
0.101745
0.281235
-0.072646
0.016255
-0.424079
-0.362941
0.254725
-0.206646
0.134666
-0.225098
0.193471
-0.030137
0.049823
-0.185706
-0.035098
0.057667
-0.010725
-0.352294
0.007883
-0.150392
0.080530
0.005863
-0.008824
-0.057980
0.056863
0.209235
-0.128372
-0.098666
-0.244195
-0.029489
-0.100961
-0.144470
0.251744
-0.173607
0.491607
0.344687
0.081254
0.128922
-0.379372
-0.301490
-0.198588
-0.288313
0.185391
-0.045960
0.143392
0.150295
-0.505314
0.235470
0.313000
0.017177
0.084686
-0.123490
0.023040
0.075863
-0.179059
-0.535099
0.287510
0.209589
-0.116745
0.041294
0.180098
-0.117313
-0.103176
-0.187588
0.324078
-0.228979
-0.357901
0.304942
-0.198431
-0.121882
-0.096941
-0.296628
0.209628
-0.428568
0.272411
-0.264392
0.337118
0.386922
-0.028922
0.135118
-0.112922
-0.461254
0.011628
0.427528
0.134039
-0.167823
-0.007569
-0.095470
-0.475256
0.491078
-0.054176
0.319843
-0.244039
0.460059
-0.482745
-0.020353
0.233098
-0.223236
0.387392
0.133039
-0.345118
-0.226960
0.353433
0.381531
-0.138117
0.111235
-0.397470
0.299000
-0.021275
0.090235
-0.183293
-0.234588
0.248804
0.448158
0.192550
-0.134568
-0.337078
0.182961
-0.131666
-0.192901
0.056627
0.431176
0.026549
0.430000
0.271804
-0.355803
0.410039
-0.112509
-0.064432
0.280021
-0.079863
0.109883
0.051040
-0.243451
-0.028019
-0.087078
-0.031824
0.091530
0.214333
-0.153490
0.182157
0.131432
0.126530
-0.086451
0.478803
-0.195529
0.293981
-0.372882
-0.012568
0.061921
-0.048765
0.046471
-0.124314
-0.024235
-0.042961
-0.369921
0.139000
-0.250332
0.034980
0.074568
0.029687
0.055118
0.282822
-0.017255
-0.188333
0.156824
-0.004333
-0.222176
-0.269058
0.210001
0.140961
-0.086902
0.243059
0.269903
-0.275764
0.204844
-0.444667
0.118608
0.348980
0.160176
0.079745
-0.319608
0.104236
0.055824
0.275980
0.063687
0.203314
-0.202431
0.430372
-0.279117
0.487529
-0.054549
0.293020
0.154961
-0.074215
0.105078
-0.205234
-0.078548
0.500313
0.042726
0.131843
0.026275
-0.044176
-0.142118
-0.222862
0.197078
-0.039686
-0.150509
-0.199313
-0.306098
-0.090725
0.497842
-0.008294
0.115921
-0.061333
-0.349725
-0.337410
0.141588
0.062844
0.092961
-0.037136
-0.064627
0.036000
0.253863
0.090333
0.062177
-0.158078
0.401724
-0.013961
0.344647
-0.172961
-0.499529
-0.246881
0.400274
-0.026647
0.147667
0.082353
-0.066334
-0.003235
0.400059
0.244979
0.004412
0.280490
0.136686
-0.396687
0.217137
-0.113039
-0.219490
0.358726
-0.047784
-0.124118
-0.197451
-0.212803
-0.088117
0.058824
-0.022470
-0.123921
-0.199647
0.278862
-0.139901
-0.472804
-0.413137
-0.022412
-0.102275
-0.111235
-0.149451
0.043373
-0.030901
0.401628
0.040137
-0.248255
0.029197
0.046569
0.030216
-0.351136
0.164883
0.249765
0.153234
-0.052196
0.091078
0.003039
0.440705
0.413059
-0.109764
-0.266843
0.371099
-0.234647
-0.290765
-0.345569
0.044215
0.186746
-0.198549
0.250903
0.061922
-0.202450
-0.479765
0.012864
-0.157058
0.106745
0.314099
0.400099
-0.141510
0.242902
-0.072372
-0.111294
-0.007843
0.094529
0.037687
0.044609
0.042334
0.229548
-0.466960
-0.033980
0.025196
-0.061725
0.215804
-0.122745
0.223059
0.025824
0.148706
0.267274
0.112177
-0.051862
-0.001254
0.075725
-0.352686
0.136392
-0.530844
0.107667
0.142353
0.300275
-0.109647
0.000843
0.026157
-0.180000
-0.110451
0.017922
0.014922
0.027628
0.165334
-0.043137
-0.360235
0.213373
-0.079529
0.280354
0.050863
-0.380745
0.157216
-0.243098
-0.455314
-0.309078
0.026197
0.174274
0.156078
-0.075451
0.350392
0.420805
0.163744
0.436569
0.428079
-0.311314
0.121843
-0.198587
0.306941
-0.369411
0.238822
0.196491
-0.248685
0.151334
-0.292901
-0.185764
0.108196
-0.035333
0.027609
0.028667
-0.372392
0.078471
-0.354097
-0.112372
-0.162608
-0.189588
0.095569
-0.136411
0.084687
-0.267785
-0.113490
0.332667
0.055039
-0.050137
0.151824
-0.036314
0.255960
-0.245764
0.382510
-0.054510
0.004647
0.003922
-0.375039
-0.246058
0.054863
-0.050529
0.185588
0.161041
-0.085863
0.112804
0.189313
0.161569
0.291274
-0.162372
0.048803
0.128667
0.263040
0.041961
-0.007745
0.247333
-0.225823
0.498589
0.062980
-0.070784
-0.070588
-0.304626
-0.104686
0.185372
-0.030960
0.177431
0.130863
0.074079
0.181745
-0.143785
-0.171980
-0.380804
0.425511
0.013608
0.400060
-0.279784
-0.390607
0.070335
0.498802
-0.199725
-0.092431
0.445197
-0.169039
-0.446802
-0.029863
-0.078411
0.315529
-0.153274
-0.197236
-0.138510
-0.324450
0.251216
0.076295
0.186255
-0.080431
-0.471685
-0.251313
-0.564960
0.217785
0.030824
-0.091332
-0.054588
0.165019
0.231372
-0.043000
0.048060
-0.046000
0.183413
0.020020
-0.164607
-0.018334
0.442588
0.383392
0.429646
0.098588
-0.163882
-0.263763
0.414117
-0.417548
