0.494145
0.387259
0.284443
0.300573
0.509443
0.315675
0.582792
0.813902
0.375663
0.733467
0.595224
0.348761
0.553200
0.710753
0.783463
0.136973
0.388071
0.617949
0.192769
0.389776
0.124612
0.389173
0.380008
0.200667
0.255463
0.608565
0.643933
0.503114
0.199855
0.648663
0.651898
0.579553
0.736922
0.636169
0.582255
0.657063
0.653973
0.462471
0.467043
0.325886
0.306910
0.647647
0.262329
0.559937
0.354925
0.457663
0.698082
0.742996
0.661439
0.890851
0.833773
0.788353
0.279576
0.801463
0.690020
0.120420
0.521000
0.744651
0.623980
0.606408
0.503839
0.274259
0.597831
0.539314
0.207851
0.476337
0.192902
0.747376
0.639082
0.547800
0.487435
0.357863
0.306420
0.335592
0.330800
0.664820
0.678808
0.914435
0.403894
0.451945
0.804839
0.350941
0.350824
0.080494
0.448655
0.337094
0.201361
0.381525
0.192718
0.713196
0.687761
0.585584
0.398153
0.281671
0.421596
0.305831
0.461757
0.315498
0.467380
0.511537
0.748851
0.540196
0.871702
0.644125
0.761341
0.199753
0.719643
0.552294
0.110267
0.120063
0.704067
0.211357
0.472176
0.353890
0.291851
0.506212
0.391984
0.495514
0.588012
0.472557
0.204788
0.573196
0.054667
0.303941
0.268314
0.477435
0.609773
0.730071
0.378314
0.662533
0.653478
0.239992
0.788557
0.521259
0.295263
0.661596
0.606565
0.600286
0.324416
0.605859
0.721522
0.731059
0.517043
0.492251
0.081027
0.512196
0.698737
0.473012
0.593537
0.586475
0.647016
0.799498
0.270196
0.587235
0.689267
0.538510
0.175196
0.295118
0.265831
0.555812
0.661400
0.506992
0.796976
0.560482
0.138776
0.388490
0.220459
0.634369
0.401094
0.545322
0.350753
0.418867
0.272459
0.567624
0.496945
0.354659
0.376518
0.608682
0.715526
0.381925
0.191235
0.358620
0.177502
0.461431
0.360027
0.277467
0.589243
0.235051
0.575333
0.855075
0.677588
0.532984
0.473039
0.771263
0.090718
0.499671
0.270278
0.311176
0.545184
0.256753
0.859973
0.481318
0.378196
0.128510
0.461259
0.875141
0.485471
0.725631
0.481075
0.198694
0.103635
0.557863
0.557314
0.283439
0.722596
0.617616
0.446906
0.608090
0.152392
0.723239
0.759863
0.830427
0.366749
0.231282
0.714518
0.459769
0.141651
0.570176
0.657671
0.273388
0.241549
0.628616
0.755153
0.505298
0.644980
0.212490
0.377690
0.128149
0.639122
0.861067
0.326843
0.745059
0.415008
0.884157
0.325922
0.548302
0.801498
0.472655
0.742220
0.539718
0.308722
0.614910
0.780843
0.562196
0.142443
0.491439
0.607345
0.170820
0.474616
0.678463
0.444655
0.301545
0.303157
0.195886
0.808016
0.649137
0.409549
0.596404
0.187984
0.047051
0.453549
0.400380
0.792110
0.570686
0.583537
0.817859
0.705988
0.495561
0.402659
0.746761
0.145804
0.596933
0.659094
0.512027
0.458129
0.501365
0.302020
0.362898
0.672184
0.363635
0.626741
0.702220
0.665180
0.344071
0.309976
0.469722
0.879208
0.304906
0.651506
0.365745
0.351957
0.404055
0.466400
0.440318
0.675741
0.160463
0.255875
0.677980
0.542749
0.546388
0.420820
0.274380
0.554020
0.490612
0.200580
0.598702
0.578529
0.388600
0.549729
0.661859
0.452063
0.286996
0.661502
0.414667
0.631514
0.557306
0.584216
0.509102
0.750067
0.533592
0.574674
0.398722
0.048173
0.337325
0.541169
0.609467
0.501263
0.496871
0.700894
0.629839
0.153784
0.533584
0.906522
0.297106
0.612325
0.103180
0.781361
0.601553
0.492953
0.441616
0.262965
0.830569
0.142059
0.510294
0.356208
0.360125
0.480600
0.526976
0.869227
0.341192
0.471267
0.441153
0.439741
0.521741
0.366608
0.566737
0.543526
0.567698
0.477780
0.240498
0.193616
0.517565
0.661937
0.211835
0.814671
0.385961
0.201016
0.594412
0.573341
0.693969
0.447173
0.836306
0.636682
0.590404
0.459427
0.578271
0.538212
0.825580
0.515945
0.703690
0.277745
0.689788
0.257671
0.603039
0.508953
0.625451
0.583949
0.752306
0.489847
0.647557
0.291357
0.270016
0.575820
0.654741
0.484600
0.390043
0.626082
0.685616
0.280706
0.610122
0.379137
0.428878
0.446427
0.601200
0.606965
0.316553
0.292298
0.555875
0.729133
0.509690
0.370090
0.303129
0.495729
0.514933
0.607169
0.704510
0.725765
0.187643
0.755816
0.211690
0.720753
0.748173
0.484455
0.294953
0.398992
0.854608
0.270376
0.436220
0.537475
0.552255
0.746169
0.616439
0.681408
0.488847
0.516639
0.584624
0.392400
0.808937
0.137024
0.532231
0.614878
0.394969
0.535188
0.224608
0.495282
0.140737
0.815118
0.634494
0.328380
0.568184
0.847357
0.636816
0.426882
0.327890
0.932941
0.711874
0.294196
0.313843
0.258620
0.833973
0.566373
0.592471
0.747110
0.544031
0.193463
0.374275
0.127035
0.588165
0.479463
0.264059
0.820224
0.798090
0.660647
0.353792
0.608078
0.568929
0.495702
0.719447
0.200675
0.409910
0.400459
0.344729
0.458596
0.713341
0.374749
0.502510
0.538043
0.554945
0.401733
0.796663
0.685169
0.265529
0.686557
0.545106
0.697416
0.582149
0.804933
0.826071
0.466565
0.398843
0.500827
0.282867
0.307459
0.749157
0.636659
0.801090
0.315784
0.243333
0.631510
0.516459
0.542271
0.618522
0.446569
0.700694
0.744863
0.232463
0.790886
0.694776
0.676435
0.489318
0.487518
0.472129
0.757149
0.762204
0.129380
0.566710
0.640604
0.636443
0.689031
0.218141
0.445984
0.889686
0.501008
0.338824
0.636541
0.137667
0.136439
0.837878
0.266553
0.654675
0.464863
0.508651
0.686196
0.914180
0.507898
0.542031
0.732024
0.295310
0.822188
0.518984
0.485627
0.307404
0.405286
0.653475
0.180133
0.420220
0.516435
0.707463
0.353361
0.315992
0.625431
0.500345
0.794980
0.426612
0.424996
0.727773
0.564278
0.448161
0.678478
0.416212
0.215663
0.139420
0.224588
0.901859
0.049678
0.432314
0.439969
0.784004
0.614349
0.259855
0.600412
0.510675
0.567259
0.891698
0.752278
0.635247
0.424745
0.380412
0.453235
0.477933
0.284533
0.378839
0.566408
0.375765
0.505278
0.288827
0.803365
0.654937
0.739290
0.592369
0.367400
0.251204
0.734090
0.591988
0.263588
0.784216
0.321725
0.589557
0.565471
0.936522
0.849412
0.464882
0.560024
0.412749
0.467106
0.308380
0.345420
0.477231
0.574792
0.386337
0.543294
0.860498
0.765176
0.521573
0.346788
0.266533
0.695953
0.149706
0.807024
0.431322
0.441902
0.471847
0.682526
0.473416
0.765965
0.531494
0.845314
0.384388
0.231576
0.407310
0.433737
0.192686
0.572020
0.579141
0.493290
0.452125
0.774694
0.538537
0.514737
0.460012
0.337192
0.469902
0.619063
0.687749
0.576855
0.666851
0.655729
0.571361
0.702110
0.759004
0.113208
0.557012
0.344125
0.798035
0.615808
0.107341
0.626227
0.573267
0.191557
0.860106
0.393576
0.512020
0.349490
0.852322
0.676988
0.543780
0.300525
0.562208
-0.042490
0.151094
0.099353
0.120369
-0.200573
-0.103102
-0.113176
0.080027
0.245451
-0.229710
-0.036220
0.160376
-0.221984
-0.052518
-0.358522
0.050345
0.002031
0.020145
0.053765
-0.191698
0.012008
0.045965
0.274345
-0.015694
0.250655
-0.274455
-0.284184
0.041867
0.287627
-0.251682
-0.123937
-0.192573
0.046412
0.122992
0.074239
0.135973
0.166333
-0.187090
0.216000
0.264208
0.022620
-0.110353
0.133318
-0.051788
-0.161161
0.064353
-0.002020
-0.159129
-0.203925
0.051745
-0.203827
-0.193051
0.096000
-0.220749
-0.061745
0.056522
-0.055784
-0.055796
0.100098
-0.205867
0.130231
-0.024973
-0.108882
0.027933
-0.050133
-0.182220
0.165616
-0.321510
-0.220024
-0.057227
0.231122
0.092153
0.271839
0.076016
0.329365
0.108969
-0.297341
-0.110365
-0.050161
-0.064133
-0.060329
0.184298
0.180525
0.035671
-0.184027
-0.028796
0.093902
0.049745
0.354827
-0.244843
-0.008545
0.045639
0.020318
-0.117427
-0.072294
0.117761
-0.152071
0.240322
0.084675
-0.081961
-0.254616
0.025663
0.009059
-0.274620
-0.336031
0.337847
0.124482
-0.194529
0.227482
0.076031
-0.111086
0.019576
0.259753
-0.077561
0.055247
-0.214408
0.040643
0.148016
-0.015376
-0.043373
-0.096827
-0.172075
0.003976
0.070490
0.001208
-0.068894
0.188251
-0.150863
-0.118706
-0.017208
0.056733
0.063255
-0.279969
0.065792
0.080478
-0.178867
-0.034071
-0.085173
0.064314
-0.246008
-0.009718
0.101380
-0.078855
0.101325
0.023820
0.122259
0.036204
0.064463
-0.018149
-0.128459
0.169800
-0.115553
0.137176
-0.263933
-0.333486
0.138384
0.104882
-0.145235
-0.013055
-0.014957
-0.014867
-0.247588
0.047722
0.142875
0.255914
-0.019376
-0.037125
-0.217576
0.186718
0.028898
-0.025875
0.029424
0.130278
0.042847
-0.157675
0.153522
0.019239
0.167529
-0.220859
0.290647
0.039071
-0.051059
0.175094
0.176247
-0.026569
0.131741
0.024498
0.225890
-0.012918
0.011443
-0.227353
-0.175361
0.203275
-0.325498
-0.033063
0.020345
0.092835
-0.070188
0.094612
-0.010580
-0.043000
-0.221396
0.166996
0.087278
0.112718
0.009322
0.239667
-0.306886
0.176275
0.019941
-0.016239
-0.222365
-0.031118
0.157722
0.099749
0.091600
-0.146537
-0.023329
0.168204
-0.012455
-0.157753
-0.057439
0.249894
0.044388
0.053639
0.215698
0.354867
-0.143659
-0.292776
0.158769
0.135894
0.103643
-0.060918
-0.134820
-0.247922
0.051800
-0.126075
-0.007122
-0.108086
0.049067
0.012820
-0.125459
-0.173298
-0.018298
-0.115890
0.216584
-0.075984
-0.114851
-0.095169
-0.196204
0.309271
0.183655
0.036490
0.120878
0.080467
0.090129
0.046443
-0.002953
0.235471
0.044376
0.157525
0.081231
0.148020
0.096608
-0.054165
0.047098
0.147831
0.109894
0.330110
0.038612
0.158961
-0.094780
-0.086847
0.132106
-0.260078
-0.055161
0.059690
0.101647
0.268831
-0.184188
0.343153
0.140392
-0.148686
0.089510
0.114271
0.079357
0.030929
0.012561
0.076404
-0.022600
-0.233196
-0.056204
0.058631
0.203247
0.329961
0.006176
-0.185655
0.187659
-0.174063
-0.004255
0.226271
-0.162102
0.050251
-0.008153
0.117004
0.227882
-0.062180
0.029118
-0.108757
-0.232192
-0.155071
-0.054027
0.198333
-0.013624
0.323906
0.021894
-0.224976
-0.081165
-0.255102
0.143271
0.043812
-0.050588
-0.061086
-0.045710
0.154369
-0.019549
0.108043
-0.032420
-0.270733
-0.212463
0.110902
-0.190329
0.063145
0.013576
-0.052039
-0.257561
0.239749
0.033357
0.062267
-0.157431
0.238875
0.196753
-0.212592
0.147075
-0.106427
0.111314
-0.268741
-0.041271
0.029573
-0.086133
0.100290
-0.364325
0.153988
-0.249220
0.029384
0.017647
0.020231
-0.153282
-0.014773
0.187208
-0.075612
0.095553
0.144455
-0.013600
-0.180427
-0.196008
0.020106
0.206898
0.125773
0.082373
0.049467
-0.071353
-0.159718
0.274008
0.075722
0.170988
-0.050678
-0.194153
-0.158706
-0.021106
0.011557
-0.058416
0.053412
0.164969
0.128941
-0.207337
-0.108651
-0.288537
-0.070486
-0.271000
0.338090
0.002055
0.261129
0.044835
-0.159698
0.080125
0.137251
0.007984
0.141157
-0.025400
-0.058353
-0.100086
0.193380
-0.069361
0.174498
0.267392
-0.188506
0.123820
-0.074337
-0.057078
0.101004
0.084220
-0.115494
-0.135718
-0.042078
0.303580
0.093522
0.139404
-0.273957
0.171745
0.306114
-0.083443
0.026224
0.130667
0.108392
0.014102
-0.079341
0.247353
-0.124914
0.061816
-0.215757
-0.036267
-0.037694
-0.023510
-0.105627
-0.300906
-0.046251
-0.002290
-0.177663
-0.121165
0.088208
0.070918
0.112341
-0.174863
-0.211800
-0.077314
-0.160282
-0.118278
0.063800
-0.144106
-0.094110
-0.068929
-0.079973
0.368114
-0.228396
0.027286
-0.053784
-0.017027
0.274639
-0.179275
0.044212
-0.232384
0.222169
0.006518
-0.256471
-0.319459
0.142745
0.134988
0.115961
-0.036051
0.163110
-0.087098
-0.111000
0.127875
0.176882
0.114910
0.049427
0.015467
-0.150945
0.113227
0.018937
-0.097478
0.045431
-0.062169
-0.019498
0.106035
-0.035459
-0.220859
0.088431
-0.049243
0.036443
-0.013224
0.007929
-0.177388
0.139737
0.190878
-0.060271
-0.153518
0.035733
0.055690
-0.337145
0.050690
-0.179561
-0.011569
-0.260278
0.143765
-0.334369
-0.209718
0.011655
-0.047604
0.193643
0.030592
0.292627
-0.052192
-0.031576
-0.164580
0.054976
0.372384
0.053980
0.143408
-0.116278
-0.200286
-0.159949
0.039227
-0.088675
0.271631
-0.061161
0.140612
-0.321306
-0.171294
0.196302
-0.220741
-0.121737
-0.272816
0.206533
0.056827
-0.276627
0.018608
-0.300467
0.174447
0.261137
0.040753
0.205039
0.263631
-0.010306
0.173463
0.100761
-0.393039
0.108137
-0.283545
0.188078
0.139435
-0.194831
0.028706
0.029953
0.155914
0.010204
-0.029498
0.006392
0.126608
-0.053792
0.203827
0.194290
0.114604
0.368722
-0.036886
0.023855
-0.346192
-0.164145
0.161098
-0.024169
0.243992
-0.088282
0.033294
0.219200
-0.246165
0.206757
-0.118325
-0.202627
0.024761
0.034706
-0.014549
0.014910
-0.160125
0.014157
0.192439
-0.004212
0.023227
-0.275345
0.003314
0.001682
-0.039004
0.207141
-0.240027
-0.213957
0.137020
0.159663
0.247031
0.228537
0.143094
0.118573
0.056792
0.097529
-0.117286
0.237663
0.168576
-0.215875
0.154286
0.049118
0.019208
0.031471
-0.063753
0.003525
0.046380
0.213831
0.019392
0.090667
-0.226380
0.042043
-0.182969
-0.223067
-0.103275
0.214604
-0.015925
0.094408
0.000647
-0.027059
-0.036063
-0.188322
-0.089788
-0.182525
-0.070325
-0.032996
0.204561
0.250098
0.204667
-0.064573
0.032514
-0.078757
-0.015455
0.199298
-0.195439
-0.079208
0.054671
-0.002616
-0.155510
-0.217204
-0.057816
0.055820
-0.173451
0.195792
0.269886
-0.129149
0.120263
-0.184882
0.254259
-0.315667
-0.064365
-0.071937
-0.066278
0.137114
0.035094
-0.285314
-0.186016
-0.050478
0.111784
0.167361
-0.263761
-0.293412
-0.058973
0.158494
0.194886
0.183875
0.078153
-0.040576
0.180682
-0.223224
0.181063
0.270443
-0.168537
0.296612
0.027949
-0.044518
-0.270824
-0.140212
-0.082400
-0.016565
-0.018169
-0.079157
0.341471
0.111706
0.131961
-0.168275
0.600373
-0.256706
0.097902
-0.188510
0.061804
0.117725
0.282353
0.347255
0.240000
0.093627
0.120667
0.086157
0.125314
0.119882
0.511275
-0.016431
0.456765
0.461373
0.309059
0.181863
-0.224275
-0.406686
-0.100784
0.000137
-0.022059
0.119608
0.021373
-0.295588
-0.386098
-0.466098
0.053157
-0.405157
-0.102980
0.151059
0.023745
-0.141961
-0.248235
-0.212941
-0.412118
-0.008627
0.400118
-0.289039
0.077529
0.008020
-0.169157
-0.026196
-0.010431
0.288000
-0.083863
-0.316373
-0.047157
-0.408922
-0.206039
-0.148333
-0.308392
-0.328490
-0.030745
0.232412
-0.008686
0.202980
0.383725
0.044078
-0.101784
-0.337059
0.293510
0.439373
0.040412
-0.055510
-0.290980
0.143294
-0.063745
0.209529
-0.045353
0.013784
0.119569
-0.214118
-0.115216
0.008745
0.073882
0.418333
0.309784
0.026333
0.528843
0.002961
-0.023627
-0.396961
-0.224745
0.462647
-0.164549
0.383588
0.048216
-0.398235
-0.187333
0.463843
-0.218275
0.206569
0.386196
-0.179882
-0.365569
0.195608
-0.034176
0.087706
0.306765
-0.079529
0.101098
-0.191078
0.323765
-0.011706
0.432667
0.397647
-0.110392
0.127451
0.421961
-0.199353
0.228784
0.398333
0.023510
0.003647
0.245980
0.373569
0.389647
0.294196
-0.024667
-0.314706
0.241020
0.276490
-0.210549
0.109804
0.096608
-0.059490
0.207431
0.162824
-0.488804
0.413804
0.184078
-0.385294
-0.397098
-0.109569
0.218392
0.035569
-0.328941
-0.509804
0.163020
-0.424392
-0.091353
-0.223588
-0.023647
-0.168235
-0.119549
-0.295078
0.205333
0.169706
-0.000882
0.183078
-0.147020
-0.377275
-0.059471
-0.355157
-0.367863
-0.063255
0.202765
-0.162451
0.200353
0.233000
0.250961
0.284039
0.465118
-0.146137
-0.442941
0.166098
-0.108157
-0.154863
0.171294
0.153235
-0.059824
0.079941
-0.070353
-0.083471
-0.088294
0.327510
0.138471
-0.399980
-0.120196
0.135176
-0.216902
-0.164412
0.375314
-0.377157
0.097451
0.009863
-0.342039
0.199824
-0.152588
0.374941
-0.084196
0.098765
0.141961
-0.238902
-0.047373
0.218059
-0.072804
-0.157549
0.161569
0.100902
-0.002294
0.101745
0.281235
-0.072647
0.016255
-0.424078
-0.362941
0.254725
-0.206647
0.134667
-0.225098
0.193471
-0.030137
0.049824
-0.185706
-0.035098
0.057667
-0.010725
-0.352294
0.007882
-0.150392
0.080529
0.005863
-0.008824
-0.057980
0.056863
0.209235
-0.128373
-0.098667
-0.244196
-0.029490
-0.100961
-0.144471
0.251745
-0.173608
0.491608
0.344686
0.081255
0.128922
-0.379373
-0.301490
-0.198588
-0.288314
0.185392
-0.045961
0.143392
0.150294
-0.505314
0.235471
0.313000
0.017176
0.084686
-0.123490
0.023039
0.075863
-0.179059
-0.535098
0.287510
0.209588
-0.116745
0.041294
0.180098
-0.117314
-0.103176
-0.187588
0.324078
-0.228980
-0.357902
0.304941
-0.198431
-0.121882
-0.096941
-0.296627
0.209627
-0.428569
0.272412
-0.264392
0.337118
0.386922
-0.028922
0.135118
-0.112922
-0.461255
0.011627
0.427529
0.134039
-0.167824
-0.007569
-0.095471
-0.475255
0.491078
-0.054176
0.319843
-0.244039
0.460059
-0.482745
-0.020353
0.233098
-0.223235
0.387392
0.133039
-0.345118
-0.226961
0.353431
0.381529
-0.138118
0.111235
-0.397471
0.299000
-0.021275
0.090235
-0.183294
-0.234588
0.248804
0.448157
0.192549
-0.134569
-0.337078
0.182961
-0.131667
-0.192902
0.056627
0.431176
0.026549
0.430000
0.271804
-0.355804
0.410039
-0.112510
-0.064431
0.280020
-0.079863
0.109882
0.051039
-0.243451
-0.028020
-0.087078
-0.031824
0.091529
0.214333
-0.153490
0.182157
0.131431
0.126529
-0.086451
0.478804
-0.195529
0.293980
-0.372882
-0.012569
0.061922
-0.048765
0.046471
-0.124314
-0.024235
-0.042961
-0.369922
0.139000
-0.250333
0.034980
0.074569
0.029686
0.055118
0.282824
-0.017255
-0.188333
0.156824
-0.004333
-0.222176
-0.269059
0.210000
0.140961
-0.086902
0.243059
0.269902
-0.275765
0.204843
-0.444667
0.118608
0.348980
0.160176
0.079745
-0.319608
0.104235
0.055824
0.275980
0.063686
0.203314
-0.202431
0.430373
-0.279118
0.487529
-0.054549
0.293020
0.154961
-0.074216
0.105078
-0.205235
-0.078549
0.500314
0.042725
0.131843
0.026275
-0.044176
-0.142118
-0.222863
0.197078
-0.039686
-0.150510
-0.199314
-0.306098
-0.090725
0.497843
-0.008294
0.115922
-0.061333
-0.349725
-0.337412
0.141588
0.062843
0.092961
-0.037137
-0.064627
0.036000
0.253863
0.090333
0.062176
-0.158078
0.401726
-0.013961
0.344647
-0.172961
-0.499529
-0.246882
0.400275
-0.026647
0.147667
0.082353
-0.066333
-0.003235
0.400059
0.244980
0.004412
0.280490
0.136686
-0.396686
0.217137
-0.113039
-0.219490
0.358725
-0.047784
-0.124118
-0.197451
-0.212804
-0.088118
0.058824
-0.022471
-0.123922
-0.199647
0.278863
-0.139902
-0.472804
-0.413137
-0.022412
-0.102275
-0.111235
-0.149451
0.043373
-0.030902
0.401627
0.040137
-0.248255
0.029196
0.046569
0.030216
-0.351137
0.164882
0.249765
0.153235
-0.052196
0.091078
0.003039
0.440706
0.413059
-0.109765
-0.266843
0.371098
-0.234647
-0.290765
-0.345569
0.044216
0.186745
-0.198549
0.250902
0.061922
-0.202451
-0.479765
0.012863
-0.157059
0.106745
0.314098
0.400098
-0.141510
0.242902
-0.072373
-0.111294
-0.007843
0.094529
0.037686
0.044608
0.042333
0.229549
-0.466961
-0.033980
0.025196
-0.061725
0.215804
-0.122745
0.223059
0.025824
0.148706
0.267274
0.112176
-0.051863
-0.001255
0.075725
-0.352686
0.136392
-0.530843
0.107667
0.142353
0.300275
-0.109647
0.000843
0.026157
-0.180000
-0.110451
0.017922
0.014922
0.027627
0.165333
-0.043137
-0.360235
0.213373
-0.079529
0.280353
0.050863
-0.380745
0.157216
-0.243098
-0.455314
-0.309078
0.026196
0.174275
0.156078
-0.075451
0.350392
0.420804
0.163745
0.436569
0.428078
-0.311314
0.121843
-0.198588
0.306941
-0.369412
0.238824
0.196490
-0.248686
0.151333
-0.292902
-0.185765
0.108196
-0.035333
0.027608
0.028667
-0.372392
0.078471
-0.354098
-0.112373
-0.162608
-0.189588
0.095569
-0.136412
0.084686
-0.267784
-0.113490
0.332667
0.055039
-0.050137
0.151824
-0.036314
0.255961
-0.245765
0.382510
-0.054510
0.004647
0.003922
-0.375039
-0.246059
0.054863
-0.050529
0.185588
0.161039
-0.085863
0.112804
0.189314
0.161569
0.291275
-0.162373
0.048804
0.128667
0.263039
0.041961
-0.007745
0.247333
-0.225824
0.498588
0.062980
-0.070784
-0.070588
-0.304627
-0.104686
0.185373
-0.030961
0.177431
0.130863
0.074078
0.181745
-0.143784
-0.171980
-0.380804
0.425510
0.013608
0.400059
-0.279784
-0.390608
0.070333
0.498804
-0.199725
-0.092431
0.445196
-0.169039
-0.446804
-0.029863
-0.078412
0.315529
-0.153275
-0.197235
-0.138510
-0.324451
0.251216
0.076294
0.186255
-0.080431
-0.471686
-0.251314
-0.564961
0.217784
0.030824
-0.091333
-0.054588
0.165020
0.231373
-0.043000
0.048059
-0.046000
0.183412
0.020020
-0.164608
-0.018333
0.442588
0.383392
0.429647
0.098588
-0.163882
-0.263765
0.414118
-0.417549
