0.660919
0.369368
0.661648
0.697517
0.364201
0.620159
0.397882
0.667301
0.548943
0.698631
0.534676
0.485035
0.522068
0.583870
0.514919
0.491398
0.359715
0.513420
0.446793
0.423620
0.283415
0.833138
0.590279
0.614899
0.513638
0.389694
0.260914
0.388910
0.653702
0.477953
0.703667
0.613613
0.433876
0.476280
0.421661
0.798073
0.206965
0.706718
0.578205
0.758209
0.401424
0.223400
0.353769
0.623318
0.392651
0.755417
0.414440
0.752811
0.379807
0.861679
0.877430
0.548779
0.692070
0.466093
0.161368
0.316677
0.441166
0.422283
0.591141
0.393421
0.487919
0.405325
0.418907
0.332491
0.770634
0.726566
0.243840
0.273848
0.429358
0.707600
0.329479
0.242651
0.516823
0.268627
0.279415
0.321344
0.435186
0.693855
0.773987
0.401546
0.552788
0.649796
0.538010
0.355825
0.412136
0.699379
0.560352
0.854473
0.234933
0.562191
0.358868
0.609577
0.855370
0.477600
0.353210
0.736973
0.201416
0.183603
0.308241
0.630775
0.891205
0.340300
0.876171
0.519722
0.608929
0.152840
0.727070
0.747414
0.432076
0.613880
0.734348
0.281557
0.561546
0.683502
0.522930
0.673512
0.496876
0.493986
0.524509
0.617363
0.758305
0.297548
0.337910
0.610924
0.660702
0.577847
0.758595
0.864872
0.463581
0.767113
0.793064
0.465305
0.692787
0.665314
0.284029
0.415712
0.818153
0.121619
0.748959
0.548096
0.622227
0.593830
0.415035
0.480021
0.390154
0.051968
0.150056
0.773029
0.245781
0.678040
0.387640
0.301506
0.675419
0.725552
0.612259
0.632370
0.299473
0.367373
0.494488
0.173753
0.248483
0.400824
0.528534
0.641098
0.176662
0.698116
0.642197
0.884289
0.706459
0.801849
0.428469
0.741680
0.394505
0.545635
0.218227
0.671379
0.597603
0.370584
0.855106
0.255251
0.159149
0.239271
0.144440
0.720116
0.376688
0.167393
0.464186
0.261993
0.537067
0.257671
0.439222
0.671101
0.358322
0.853306
0.309450
0.420538
0.661949
0.365089
0.601082
0.478930
0.464361
0.617226
0.217137
0.558693
0.574734
0.437666
0.641216
0.468582
0.509251
0.493574
0.309212
0.553951
0.732841
0.453651
0.385771
0.695362
0.623795
0.735508
0.371527
0.747414
0.878731
0.696297
0.529488
0.347576
0.660576
0.249636
0.656418
0.433048
0.501453
0.254745
0.324295
0.668385
0.872417
0.429287
0.637775
0.443230
0.567955
0.278545
0.498808
0.487902
0.068816
0.810326
0.627239
0.803963
0.561844
0.423702
0.911194
0.771019
0.155286
0.278797
0.628956
0.147290
0.386240
0.570309
0.380421
0.746647
0.408075
0.334261
0.475943
0.320225
0.591755
0.387918
0.688442
0.460251
0.229074
0.326216
0.317652
0.797031
0.490314
0.516289
0.281010
0.559132
0.623306
0.608074
0.774235
0.297976
0.618324
0.683811
0.066243
0.774059
0.548439
0.697502
0.808075
0.636803
0.564503
0.301321
0.679695
0.384451
0.521584
0.269634
0.292358
0.223859
0.658001
0.278667
0.687588
0.586903
0.490435
0.590618
0.380457
0.391447
0.403601
0.661461
0.653152
0.325459
0.267233
0.423468
0.324434
0.296255
0.404697
0.276232
0.066392
0.065957
0.384426
0.876770
0.703934
0.537788
0.175789
0.679874
0.622066
0.697369
0.649784
0.500252
0.810261
0.719654
0.781219
0.493919
0.302635
0.382181
0.495234
0.684265
0.475758
0.784386
0.342251
0.425161
0.809673
0.609486
0.735352
0.719490
0.791290
0.842628
0.108545
0.747158
0.908585
0.079973
0.734451
0.609039
0.617764
0.795795
0.700787
0.353102
0.490412
0.649124
0.264051
0.411192
0.364855
0.631824
0.790665
0.371241
0.427008
0.396866
0.351753
0.489315
0.179631
0.581860
0.500305
0.689579
0.488766
0.346182
0.823238
0.393330
0.299334
0.228478
0.551182
0.205616
0.308453
0.282885
0.110906
0.628342
0.664505
0.699547
0.277695
0.565617
0.460812
0.428474
0.564934
0.525494
0.173121
0.766300
0.782288
0.485678
0.750847
0.722172
0.675266
0.341625
0.715897
0.587444
0.328623
0.201189
0.819176
0.147938
-0.140036
-0.116075
-0.306364
-0.021023
-0.030639
-0.210551
0.153483
-0.152722
-0.264439
-0.035007
-0.237996
-0.173044
-0.231744
-0.150229
-0.073847
0.153759
0.122138
0.007923
0.011687
-0.042388
0.271557
-0.193842
-0.143753
-0.001553
0.005824
0.259813
-0.099471
0.101953
0.145240
0.218345
-0.045207
-0.141797
-0.188438
0.087847
0.274891
-0.219078
0.315004
-0.008203
0.064777
0.049433
-0.043211
0.264490
0.314098
-0.127379
-0.175874
-0.198034
-0.122910
-0.052028
0.249306
-0.109513
0.052583
0.083153
-0.303932
-0.092302
0.082733
0.141311
-0.122624
-0.016737
-0.194446
-0.126093
-0.089659
0.198056
0.021666
0.012036
-0.153516
-0.139443
0.231243
0.013910
-0.147647
-0.141690
-0.084812
0.098698
-0.165623
-0.060847
0.262028
-0.051941
0.032960
0.139118
0.043610
-0.008442
0.029028
0.095060
-0.216558
0.164515
-0.144819
-0.133822
-0.133019
-0.268019
0.287725
-0.037333
0.045307
-0.240219
-0.278120
0.214551
0.063659
0.007780
0.074530
0.004192
-0.126463
-0.073117
-0.137496
-0.063121
0.026157
0.134013
-0.123969
0.287609
-0.353930
0.054860
0.136592
0.126256
-0.243717
0.019752
0.074870
-0.168430
-0.253443
0.077629
0.133745
-0.096329
-0.188683
-0.016238
0.012782
0.145046
0.182961
-0.265919
-0.078114
-0.191668
0.031997
-0.003006
-0.041032
0.054820
-0.224278
0.259180
-0.298433
-0.198122
0.246193
0.013596
0.089486
0.329973
-0.219969
0.079636
0.017942
-0.025976
-0.190744
-0.054765
0.242169
-0.008188
0.024573
-0.060087
0.043059
-0.165818
-0.076902
-0.092314
0.126805
0.106061
-0.210654
-0.098886
-0.085608
-0.176950
-0.102470
0.163495
0.313871
0.111539
-0.015034
0.163013
0.351126
-0.206553
-0.113525
0.002901
-0.314867
-0.043361
0.082537
-0.007924
-0.068760
0.038236
-0.060981
-0.264875
0.030048
-0.037541
-0.034831
0.362663
0.234350
-0.110023
-0.020918
-0.076555
0.285593
0.058561
0.261692
-0.088439
-0.119522
0.012220
0.073346
-0.243360
0.271336
-0.379400
-0.080925
0.184751
-0.148243
0.096260
0.040076
-0.025399
-0.095254
-0.168654
-0.031615
-0.016439
0.159138
-0.093730
0.010526
0.041608
0.015730
-0.024882
0.114138
-0.187633
-0.134906
0.093219
0.172946
-0.137736
0.152357
-0.003073
0.062247
-0.257874
-0.428564
-0.302118
-0.061815
0.280479
-0.242098
0.147392
0.028094
0.047369
-0.194636
0.067593
0.313236
-0.141738
-0.099353
-0.157223
0.131959
0.059785
-0.103953
0.140774
-0.187607
0.201911
-0.029976
-0.074605
-0.275854
-0.166015
-0.127828
0.187225
-0.014197
-0.265604
0.184149
0.048051
-0.085767
0.193871
0.037776
0.141975
0.036640
-0.056744
-0.000192
-0.083419
-0.156953
0.095307
-0.015250
-0.134984
0.101147
-0.114604
-0.002651
0.233104
0.233605
-0.106602
-0.063836
0.193574
0.095306
-0.093810
-0.026898
-0.032972
0.032016
0.281851
-0.136458
0.016686
0.015671
0.049401
-0.223686
-0.071232
-0.195015
-0.039465
-0.075125
0.278200
-0.243789
0.214240
-0.241220
0.035259
0.018278
0.181238
-0.098014
-0.027020
0.064926
0.046911
-0.231628
0.008397
-0.057983
-0.005330
0.056102
0.037322
0.049012
-0.119506
0.005483
0.081027
0.309347
0.159158
-0.050439
-0.112694
0.208556
0.162451
0.106207
0.012408
0.122409
-0.260761
0.291740
-0.268957
0.101057
0.050523
-0.084410
-0.169091
-0.207660
0.107131
-0.197243
-0.142734
0.154040
0.008840
0.155796
0.095479
0.149954
-0.225812
0.134511
0.051388
-0.197742
0.139993
-0.305870
-0.178528
-0.138559
-0.208155
0.145353
-0.367712
-0.045705
-0.037439
0.082405
0.078412
-0.298201
-0.063565
0.099012
0.241142
-0.013619
-0.134109
0.362186
0.216434
-0.026980
-0.125768
-0.364012
0.274635
0.172071
0.231204
0.222539
0.031313
0.004259
-0.081797
-0.205722
-0.044196
-0.089957
-0.073882
0.065700
0.209768
0.155672
0.065184
0.132188
0.111099
0.027745
0.214016
0.041934
-0.124012
-0.137973
-0.297897
-0.030447
0.138541
0.006836
-0.106549
0.065416
0.127432
0.204259
-0.008462
-0.035643
-0.061381
-0.068524
-0.102662
0.119221
0.227577
0.105097
0.203056
0.035228
0.016851
-0.308537
0.100925
-0.225470
0.357159
-0.219234
-0.216292
-0.040842
0.333237
-0.094471
0.226513
-0.340548
0.092373
0.170844
0.162787
0.374571
0.351315
0.329239
-0.190273
0.111040
0.217023
-0.102980
0.481588
-0.155745
0.067257
0.276884
-0.054352
-0.044644
-0.032235
-0.070647
-0.000587
-0.398039
0.127727
0.074198
-0.008508
-0.029724
-0.245823
-0.325195
-0.070567
-0.012980
-0.317255
0.053530
-0.355547
-0.224883
0.123981
-0.293156
-0.467724
-0.041725
0.138883
-0.040195
0.068923
0.255117
-0.143568
-0.064489
0.199766
-0.073901
0.210374
0.147432
-0.219332
-0.338882
0.076786
-0.119527
-0.121529
-0.314528
-0.145724
0.389395
0.172766
-0.290764
0.164196
-0.000607
0.313665
-0.153059
0.153314
0.577942
0.141492
-0.240117
-0.232235
0.188375
0.237588
0.423277
0.148181
-0.310902
0.163786
0.007022
-0.377409
-0.155490
-0.167666
0.450375
-0.008058
-0.288626
0.113903
-0.034078
0.108866
-0.108411
-0.245803
0.061513
-0.336432
0.443590
-0.330040
-0.169824
-0.071627
0.603451
-0.322880
0.081687
0.561565
-0.183802
-0.256411
0.329332
0.006981
0.081178
0.135589
-0.361862
-0.332136
-0.217645
0.262177
-0.090117
0.143495
0.194903
-0.257154
0.035434
0.423298
-0.143646
0.101747
-0.087272
0.265352
-0.244843
-0.023352
0.029315
0.301552
0.163631
-0.142919
-0.389509
0.149276
0.154021
-0.408215
0.193824
-0.029782
-0.049627
0.423159
-0.022802
-0.068843
0.041334
0.234768
-0.298176
-0.276705
-0.020077
0.229118
-0.235627
0.074823
-0.028431
-0.100195
-0.119293
-0.171686
0.003962
0.413256
-0.523743
-0.240882
-0.227509
0.122982
0.060667
-0.064273
-0.017529
0.188178
-0.014999
0.033688
-0.119646
-0.438585
-0.096490
-0.068880
-0.532448
-0.018898
-0.034920
0.025903
0.215863
0.181903
-0.253216
-0.423647
0.410629
-0.386040
-0.348820
0.380178
0.030787
0.051315
0.108099
0.034353
-0.054470
-0.315254
0.312904
0.235041
-0.290253
-0.143843
0.168746
0.307215
0.044726
0.254139
-0.276508
0.025470
-0.182039
-0.272606
-0.143803
-0.199883
0.325905
-0.279118
0.445847
0.022727
-0.097608
-0.424784
0.118512
0.311003
-0.294195
0.387100
0.076179
-0.261000
-0.078608
0.284670
-0.226645
-0.133079
-0.128568
-0.431158
0.099550
-0.318430
-0.057587
-0.246313
0.089179
0.087531
-0.092958
-0.287725
0.012218
0.242021
-0.462351
-0.231980
0.144942
-0.134039
0.007942
-0.029038
-0.111703
0.008708
0.063198
0.006805
-0.295294
-0.230608
-0.121098
0.297905
0.125413
-0.201723
0.065551
-0.103251
0.284628
0.454002
-0.014978
-0.132841
0.135570
-0.072568
-0.479548
0.121941
0.531590
-0.053078
-0.065391
-0.073607
-0.330490
0.092080
0.311823
0.331470
-0.044371
-0.199273
-0.314978
-0.156077
0.328865
-0.251783
0.368137
0.033570
-0.382000
-0.370375
0.331472
-0.256588
0.044924
-0.220391
0.156786
0.227138
-0.280998
0.139789
0.096706
-0.145822
-0.450195
-0.384863
0.078922
-0.538040
0.179081
-0.088881
0.005766
0.368021
0.103197
0.217588
0.180451
-0.041568
0.017923
0.484900
-0.197252
-0.270626
0.333511
-0.346136
-0.237450
0.468533
-0.099490
0.094021
-0.407881
0.560825
-0.124353
-0.251097
0.172962
0.111668
0.508511
0.370060
-0.034157
-0.044098
0.502216
0.042748
-0.579727
0.164668
-0.044117
0.043453
-0.084725
0.059080
-0.356764
-0.421686
0.118298
0.180592
0.061197
-0.078959
-0.090039
0.294315
0.091923
-0.325077
0.143413
0.092826
-0.231450
0.352943
0.036236
-0.355803
0.204649
-0.307823
-0.143743
0.093334
-0.040176
-0.077508
0.049236
-0.052961
-0.135157
-0.530880
0.111706
-0.078881
0.032001
-0.075823
-0.017391
0.290627
0.019510
0.000511
0.471218
-0.433903
0.021943
-0.236236
0.375414
0.013080
0.056098
0.004217
0.103883
-0.076980
-0.160254
-0.477684
0.187041
-0.056000
-0.268097
-0.059509
-0.063058
0.308744
0.380001
-0.011804
0.255787
0.247256
0.074726
-0.251940
-0.349039
0.205099
0.289648
0.150590
0.397352
0.411963
-0.368332
0.251156
-0.124353
0.170630
0.115314
0.351452
-0.335333
-0.348019
-0.262136
0.285177
0.094433
0.097041
0.427315
0.281080
0.141433
0.159216
