0.690598
0.786385
0.575493
0.732330
0.738167
0.403225
0.629250
0.894020
0.331249
0.570793
0.611626
0.496593
0.325356
0.719177
0.754532
0.387844
0.291759
0.898895
0.436001
0.633270
0.371891
0.496193
0.683708
0.351284
0.480587
0.578079
0.649635
0.248482
0.582954
0.391857
0.533119
0.569809
0.289944
0.219133
0.414974
0.324364
0.210485
0.456535
0.803764
0.427292
0.615021
0.413780
0.624153
0.640205
0.243486
0.790558
0.325470
0.535690
0.685539
0.649323
0.755508
0.354130
0.257221
0.435295
0.408714
0.323639
0.601059
0.354588
0.572121
0.480713
0.331833
0.101317
0.464699
0.507324
0.324371
0.765671
0.531960
0.420414
0.218290
0.631989
0.848869
0.245180
0.156738
0.583557
0.770935
0.289249
0.670364
0.509407
0.410324
0.353607
0.859726
0.278664
0.407562
0.113035
0.599960
0.701828
0.438976
0.612892
0.166950
0.421799
0.206432
0.385509
0.525856
0.256958
0.892822
0.435616
0.134325
0.422047
0.857201
0.352615
0.467480
0.702141
0.485649
0.325214
0.696861
0.368282
0.614464
0.364471
0.463062
0.727364
0.417912
0.619049
0.303459
0.711021
0.734390
0.488804
0.526855
0.584511
0.804268
0.579369
0.591690
0.308128
0.077694
0.704109
0.450630
0.382843
0.435963
0.584969
0.392570
0.289246
0.824295
0.559883
0.691666
0.420479
0.181345
0.385777
0.791061
0.383938
0.450081
0.551544
0.408737
0.568268
0.283428
0.712196
0.392120
0.604820
0.197521
0.804985
0.299854
0.299213
0.496040
0.778259
0.307171
0.459732
0.481197
0.643799
0.544701
0.616997
0.340466
0.233528
0.609985
0.278042
0.205725
0.412186
0.398346
0.387070
0.500099
0.487278
0.657738
0.360882
0.626511
0.477173
0.516830
0.610214
0.889641
0.206820
0.625732
0.385708
0.308052
0.223017
0.384754
0.503922
0.586655
0.579781
0.377823
0.478554
0.335278
0.507904
0.508995
0.678490
0.743057
0.529678
0.541908
0.834335
0.642860
0.236504
0.217485
0.439217
0.611641
0.577805
0.689133
0.349129
0.165495
0.316929
0.371216
0.353683
0.409298
0.882507
0.440392
0.418350
0.216045
0.825142
0.218519
0.688263
0.517067
0.296616
0.580261
0.265347
0.691254
0.790260
0.829384
0.730560
0.316025
0.481823
0.675423
0.255142
0.604324
0.595482
0.697838
0.327667
0.470707
0.497486
0.676788
0.636208
0.699966
0.633377
0.576881
0.106518
0.627594
0.427971
0.524864
0.729187
0.251949
0.629379
0.832069
0.769012
0.929474
0.408417
0.619728
0.616798
0.309208
0.560104
0.760811
0.626411
0.338177
0.432312
0.581375
0.356678
0.438499
0.575470
0.684799
0.494587
0.772781
0.474415
0.545410
0.470451
0.405670
0.532997
0.576965
0.146090
0.548653
0.398537
0.761284
0.500435
0.440922
0.703873
0.381142
0.366470
0.224001
0.299881
0.683098
0.418762
0.861160
0.439991
0.341415
0.197718
0.285755
0.811821
0.554840
0.310802
0.497814
0.350163
0.808144
0.570320
0.711296
0.349632
0.451469
0.229795
0.582451
0.327435
0.261887
0.541809
0.425804
0.433865
0.629242
0.452095
0.726601
0.308937
0.705292
0.836151
0.308647
0.386776
0.553467
0.580505
0.239086
0.595886
0.365227
0.410389
0.518227
0.330772
0.423325
0.014424
0.569962
0.528885
0.584740
0.277332
0.578346
0.736488
0.393131
0.572670
0.649307
0.655014
0.113310
0.373665
0.676559
0.742554
0.826927
0.399250
0.462185
0.530609
0.231483
0.658005
0.917389
0.485954
0.236897
0.152550
0.380394
0.602119
0.566414
0.598450
0.636200
0.875732
0.612869
0.316677
0.515160
0.194868
0.480015
0.205650
0.933662
0.575272
0.663872
0.580223
0.226364
0.662735
0.653709
0.602760
0.705009
0.479031
0.299427
0.163725
0.709457
0.533211
0.824036
0.624542
0.429863
0.761932
0.187792
0.395634
0.475029
0.640205
0.407085
0.521919
0.627647
0.906677
0.424431
0.842621
0.214384
0.792305
0.933823
0.444744
0.478092
0.596535
0.610344
0.704460
0.671150
0.678673
0.606941
0.372696
0.568405
0.606194
0.538719
0.275570
0.435658
0.474457
0.310810
0.454372
0.232464
0.384151
0.850006
0.707497
0.727669
0.254349
0.229424
0.465839
0.159414
0.539406
0.307301
0.259354
0.443405
0.238384
0.403927
0.921494
0.245623
0.312145
0.625504
0.504906
0.690659
0.228529
0.877602
0.255138
0.720276
0.413567
0.416264
0.268764
0.587852
0.727066
0.422970
0.820328
0.700531
0.570404
0.526642
0.538727
0.526886
0.641624
0.301262
0.686295
0.292732
0.608566
0.645477
0.738434
0.734795
0.346100
0.656013
0.681870
0.358074
0.277596
0.483028
0.347282
0.506126
0.360180
0.603592
0.339233
0.473576
0.607979
0.609177
0.359989
0.332310
0.617523
0.176388
0.443542
0.298450
0.402863
0.393414
0.710884
0.156185
0.396805
0.393265
0.451214
0.890923
0.334995
0.775032
0.737427
0.567825
0.427116
0.417671
0.813744
0.708199
0.786255
0.272728
0.324852
0.256958
0.762321
0.665260
0.732841
0.480839
0.859802
0.203354
0.226152
0.587860
0.380184
0.670143
0.186033
0.672081
0.651237
0.193174
0.414093
0.344303
0.589912
0.750847
0.821777
0.925346
0.636864
0.557571
0.491547
0.362537
0.271942
0.417442
0.181705
0.758026
0.690163
0.507729
0.604279
0.563019
0.761116
0.747818
0.342415
0.731453
0.838341
0.455742
0.732758
0.803917
0.711273
0.804352
0.472069
0.474209
0.109667
0.299160
0.403889
0.585129
0.750298
0.638664
0.623306
0.685707
0.306767
0.816299
0.159946
0.278542
0.529991
0.341652
0.334431
0.330692
0.435207
0.349419
0.779709
0.607025
0.682625
0.232658
0.336861
0.631485
0.273777
0.656174
0.434952
0.399220
0.871666
0.492847
0.873421
0.866890
0.793182
0.575874
0.564842
0.541855
0.326233
0.775154
0.639435
0.218830
0.887711
0.799835
0.498547
0.528221
0.137562
0.532806
0.558746
0.573936
0.770073
0.334541
0.179344
0.563667
0.455498
0.403378
0.194706
0.730453
0.470253
0.515656
0.540817
0.337990
0.419205
0.412628
0.316574
0.325218
0.688774
0.581696
0.754250
0.600388
0.653091
0.504211
0.231089
0.651321
0.414574
0.730087
0.290070
0.438133
0.559135
0.734367
0.308327
0.440197
0.482357
0.374844
0.416859
0.638855
0.778214
0.497120
0.780006
0.358994
0.712601
0.319210
0.282810
0.543678
0.432110
0.601685
0.454731
0.116963
0.480804
0.619667
0.718529
0.836029
0.234421
0.360760
0.484600
0.534996
0.676216
0.476803
0.859848
0.531616
0.623489
0.281006
0.673935
0.805672
0.655846
0.676170
0.440605
0.546890
0.285439
0.333450
0.491714
0.294292
0.653107
0.663559
0.538254
0.670601
0.375771
0.292706
0.788742
0.742577
0.612206
0.503349
0.575851
0.435486
0.864098
0.473911
0.381176
0.536407
0.361412
0.239407
0.479168
0.570290
0.221859
0.449356
0.375511
0.463085
0.536682
0.816116
0.307854
0.707664
0.447441
0.387249
0.588509
0.685928
0.161324
0.539764
0.468235
0.423820
0.532303
0.553230
0.276924
0.441940
0.467270
0.741074
0.288567
0.327904
0.325516
0.257427
0.864311
0.573654
0.198282
0.341854
0.729767
0.305695
0.491486
0.215801
0.179480
0.615845
0.031922
0.189459
0.620949
0.479359
0.577873
0.322292
0.278126
0.739204
0.748055
0.631912
0.574165
0.692223
0.297966
0.737816
0.719994
0.350620
0.589424
0.710693
0.566376
0.212364
0.264370
0.427212
0.371849
0.462654
0.769073
0.514610
0.768341
0.559113
0.617134
0.649269
0.586838
0.649055
0.249430
0.793152
0.830544
0.713303
0.526604
0.694054
0.564217
0.385178
0.437668
0.134459
0.662788
0.435467
0.875023
0.795776
0.675560
0.461697
0.502556
0.352459
0.562370
0.468380
0.780853
0.344910
0.816582
0.548744
0.444901
0.697083
0.219559
0.764160
0.342434
0.506660
0.409752
0.479721
0.410347
0.350830
0.604904
0.824806
0.457207
0.167942
0.320507
0.597008
0.302402
0.872780
0.329174
0.174675
0.664642
0.415428
0.524673
0.465076
0.654617
0.497734
0.633278
0.548744
0.428024
0.560394
0.208012
0.760788
0.253559
0.427570
0.636650
0.595985
0.819786
0.342651
0.373589
0.641281
0.697403
0.091314
0.462166
0.150694
0.259251
0.371979
0.633247
0.562103
0.655457
0.260979
0.624626
0.316177
0.262962
0.560005
0.481083
0.620163
0.757576
0.410610
0.465149
0.296120
0.268875
0.673164
0.468773
0.522430
0.687286
0.691254
0.416298
0.803780
0.332458
0.792191
0.442307
0.440567
0.883492
0.606613
0.476814
0.439449
0.389286
0.108898
0.586929
0.155266
0.371052
0.623436
0.358616
0.520020
0.294407
0.539520
0.250702
0.752983
0.248003
0.415684
0.348099
0.216709
0.674225
0.402260
0.739136
0.657768
0.392063
0.740814
0.573235
0.726151
0.643524
0.128372
0.752098
0.523560
0.735428
0.226612
0.548386
0.422134
0.335510
0.549484
0.577850
0.592110
0.283451
0.521843
0.814255
0.279995
0.358791
0.650337
0.329674
0.306625
0.364574
0.564499
0.523331
0.450672
0.668884
0.259003
0.407436
0.358826
0.297253
0.680496
0.195499
0.643356
0.694878
0.243849
0.464336
0.727730
0.470463
0.425728
0.849693
0.394825
0.860771
0.423622
0.283638
0.254757
0.646461
0.798897
0.421921
0.116231
0.862694
0.753906
0.308407
0.224514
0.314480
0.832184
0.675636
0.395245
0.087271
0.668457
0.339451
0.386826
0.648682
0.420506
0.327602
0.454082
0.664795
0.377327
0.180187
0.724121
0.688614
0.441025
0.530090
0.661079
0.453495
0.513557
0.329288
0.096490
0.310837
0.636772
0.100575
0.170776
0.387920
0.408985
0.395733
0.404533
0.239553
0.367622
0.685326
0.326824
0.738213
0.138056
0.300648
0.497414
0.558563
0.628258
0.249369
0.222919
0.893883
0.429554
0.647308
0.693016
0.459435
0.173487
0.767555
0.498760
0.572594
0.094098
0.595253
0.469990
0.430695
0.695824
0.526772
0.820908
0.517807
0.333202
0.337147
0.457638
0.288509
0.433182
0.670006
0.437416
0.157784
0.269218
0.521385
0.719093
0.597740
0.656303
0.527390
0.487709
0.673988
0.585403
0.594910
0.833252
0.644440
0.472984
0.442539
0.214294
0.567078
0.334042
0.687027
0.295200
0.732002
0.624504
0.226648
0.246340
0.545387
0.449348
0.703972
0.719444
0.471828
0.671417
0.856689
0.629608
0.640907
0.374153
0.344784
0.538376
0.441605
0.284492
0.436783
0.816597
0.755455
0.142216
0.645935
0.697762
0.502373
0.386345
0.614182
0.365715
0.422520
0.597473
0.363495
0.266659
0.518227
0.176695
0.513000
0.059694
0.628792
0.214228
0.779144
0.396873
0.471020
0.631920
0.726311
0.524925
0.418392
0.371265
0.359554
0.447681
0.655762
0.382893
0.260361
0.409592
0.527855
0.320465
0.217882
0.326485
0.292191
0.128769
0.395504
0.715149
0.726242
0.344376
0.867371
0.357746
0.521523
0.377625
0.302990
0.447727
0.591850
0.195410
0.544426
0.061255
0.828506
0.270294
0.472187
0.359722
0.641548
0.532745
0.692955
0.293396
0.326782
0.065016
0.703438
0.440022
0.271481
0.221046
0.469807
0.565971
0.349815
0.450691
0.391655
0.665367
0.795509
0.373028
0.319355
0.614456
0.450481
0.323349
0.764313
0.930191
0.518768
0.419273
0.577271
0.460537
0.689568
0.460152
0.705803
0.742271
0.103420
0.510918
0.148502
0.315750
0.575935
0.738663
0.459072
0.435097
0.960159
0.225134
0.112043
0.308357
0.561829
0.503700
0.384415
0.768028
0.462563
0.404770
0.378571
0.211596
0.728569
0.253410
0.727615
0.360157
0.676155
0.715576
0.407246
0.661980
0.287430
0.524200
0.403805
0.276402
0.734940
0.552757
0.593781
0.306950
0.287498
0.463551
0.742493
0.246044
0.274509
0.554367
0.556023
0.836334
0.357788
0.525810
0.600441
0.520180
0.630859
0.093016
0.618950
0.469959
0.346428
0.757256
0.716843
0.318836
0.470089
0.535233
0.684113
0.757523
0.759262
0.198900
0.444622
0.491459
0.337036
0.626083
0.686264
0.511261
0.200605
0.540459
0.757751
0.362968
0.393375
0.309853
0.309826
0.336994
0.536674
0.324448
0.743904
0.578232
0.417461
0.475677
0.637039
0.349270
0.229017
0.464855
0.671585
0.701401
0.298637
0.351784
0.455006
0.643280
0.550682
0.199804
0.547737
0.183977
0.825890
0.345707
0.395519
0.323917
0.471989
0.567451
0.386711
0.450748
0.577126
0.700012
0.788918
0.226627
0.609840
0.646095
0.692024
0.727127
0.117852
0.439598
0.487099
0.347313
0.203009
0.744064
0.635269
0.201475
0.506996
0.503723
0.844757
0.643059
0.703529
0.389751
0.828644
0.526680
0.321278
0.637169
0.550858
0.795570
0.790001
0.350571
0.242403
0.364380
0.636398
0.144596
0.476559
0.356770
0.676239
0.281418
0.080426
0.794098
0.607018
0.454250
0.138659
0.810020
0.311588
0.187382
0.308201
0.519577
0.576660
0.152510
0.275463
0.391891
0.542709
0.100200
0.329262
0.566116
0.738541
0.765671
0.357773
0.639069
0.816513
0.600174
0.416451
0.750336
0.631500
0.594452
0.217648
0.418266
0.172129
0.184797
0.210060
0.782631
0.341625
0.351017
0.589180
0.653206
0.423954
0.900856
0.758171
0.700447
0.638741
0.331066
0.388592
0.291973
0.434013
0.303677
0.743637
0.757942
0.480053
0.397667
0.397015
0.296116
0.700417
0.398838
0.746300
0.327995
0.403999
0.852234
0.750175
0.465603
0.447742
0.256493
0.358753
0.489197
0.307343
0.244183
0.139668
0.617294
0.730408
0.785698
0.428265
0.780304
0.113290
0.818466
0.370823
0.548485
0.118227
0.225439
0.304798
0.301579
0.325233
0.701813
0.598152
0.323082
0.212799
0.640694
0.651527
0.502350
0.489021
0.397785
0.667778
0.640518
0.656578
0.912529
0.425968
0.849472
0.745567
0.453938
0.579597
0.586960
0.351334
0.594856
0.781418
0.464622
0.411709
0.852066
0.600792
0.529930
0.374943
0.492584
0.242214
0.286003
0.605095
0.725922
0.609077
0.403271
0.365444
0.260155
0.792801
0.555466
0.657944
0.458965
0.192062
0.311771
0.783371
0.620789
0.274521
0.525475
0.661270
0.440670
0.525429
0.712433
0.446228
0.302933
0.473755
0.154188
0.266708
0.661079
0.686417
0.527649
0.564369
0.815819
0.515778
0.165993
0.540115
0.422291
0.570435
0.606552
0.382717
0.013251
-0.240328
-0.188683
-0.146242
-0.100896
0.042927
-0.263428
0.038653
0.165031
0.072319
0.046408
-0.118906
-0.049979
-0.010348
-0.021982
0.065785
-0.137753
-0.068000
0.179111
0.163177
0.083253
-0.170769
0.014821
0.033667
0.207365
0.155485
0.154959
-0.027690
0.023744
0.127569
0.067704
-0.110581
0.324371
0.316730
0.179758
0.075902
0.070103
0.207600
-0.175583
-0.202578
-0.011351
-0.130304
-0.172199
0.086247
0.297054
0.095378
0.003878
0.161011
0.027378
-0.255856
0.033486
-0.035235
0.010510
0.048302
0.144299
-0.070550
-0.087477
0.151686
-0.098242
-0.209599
-0.010884
-0.030533
-0.031755
-0.124222
0.286198
-0.287998
0.100965
-0.081408
-0.080400
-0.222187
-0.284561
0.197809
0.086926
-0.019051
-0.153652
-0.055438
-0.071245
0.139225
-0.184563
-0.042737
0.030365
0.285500
0.069604
0.040879
-0.102201
-0.223808
-0.030804
0.099881
0.365585
0.161091
0.326855
-0.083584
0.131136
0.006674
-0.207806
0.127199
0.155809
-0.107411
0.045213
0.075408
-0.038890
-0.239347
-0.165625
0.195036
0.033452
0.117850
0.139595
-0.038373
-0.033060
0.103187
0.066465
-0.150269
0.240534
-0.301640
-0.110522
-0.151800
-0.089445
0.150520
0.096235
-0.161573
0.021473
0.274937
0.191422
-0.138105
-0.156101
0.274883
-0.158478
-0.000295
-0.123796
-0.113262
-0.363174
-0.015110
-0.203320
-0.091090
0.032348
-0.170448
0.025628
-0.117614
-0.061242
-0.155584
-0.162577
0.154510
0.130726
0.077956
0.289444
-0.268795
-0.072133
-0.235996
0.319431
-0.124056
0.039560
-0.097381
0.298454
-0.205021
-0.234907
-0.293648
0.216309
-0.245810
0.143194
-0.055067
-0.211494
0.218309
0.221092
0.022894
0.274792
0.253441
-0.001111
0.153978
-0.302460
0.227785
-0.292873
-0.174900
0.091023
-0.012864
0.052344
0.234028
0.008475
-0.168501
-0.149548
0.179754
-0.144979
0.037588
-0.207760
-0.285370
0.120995
-0.152533
-0.141884
0.047166
-0.107631
0.001888
-0.006771
-0.028991
-0.069942
-0.223387
0.140902
0.057275
0.030051
-0.007786
-0.227592
-0.124255
-0.219423
-0.081048
0.138554
0.311016
0.195648
0.042184
0.107336
-0.233591
0.020680
0.104789
0.383877
-0.124295
-0.005199
-0.261597
0.029176
0.265076
-0.123419
0.176294
-0.126043
-0.084053
-0.259529
-0.280388
-0.113043
0.108239
-0.066070
-0.119717
-0.270489
0.112138
-0.129215
-0.060944
-0.160271
0.089074
-0.141993
-0.021718
-0.037615
-0.236481
-0.268536
0.069144
-0.032933
0.042283
0.173933
-0.086766
-0.081439
-0.267269
-0.058230
-0.052263
-0.003899
-0.181650
-0.166101
-0.129940
0.172009
0.013789
-0.119617
0.058387
-0.025550
-0.185686
0.086247
-0.007611
0.216587
-0.190540
-0.066847
-0.233820
0.046113
0.227736
0.034597
0.009626
-0.155186
0.056198
0.078771
0.248459
-0.192791
0.106840
-0.274311
-0.126650
0.128572
0.105170
0.258217
0.124673
0.360649
-0.054882
0.142305
0.094953
-0.041674
0.022689
0.005764
-0.068354
0.127716
-0.347412
-0.074255
0.053588
-0.100244
0.296608
-0.179655
-0.203423
0.086061
-0.145060
0.096343
0.367451
0.058712
0.028114
0.179909
0.156061
0.282528
0.195738
-0.259594
0.120969
0.009057
-0.150082
-0.192644
-0.068000
-0.057388
-0.051467
-0.121758
0.191076
0.262493
0.030997
-0.166281
-0.047507
0.121301
0.049600
0.152523
0.019922
-0.093210
-0.175282
-0.183498
-0.007153
-0.172764
0.062129
-0.075704
0.175505
-0.199888
0.104209
0.332138
-0.066071
0.008674
0.072553
0.054320
0.017733
0.212599
-0.139454
-0.050267
-0.281364
-0.190920
-0.025029
-0.091423
0.071569
-0.142735
-0.257702
0.022354
0.126135
-0.062234
-0.261120
0.146059
0.282265
0.001306
-0.038016
-0.160892
0.267387
0.022978
-0.090148
0.005182
-0.177488
0.014060
-0.100389
-0.095981
0.170307
-0.177126
-0.042793
0.039890
0.037184
-0.034674
-0.011510
-0.245314
-0.224461
0.253597
-0.189739
0.137243
-0.179276
-0.008019
-0.276405
0.235863
0.219879
-0.100390
-0.056365
0.213718
0.048491
0.342194
-0.386017
-0.121837
0.219313
-0.038454
-0.116076
-0.248314
-0.024395
0.073089
-0.054157
-0.003374
-0.102326
0.193186
0.184095
-0.066274
0.159647
0.025008
0.125544
0.225321
-0.013239
-0.064193
-0.075144
-0.192514
-0.072210
-0.205685
0.042773
0.147667
0.131638
-0.014726
-0.076327
0.180702
-0.110240
-0.025209
0.058291
0.256649
-0.063661
0.232346
-0.138107
-0.089769
0.015878
-0.044688
-0.093142
-0.086447
0.148499
-0.346756
-0.153297
-0.129564
0.114828
0.119826
0.095757
0.249165
0.055634
-0.269524
-0.091500
-0.016002
-0.037494
0.097713
-0.306049
-0.051726
0.082989
0.054761
0.128977
0.120328
0.028416
-0.251579
0.231108
-0.035244
0.129477
0.240576
-0.125013
-0.002219
0.047182
-0.218155
-0.090376
0.195105
-0.128336
-0.096100
-0.224024
-0.014082
-0.124983
-0.128839
-0.055055
-0.069352
-0.108228
0.291157
0.062221
0.146124
-0.048840
0.193306
0.240839
0.034149
0.246935
-0.067896
0.006899
-0.014782
0.117662
-0.200283
-0.050025
0.246010
-0.398552
-0.176744
-0.193920
0.085765
0.042814
0.153412
-0.155136
-0.086099
0.056181
0.058556
-0.390312
0.368908
0.218716
-0.007656
0.301262
0.112198
0.134216
-0.075936
-0.032947
-0.062200
-0.171055
0.060319
-0.029760
-0.361832
-0.298283
-0.021151
0.062810
-0.181755
-0.222570
-0.135925
-0.081615
-0.182274
0.126751
-0.127960
-0.096513
0.168985
-0.264683
0.186068
-0.206669
0.081629
0.095914
-0.159273
0.013963
-0.121944
0.123782
0.025088
-0.299881
-0.179714
-0.050848
0.104308
0.196930
0.067099
-0.125505
-0.270542
-0.145447
-0.134792
0.144884
-0.231352
0.121161
0.071025
0.069859
0.187120
-0.258831
0.196609
-0.087284
0.082372
0.077168
-0.061832
-0.167562
0.160635
-0.270336
0.366066
0.000224
0.181337
-0.046015
-0.166706
0.204718
-0.057470
-0.054576
-0.134554
0.046841
-0.295357
-0.068030
-0.227377
-0.129320
-0.214613
0.074964
-0.273438
-0.156403
-0.092299
-0.349995
-0.084834
0.094248
-0.171108
0.111773
0.154539
0.058837
0.188362
-0.346130
-0.108722
0.347862
-0.177050
-0.179790
-0.088490
0.002580
-0.226387
0.034938
-0.228703
0.007989
-0.019639
-0.073122
0.053696
0.122138
0.295429
-0.024395
0.142099
-0.355762
-0.239567
-0.278915
-0.074458
-0.042305
-0.191196
0.278416
0.053649
0.075405
-0.045810
0.060616
-0.303471
-0.005023
0.153902
-0.121477
-0.093738
0.265854
-0.154272
-0.182228
-0.169275
-0.090522
0.290417
-0.250401
-0.083666
-0.017643
-0.033965
0.119315
0.103360
-0.026965
0.094917
0.097308
-0.092597
-0.145227
-0.035160
0.270657
0.104314
-0.226934
0.113072
-0.132172
-0.005086
-0.371033
-0.219130
-0.017287
0.060527
0.081212
0.008816
-0.033211
0.056935
-0.145458
0.221138
0.326504
0.200598
0.223135
-0.071470
0.118639
-0.233931
0.043849
-0.052179
0.307148
-0.132399
0.042161
-0.031549
-0.077420
-0.103064
-0.067287
-0.098608
0.001252
-0.003510
0.304600
-0.130919
0.281540
-0.067565
-0.058203
-0.025883
0.141670
-0.124564
-0.018781
-0.181677
0.224218
-0.164242
-0.106978
0.113013
-0.110085
-0.175116
-0.249168
-0.281578
0.028667
0.083682
0.103370
-0.102480
0.098859
-0.002041
0.303684
-0.126717
0.185030
-0.200737
0.066521
0.187988
0.233463
0.079850
0.057070
0.076712
0.160997
-0.002267
-0.237593
-0.135044
0.022455
0.181335
-0.026585
-0.044598
0.017098
0.012878
-0.079740
-0.092988
-0.162813
0.107671
0.062010
-0.134148
-0.244646
-0.272331
0.055220
0.143768
0.162203
-0.079385
-0.271370
0.057098
0.157589
-0.058406
-0.193756
0.242899
-0.126129
-0.134975
0.031187
0.034867
-0.137243
0.082598
-0.100180
-0.263500
-0.174353
0.021948
-0.018539
-0.157257
0.324963
-0.388412
-0.103803
-0.273849
0.011106
-0.331928
0.029138
0.204170
-0.167124
0.084358
0.057805
0.142660
0.005549
0.075433
-0.237955
0.162561
0.017030
0.005999
-0.031675
0.039610
-0.129551
0.289650
-0.363232
-0.266220
0.082111
-0.024563
-0.092585
0.054201
-0.002616
0.038163
-0.101345
-0.116499
0.087467
0.232565
-0.100791
-0.340271
0.191904
-0.071079
0.301609
0.171228
0.013277
-0.078298
0.168018
0.018250
-0.002865
0.220201
-0.256321
-0.132277
-0.212084
0.002137
0.054910
0.096645
0.001651
0.129393
0.268139
-0.355083
0.104828
0.175554
0.136251
0.102210
-0.223993
-0.112670
-0.160730
0.155315
0.119895
0.175056
-0.184954
0.311798
0.103977
-0.173479
0.045316
0.118964
0.038358
0.064629
-0.301632
0.035493
-0.005883
-0.267815
0.050795
-0.069817
-0.118101
-0.041868
-0.120746
0.321255
-0.058918
0.147392
0.255733
0.045910
0.032234
0.103561
0.001679
-0.337624
-0.157820
-0.160185
-0.182882
0.252209
0.014867
-0.221394
0.126299
-0.027020
-0.104737
0.172194
-0.198189
0.371330
0.236244
-0.210260
-0.029752
-0.205641
-0.038655
0.168621
0.162254
-0.009754
-0.019689
0.189085
0.164503
0.068971
0.046347
0.130102
0.114879
-0.068997
0.084953
-0.173578
0.030513
-0.071733
0.103949
0.284210
-0.109658
0.120529
0.064526
0.017773
-0.196623
-0.188366
0.189966
-0.106390
0.184673
-0.011499
0.121065
-0.135214
-0.070700
0.228849
-0.114744
-0.198580
0.073227
0.013142
-0.158201
-0.200558
0.082109
0.177700
0.075992
0.198700
-0.038295
0.014499
-0.123032
0.139793
0.380478
0.129066
-0.011998
0.123240
0.101446
-0.095623
0.141014
0.193823
-0.136412
0.039132
-0.350277
0.048263
-0.118235
0.208498
0.060049
-0.041931
0.000772
0.384724
0.050199
0.072866
-0.039844
-0.108577
-0.127691
0.043976
0.070833
0.237856
0.242676
-0.257595
-0.037780
0.118508
-0.267078
-0.095016
0.099429
0.158630
0.029932
-0.089259
0.061876
-0.120900
-0.333145
0.217308
0.210077
-0.246288
-0.026273
0.239422
0.252922
0.035487
0.196352
-0.184015
-0.018631
0.245975
-0.111727
-0.058475
0.139109
-0.092973
-0.015631
0.062370
-0.292828
0.227041
-0.048779
0.107679
0.056553
0.121846
0.012661
0.155981
0.134037
0.040887
-0.370411
0.195911
0.069275
-0.265846
0.121375
0.279354
-0.221424
-0.193327
0.081062
0.030922
-0.157841
-0.013295
-0.005519
-0.176470
-0.203318
-0.118379
0.054054
0.225927
0.225782
0.187708
-0.002972
0.223093
-0.022955
0.238380
0.040058
-0.115115
0.069520
0.053298
0.190153
-0.234156
-0.195950
-0.180260
-0.327805
0.163460
-0.157681
-0.058854
0.005101
0.058603
0.185528
0.085588
0.089526
-0.119886
0.072870
-0.064145
-0.149914
0.159685
0.255188
-0.094149
0.094343
0.043262
0.093558
-0.346340
-0.023782
-0.077547
0.039618
0.016280
-0.043376
0.109138
0.069575
-0.002512
0.166826
0.164894
0.107368
-0.013982
-0.109356
0.387394
-0.072836
-0.250698
0.009421
-0.033749
-0.018670
-0.048631
-0.007192
-0.093372
0.035377
0.281734
-0.081262
-0.000145
0.187588
0.013083
0.043693
0.280571
-0.333256
-0.127661
-0.087110
-0.293636
0.036190
0.158514
0.106767
-0.041808
0.008427
-0.017674
0.123085
-0.174919
-0.031655
0.012596
0.213051
0.183933
0.199610
0.074895
-0.139950
0.035075
0.172131
-0.145433
-0.058299
-0.082626
-0.301411
0.298725
-0.081062
-0.114391
-0.125902
-0.185522
0.166180
-0.020871
-0.165606
0.077937
-0.315083
-0.131126
-0.199549
0.228264
-0.172934
-0.044121
-0.227123
-0.049848
0.072803
0.178356
-0.035543
-0.004278
-0.073709
0.014781
0.216482
-0.214792
0.049856
0.098477
0.077485
-0.298576
0.017563
0.212082
-0.147427
-0.211653
0.245264
-0.126329
-0.250736
-0.027394
-0.147200
0.021369
-0.237883
-0.023997
-0.109756
-0.147301
-0.233442
0.009153
0.246292
-0.021720
0.395882
-0.118614
0.156637
-0.077945
0.022972
-0.208344
-0.061454
0.091879
0.016287
-0.012732
-0.245644
0.093773
-0.021176
0.062052
0.017433
-0.021603
-0.149603
0.113989
-0.146223
0.037373
-0.201832
0.143152
0.057031
-0.149578
-0.171553
-0.200302
0.140255
-0.113153
-0.192858
-0.051164
0.012699
0.204733
-0.168646
0.169336
0.126789
0.144461
-0.037297
0.064200
-0.052085
0.126566
0.052602
-0.297726
0.071055
-0.258709
-0.235680
0.236063
-0.131027
0.050718
-0.086525
0.160460
0.088092
0.001777
-0.134676
-0.002455
-0.148380
-0.014384
-0.056888
-0.008126
0.020041
0.189669
0.230843
0.032165
0.104270
-0.229071
-0.237343
-0.207226
0.354805
0.162498
-0.141314
-0.136122
0.140356
-0.088716
0.003858
-0.077012
-0.200426
0.056604
-0.279236
-0.041320
0.107323
0.070814
-0.172710
-0.094723
0.072592
0.132038
-0.098886
-0.076921
-0.031053
-0.155777
-0.085047
-0.301147
0.033893
-0.001780
0.020018
-0.009411
-0.230850
0.219809
-0.067353
-0.024194
0.093884
0.079753
-0.012741
-0.055894
0.138613
-0.010593
-0.133480
0.374763
-0.244123
0.025571
-0.103136
0.010777
0.096384
0.161867
0.206188
0.170687
0.145197
-0.182831
-0.196947
0.261719
-0.046764
0.008718
-0.039430
-0.303005
0.006936
-0.019993
-0.311287
-0.224489
-0.088608
-0.089637
-0.099401
0.004140
-0.300014
0.176859
-0.051753
-0.161982
-0.122158
0.253052
-0.224930
0.071431
-0.159092
0.108509
0.083918
-0.062707
-0.165625
-0.148180
0.107405
-0.020427
0.107276
0.201170
0.095424
0.207512
-0.227825
0.054284
0.341084
0.216249
0.036001
0.029799
0.281895
0.093838
-0.060413
-0.255219
0.097976
0.077283
0.070926
0.046224
0.204304
-0.199383
-0.139011
0.128080
0.309757
0.139606
0.089017
-0.044611
0.078035
-0.078317
-0.044640
0.184305
-0.097034
0.062638
-0.052235
-0.003320
-0.019987
-0.132483
-0.239174
0.172943
-0.063810
0.234535
0.203316
-0.070345
-0.109337
-0.147226
-0.035430
-0.158937
-0.069945
0.033783
0.035439
-0.155779
-0.018026
-0.103573
0.262440
-0.145401
0.036037
-0.086253
0.100122
-0.033505
0.273140
0.203060
0.298378
0.028527
0.265114
-0.189861
-0.264927
-0.193718
0.115371
-0.212261
-0.019063
0.052692
-0.126431
0.183678
-0.017655
0.203653
0.035317
0.092780
0.191156
-0.034624
0.128275
0.078443
0.248440
-0.037328
-0.023418
0.073170
-0.182724
0.012615
0.134493
0.064974
-0.022021
-0.028374
0.120454
-0.161358
-0.291695
-0.051560
0.085360
-0.117201
0.191860
-0.088268
-0.041035
0.172798
-0.036715
-0.019891
0.065207
-0.054371
0.035608
-0.188475
0.328545
-0.061659
0.067031
0.019110
0.016782
0.025337
-0.017639
-0.008346
-0.338066
-0.053364
0.004270
-0.204714
0.011608
-0.018331
0.056468
0.132645
0.258602
-0.233509
-0.209631
0.053251
-0.061709
0.129807
0.255112
-0.102746
0.156734
0.070825
0.314499
-0.068769
0.015322
-0.085894
0.032891
-0.092712
-0.001111
0.101630
-0.074734
-0.132479
0.126392
0.054626
0.008462
-0.251511
-0.008706
-0.143644
-0.246847
-0.368942
0.523567
-0.297474
0.027603
-0.149549
0.204527
0.103332
0.152649
0.547157
0.232609
0.119020
-0.099432
0.170647
-0.121181
-0.093512
0.297665
-0.233372
0.362865
0.194918
0.176920
-0.015650
-0.197512
-0.411667
0.122608
-0.335976
0.203253
0.223818
0.029920
0.096569
-0.020216
-0.319336
0.345036
-0.016078
-0.097766
-0.144373
-0.065236
-0.412277
-0.043060
-0.530396
-0.482529
0.089154
0.108060
0.037862
0.259407
-0.013119
0.042727
0.042467
0.370525
0.307606
0.237391
-0.069571
-0.225451
-0.479156
0.136175
-0.102841
-0.198116
-0.177588
0.120979
0.349213
0.019370
0.100764
0.129881
-0.253391
0.185078
0.032118
0.219648
0.122249
0.139273
0.075803
-0.508522
-0.242865
0.265739
0.216944
0.309994
0.008136
0.205845
-0.262276
-0.051805
-0.041040
0.045332
0.285583
-0.010219
-0.182138
0.325867
0.025568
0.232037
0.025332
-0.049217
0.350601
-0.142864
-0.029848
-0.065649
-0.110960
-0.280827
0.121840
-0.078843
0.453430
0.244099
0.158804
-0.085766
0.252197
-0.182039
0.179979
0.471546
-0.389053
-0.431709
0.059980
-0.033923
0.136312
0.119332
0.009390
-0.095118
0.009117
0.343880
-0.389076
0.135078
0.058901
0.256073
-0.016549
-0.105098
0.213606
0.472649
0.446663
0.102648
-0.327213
0.568504
0.126604
-0.491196
0.194805
0.185019
0.040451
0.449409
0.000957
-0.299000
0.303551
0.231726
-0.110882
-0.254272
0.095393
0.025429
-0.237352
-0.410217
-0.070079
-0.128237
-0.166727
0.160664
-0.091138
-0.005022
-0.200666
-0.007688
-0.112533
0.112938
-0.154470
-0.283272
0.117607
0.135725
-0.332176
0.141411
0.163568
-0.237768
-0.290981
0.204021
-0.407787
0.329403
0.007822
0.412781
0.042095
0.413963
-0.360531
-0.480316
-0.178411
0.021547
-0.373508
0.366901
0.510727
0.079588
-0.089843
-0.197821
-0.442451
-0.192141
0.311897
-0.037961
-0.177176
-0.359589
0.193373
-0.061982
-0.221842
0.378208
-0.437588
0.042119
-0.474548
-0.111156
0.246134
-0.264923
0.316628
-0.365864
0.248644
0.257938
-0.052294
-0.212667
0.297058
0.384686
-0.090727
0.023941
0.136585
-0.195000
0.003136
0.046743
0.224590
-0.338917
-0.243765
-0.081314
0.137724
0.094058
-0.338097
-0.283901
0.132471
0.057470
0.094314
-0.405510
-0.000805
0.237179
-0.416668
-0.374485
-0.027353
-0.198021
-0.120528
0.120901
0.059920
-0.172823
0.008626
-0.160040
-0.303135
-0.079686
-0.234079
0.350468
-0.274685
-0.130550
0.394802
0.049901
0.047550
0.151037
-0.031024
0.185274
-0.271919
-0.369118
-0.199020
-0.240236
0.202957
-0.102294
-0.028335
0.202156
-0.482529
0.072412
0.344681
0.107528
-0.125999
-0.292862
-0.388977
-0.168489
0.051333
-0.378330
0.290897
0.265213
-0.458015
-0.045588
0.096645
-0.115688
-0.076140
-0.125961
0.449219
-0.128983
-0.072904
0.418194
-0.041688
0.270176
-0.568336
-0.140314
0.032348
-0.365372
0.374805
0.002000
0.351391
-0.006942
0.074018
0.181469
0.000195
-0.152374
-0.113807
0.229017
-0.218063
-0.062470
0.367706
-0.029570
-0.414669
0.524681
0.024842
0.198997
-0.208412
0.465721
-0.441959
-0.276218
-0.179882
0.100529
0.244783
-0.121179
-0.246704
-0.325569
0.353893
0.302662
-0.171902
0.113706
-0.210337
0.279881
0.006373
0.380707
-0.158077
0.004549
0.329117
0.347931
0.233568
0.111057
-0.331940
-0.016529
0.181490
-0.227177
-0.008861
0.206337
-0.030589
0.398117
0.153017
-0.472546
0.124311
-0.026865
0.144999
0.367081
-0.148039
0.000705
0.041506
-0.409138
0.301353
-0.130392
0.319962
0.091016
0.149879
-0.291080
-0.145294
0.091804
-0.286526
0.083431
0.339348
-0.050550
0.294491
-0.090961
-0.069095
-0.143452
-0.217747
-0.075553
0.062881
-0.147943
-0.294842
-0.401508
-0.002686
-0.172550
0.191448
0.141922
-0.422882
0.041391
0.140610
-0.379353
0.149275
-0.173040
0.007275
-0.047783
-0.182806
0.257153
0.176132
0.188917
0.250980
-0.007594
-0.245060
-0.027080
-0.160551
0.147799
-0.017647
0.387375
-0.096040
-0.237806
-0.205196
-0.033156
0.133686
0.016981
0.183138
0.130606
0.361450
-0.242825
0.270508
-0.059412
0.415977
0.313137
0.078254
0.048628
0.140099
0.185921
0.000843
-0.042709
-0.173941
0.179392
0.146214
-0.023352
0.169785
0.001550
-0.052845
0.109628
0.051371
-0.068080
-0.120412
-0.044669
0.211136
0.293823
-0.077433
-0.174610
-0.306606
0.105705
-0.044005
0.054843
-0.036725
0.228918
0.095826
0.276840
-0.075356
0.174074
-0.291943
0.064739
-0.157019
0.328728
0.019625
-0.431355
-0.111315
0.266235
0.162312
0.058470
0.169804
0.109470
-0.449314
0.219152
0.139759
0.047295
0.174492
-0.264492
-0.276295
0.097057
0.178312
0.032490
0.202761
0.134705
0.089743
0.063628
-0.253784
-0.333866
0.342880
0.286255
-0.157372
-0.466076
0.350994
0.202623
-0.237745
-0.246784
0.287899
-0.248665
-0.078529
-0.169216
-0.190197
0.089255
0.040644
-0.022098
-0.208609
0.082427
0.128000
-0.034120
-0.184080
-0.049921
0.063333
0.094624
-0.115413
0.165703
0.128941
0.074331
0.231741
-0.126863
-0.359921
0.057603
0.059000
-0.002296
-0.508865
0.409607
0.199934
-0.128805
0.263607
-0.031199
0.239939
-0.332333
0.417000
0.050138
-0.142683
-0.056962
0.027642
-0.452076
0.023452
0.153627
0.129196
0.456387
0.005334
0.091743
-0.066395
-0.110082
0.259861
-0.454468
-0.136137
-0.027826
-0.064316
0.119330
-0.070609
0.097099
0.219446
-0.064865
-0.010314
-0.097628
-0.093275
0.253292
-0.226805
0.048294
0.435959
-0.326824
0.198822
-0.324532
0.131216
0.124059
-0.161217
0.054273
-0.337711
-0.129999
-0.106746
0.285042
-0.038255
0.446293
0.074565
-0.295803
0.508842
0.038435
0.193386
-0.072490
0.057371
0.120765
-0.075785
-0.240196
-0.458702
-0.085708
0.179588
-0.035358
-0.349823
-0.047216
0.113330
0.088547
0.241354
0.209743
-0.237999
0.274590
-0.181194
0.120213
-0.188547
0.098506
-0.010179
-0.292885
0.283157
-0.048432
-0.464001
-0.259686
-0.341824
0.143213
-0.221252
-0.150452
-0.030062
-0.065904
0.072724
-0.105452
-0.303692
0.131039
-0.091154
0.392521
0.095684
0.076039
0.343296
0.111039
0.062176
-0.033158
-0.297020
-0.073412
-0.275589
0.139193
-0.053588
0.055295
0.137312
-0.164156
-0.237982
0.320080
-0.112589
-0.084573
0.160784
0.162996
-0.042138
0.454136
0.114962
0.442806
-0.226765
0.187681
0.437737
-0.013430
0.218328
-0.270824
0.377079
-0.203394
0.324646
0.102567
-0.094375
-0.130590
0.069412
0.228428
0.313023
-0.203764
-0.251808
0.159039
0.368153
-0.112081
0.094880
-0.386841
-0.411430
0.085093
0.145998
0.268391
0.145683
-0.515564
0.105113
0.260651
-0.589783
-0.121646
0.345917
-0.250412
-0.237492
0.046841
0.096175
0.139196
-0.055765
-0.196980
-0.275257
-0.250530
0.290234
-0.203432
0.077898
-0.014160
-0.407196
-0.171490
-0.371746
-0.039038
0.231037
0.240158
-0.425884
0.336628
0.323235
0.236746
0.087997
-0.146471
0.338589
0.193506
-0.402843
0.265430
0.071858
0.562508
0.115408
0.453800
0.090314
-0.303017
0.075978
-0.065844
0.014999
-0.297253
-0.213568
-0.312180
0.116726
-0.236059
0.293488
0.226547
-0.309566
0.438370
0.187119
-0.178921
0.159491
-0.238768
0.260509
-0.132668
-0.004040
-0.168900
-0.178745
-0.283253
-0.075785
-0.064568
-0.536865
-0.003922
-0.121490
0.198372
0.449879
-0.028765
-0.207058
0.423450
-0.094610
-0.092059
0.226589
0.208448
0.115198
0.240900
0.075199
-0.108728
-0.049568
-0.334766
-0.289787
0.235920
0.106137
0.487118
-0.003235
-0.150766
0.354450
-0.007276
0.195328
0.175703
0.324863
0.222349
-0.504257
0.307430
0.218426
-0.108727
-0.011215
0.048884
-0.037488
0.298351
-0.044688
-0.230078
0.105903
0.083921
-0.021627
-0.295921
-0.292587
0.051155
0.110355
-0.241762
-0.281197
-0.179432
-0.106236
-0.077080
-0.307705
-0.107062
0.289173
0.147139
-0.116746
-0.032510
0.224472
0.110136
-0.429588
-0.279781
-0.200235
-0.211548
-0.290138
-0.311840
-0.263058
0.191805
0.084887
0.211296
-0.040686
0.090390
-0.324219
-0.062315
-0.105135
0.000214
-0.008746
0.005215
0.275467
-0.191963
0.445213
0.272038
0.247982
-0.479900
0.062176
0.020136
-0.433159
-0.154961
0.085995
-0.208685
-0.044822
-0.441566
-0.488468
-0.144665
-0.035707
-0.159180
0.060115
-0.298763
-0.069784
0.144997
-0.087471
-0.110471
-0.281624
-0.311295
-0.173176
0.130251
0.304314
-0.083552
0.135469
0.065175
0.241508
-0.036725
-0.282604
-0.127922
0.100784
0.396984
-0.208176
0.287060
0.242023
0.397255
0.078370
-0.317413
-0.561722
0.209333
0.154940
0.017960
0.048136
0.217468
0.236214
-0.021654
-0.256962
0.249134
0.484901
-0.021569
-0.064569
-0.205296
0.008293
0.242153
0.230591
0.246176
0.407337
0.371311
-0.407963
0.024334
-0.371613
0.312256
-0.196098
0.035214
-0.018098
-0.471092
-0.084549
0.060274
-0.171101
-0.030883
-0.247410
-0.114139
-0.010904
-0.299667
0.000921
-0.291706
-0.321705
-0.256435
-0.040549
-0.353821
0.341820
-0.105120
-0.041705
0.349728
0.237427
0.088490
0.078878
0.025331
-0.159628
0.290745
-0.467350
0.085784
-0.014413
-0.048058
0.223804
-0.032512
0.000272
-0.480179
0.027371
0.444176
0.108372
0.399784
-0.287376
-0.002922
-0.519707
-0.186453
0.322781
-0.221590
0.176935
0.282234
-0.060412
-0.098650
-0.339508
-0.001728
0.251076
0.514946
-0.013629
-0.285042
-0.074727
-0.070844
-0.095078
-0.027476
0.012921
-0.009098
-0.073118
0.236725
-0.042000
-0.073237
0.275978
-0.014628
-0.146078
-0.132668
0.383137
0.184349
-0.035197
0.483257
-0.102492
0.287193
-0.255352
0.072432
0.052804
-0.215372
0.490410
0.229918
-0.315075
0.224859
0.127449
0.185904
-0.060569
0.050704
0.215448
-0.057275
0.025647
0.230783
-0.066372
-0.047864
-0.151924
-0.110393
0.496315
0.224453
-0.125021
-0.269199
-0.011020
-0.256882
-0.185234
-0.046215
0.226374
0.331707
0.241371
0.069001
0.404137
-0.323627
-0.246761
0.377926
-0.093706
-0.047236
0.085372
0.134134
0.141079
0.024801
-0.329765
-0.260883
-0.032473
-0.204115
-0.032116
0.416153
0.265038
-0.282021
-0.312042
0.242310
0.459442
-0.336666
0.490135
-0.066176
0.021844
-0.209703
-0.114803
-0.369591
0.222389
-0.390450
-0.300587
0.107098
-0.197060
-0.029944
-0.132395
-0.190372
-0.177570
-0.147411
-0.053824
-0.036491
0.494804
-0.386002
0.322449
-0.157099
-0.073096
0.189943
0.258667
-0.327099
0.008315
-0.053375
0.015604
-0.049258
0.229782
-0.111668
-0.115433
-0.366177
-0.321369
-0.230236
-0.117963
0.417648
-0.101647
0.098469
-0.090256
-0.198317
-0.031864
-0.222649
0.230742
-0.107018
0.249371
-0.442509
0.473900
0.124743
-0.211096
0.176529
-0.130726
0.333210
-0.148136
0.127937
0.006117
-0.142237
0.076980
0.021724
0.425922
-0.210258
-0.089941
-0.306923
-0.061433
0.107725
0.080252
0.438015
0.006332
-0.021394
0.021883
-0.083922
-0.221727
-0.012395
0.210842
-0.091372
0.497997
-0.056804
0.083137
0.354881
0.067548
-0.127960
0.014390
0.037217
0.102451
-0.134140
0.167566
0.208961
0.343449
0.244547
0.127882
0.151960
0.032274
0.040352
-0.154568
0.070842
0.045669
-0.074312
-0.106136
0.152388
-0.095707
0.432377
-0.029510
-0.317822
-0.097041
0.281334
0.208609
-0.216061
0.222511
0.291744
-0.378193
0.189663
-0.353233
-0.364197
0.126881
0.366623
0.121490
-0.322964
-0.039412
-0.154488
0.019963
0.088470
-0.102921
-0.465176
0.026021
-0.257492
0.122685
0.172075
0.184824
-0.083842
0.226097
-0.013295
0.448917
0.196589
-0.228317
-0.265141
-0.041120
-0.020103
0.136215
0.080607
0.269627
-0.141981
0.270271
0.433411
0.010841
-0.120255
0.185038
0.132332
0.172178
0.145231
-0.122549
-0.325275
0.131294
-0.225080
-0.273434
-0.357296
0.134842
-0.248724
0.331409
0.320061
-0.232174
-0.059903
0.306370
0.218763
0.136683
0.078060
0.470646
0.095179
0.055941
0.089451
-0.441628
0.327579
-0.052534
0.446449
0.243979
-0.041687
-0.291214
-0.188787
-0.009353
-0.016629
-0.143942
-0.131901
0.175112
0.090157
0.260433
-0.095905
0.249489
-0.221748
-0.344631
-0.036511
-0.002471
-0.059784
-0.094001
-0.213116
-0.360058
0.141058
-0.032254
0.009804
0.138252
0.023296
0.197628
0.312023
0.350880
0.044704
0.241056
-0.020141
0.520432
0.052646
0.308094
0.511078
-0.066392
-0.352470
-0.137844
0.108724
-0.363098
0.122978
0.010805
0.501785
-0.098765
-0.333828
-0.051747
-0.101238
0.223803
0.369251
0.303055
-0.136257
0.412331
-0.346996
0.493374
0.033177
0.193703
0.073586
-0.171822
-0.072827
0.118684
0.071645
-0.195374
0.122099
0.021491
0.215136
0.015765
-0.044902
-0.237726
0.394936
0.063432
0.014568
0.000900
-0.440372
-0.101059
0.418766
-0.259590
-0.152803
-0.199492
-0.035785
0.218863
0.105587
-0.169624
0.113783
0.273590
-0.294064
0.144938
-0.049726
0.294533
-0.026882
-0.120138
-0.104196
-0.058040
-0.215118
-0.082490
0.063845
-0.102393
-0.067118
0.018941
-0.240116
0.430626
0.084785
-0.225550
0.328728
0.159018
0.290413
0.132490
-0.000179
0.138000
-0.169413
-0.133942
0.356468
-0.063824
0.213449
-0.149178
0.212175
0.019783
-0.004237
0.062058
-0.303490
-0.031119
0.456921
0.212132
0.013646
-0.373589
0.029254
-0.022902
0.141432
0.064941
-0.001942
-0.098294
-0.124255
0.080825
-0.324234
0.204470
0.340233
-0.033434
-0.180059
-0.277351
-0.412453
0.270351
0.206114
-0.156372
0.204119
-0.097843
-0.205154
-0.100728
0.438957
0.408012
-0.038668
0.135860
-0.242924
-0.098763
-0.269409
-0.229275
0.044666
-0.142179
-0.252178
0.286488
0.439789
0.363297
0.087806
-0.301884
-0.173294
0.380978
-0.095000
0.266941
-0.169472
-0.176685
-0.110805
-0.065297
0.093275
0.097329
0.393726
0.299809
-0.000510
0.087785
0.197058
-0.178570
-0.123628
0.158392
-0.043098
0.253273
-0.038745
0.304893
0.023607
0.106311
0.162722
-0.228569
-0.224606
-0.014905
0.132704
-0.036808
0.300629
0.059807
-0.172451
0.303608
0.224329
-0.442707
0.028942
-0.401470
0.009408
0.122215
-0.306156
-0.214281
-0.097019
-0.306667
0.493328
-0.414959
0.031784
-0.147709
0.260448
0.089074
0.105565
-0.295311
0.391567
0.129568
-0.086588
-0.060706
-0.099001
-0.313213
-0.075608
0.036116
0.169409
0.222607
-0.006884
-0.003432
0.011604
-0.297153
0.068861
-0.576859
-0.181610
0.078275
0.162371
0.129648
-0.233980
-0.449253
-0.179041
0.359352
-0.347198
-0.044841
-0.407784
-0.087138
0.042216
0.317608
-0.380039
-0.181215
-0.170628
