0.690600
0.786384
0.575490
0.732333
0.738173
0.403224
0.629251
0.894023
0.331251
0.570796
0.611631
0.496592
0.325353
0.719180
0.754533
0.387847
0.291761
0.898902
0.436004
0.633266
0.371890
0.496196
0.683706
0.351282
0.480588
0.578074
0.649627
0.248482
0.582961
0.391859
0.533118
0.569812
0.289941
0.219133
0.414973
0.324365
0.210486
0.456541
0.803768
0.427290
0.615019
0.413780
0.624157
0.640200
0.243486
0.790561
0.325471
0.535694
0.685541
0.649329
0.755514
0.354129
0.257224
0.435298
0.408714
0.323639
0.601055
0.354592
0.572122
0.480714
0.331831
0.101318
0.464698
0.507325
0.324373
0.765671
0.531965
0.420412
0.218290
0.631984
0.848874
0.245180
0.156737
0.583557
0.770933
0.289251
0.670368
0.509404
0.410326
0.353608
0.859733
0.278667
0.407565
0.113035
0.599965
0.701831
0.438976
0.612890
0.166949
0.421796
0.206431
0.385506
0.525863
0.256957
0.892831
0.435616
0.134325
0.422047
0.857200
0.352616
0.467479
0.702153
0.485651
0.325216
0.696855
0.368282
0.614467
0.364475
0.463067
0.727368
0.417910
0.619051
0.303459
0.711027
0.734388
0.488804
0.526859
0.584510
0.804271
0.579361
0.591686
0.308126
0.077694
0.704102
0.450635
0.382843
0.435969
0.584961
0.392573
0.289247
0.824302
0.559878
0.691674
0.420478
0.181345
0.385780
0.791063
0.383941
0.450082
0.551553
0.408733
0.568267
0.283431
0.712192
0.392122
0.604820
0.197522
0.804980
0.299855
0.299216
0.496039
0.778267
0.307169
0.459733
0.481196
0.643804
0.544706
0.616992
0.340463
0.233529
0.609988
0.278039
0.205725
0.412188
0.398345
0.387071
0.500098
0.487278
0.657737
0.360878
0.626514
0.477169
0.516827
0.610220
0.889635
0.206820
0.625737
0.385710
0.308051
0.223016
0.384753
0.503917
0.586663
0.579777
0.377824
0.478557
0.335278
0.507910
0.508996
0.678490
0.743059
0.529682
0.541910
0.834337
0.642870
0.236506
0.217486
0.439220
0.611639
0.577800
0.689126
0.349126
0.165494
0.316925
0.371216
0.353682
0.409298
0.882506
0.440392
0.418349
0.216047
0.825145
0.218518
0.688262
0.517067
0.296616
0.580266
0.265345
0.691251
0.790263
0.829388
0.730561
0.316023
0.481823
0.675423
0.255145
0.604329
0.595486
0.697839
0.327667
0.470710
0.497490
0.676792
0.636204
0.699968
0.633388
0.576886
0.106518
0.627592
0.427976
0.524867
0.729192
0.251949
0.629384
0.832074
0.769016
0.929474
0.408420
0.619741
0.616804
0.309208
0.560102
0.760812
0.626404
0.338176
0.432314
0.581376
0.356678
0.438498
0.575466
0.684792
0.494588
0.772784
0.474412
0.545412
0.470451
0.405671
0.532996
0.576968
0.146090
0.548655
0.398533
0.761282
0.500431
0.440918
0.703882
0.381145
0.366471
0.224000
0.299886
0.683102
0.418761
0.861161
0.439992
0.341416
0.197718
0.285753
0.811820
0.554843
0.310804
0.497812
0.350161
0.808141
0.570321
0.711298
0.349631
0.451471
0.229796
0.582455
0.327439
0.261886
0.541808
0.425800
0.433867
0.629239
0.452098
0.726604
0.308937
0.705294
0.836157
0.308651
0.386777
0.553471
0.580510
0.239086
0.595886
0.365227
0.410392
0.518231
0.330769
0.423325
0.014424
0.569957
0.528890
0.584745
0.277333
0.578349
0.736490
0.393129
0.572675
0.649310
0.655015
0.113310
0.373663
0.676564
0.742549
0.826933
0.399247
0.462184
0.530608
0.231482
0.658008
0.917384
0.485953
0.236898
0.152549
0.380392
0.602125
0.566416
0.598451
0.636196
0.875741
0.612875
0.316678
0.515157
0.194871
0.480012
0.205651
0.933663
0.575271
0.663878
0.580223
0.226365
0.662741
0.653713
0.602757
0.705016
0.479028
0.299428
0.163725
0.709463
0.533212
0.824035
0.624545
0.429863
0.761933
0.187792
0.395635
0.475031
0.640208
0.407086
0.521925
0.627647
0.906686
0.424431
0.842631
0.214384
0.792298
0.933835
0.444745
0.478094
0.596541
0.610349
0.704459
0.671153
0.678682
0.606941
0.372694
0.568408
0.606196
0.538722
0.275569
0.435659
0.474455
0.310812
0.454376
0.232467
0.384157
0.850012
0.707498
0.727666
0.254349
0.229424
0.465839
0.159416
0.539408
0.307298
0.259353
0.443404
0.238384
0.403925
0.921498
0.245624
0.312145
0.625510
0.504906
0.690655
0.228529
0.877600
0.255141
0.720278
0.413573
0.416263
0.268765
0.587855
0.727074
0.422969
0.820322
0.700533
0.570404
0.526647
0.538725
0.526882
0.641623
0.301263
0.686298
0.292729
0.608561
0.645478
0.738435
0.734800
0.346102
0.656012
0.681870
0.358074
0.277600
0.483027
0.347282
0.506129
0.360180
0.603596
0.339235
0.473580
0.607988
0.609173
0.359988
0.332314
0.617521
0.176388
0.443545
0.298451
0.402863
0.393416
0.710886
0.156184
0.396808
0.393263
0.451216
0.890922
0.334992
0.775031
0.737420
0.567820
0.427122
0.417670
0.813749
0.708196
0.786251
0.272729
0.324851
0.256957
0.762325
0.665259
0.732839
0.480839
0.859812
0.203353
0.226153
0.587859
0.380188
0.670145
0.186035
0.672078
0.651243
0.193173
0.414090
0.344302
0.589910
0.750859
0.821776
0.925349
0.636863
0.557576
0.491549
0.362537
0.271945
0.417443
0.181706
0.758024
0.690173
0.507729
0.604282
0.563024
0.761117
0.747819
0.342416
0.731455
0.838345
0.455741
0.732761
0.803914
0.711267
0.804349
0.472071
0.474208
0.109667
0.299161
0.403890
0.585129
0.750294
0.638667
0.623306
0.685710
0.306769
0.816302
0.159945
0.278541
0.529996
0.341651
0.334435
0.330694
0.435208
0.349416
0.779718
0.607023
0.682616
0.232659
0.336859
0.631486
0.273780
0.656173
0.434953
0.399220
0.871667
0.492851
0.873427
0.866886
0.793185
0.575871
0.564843
0.541859
0.326235
0.775149
0.639439
0.218831
0.887702
0.799831
0.498545
0.528224
0.137561
0.532808
0.558745
0.573941
0.770078
0.334541
0.179345
0.563667
0.455502
0.403376
0.194706
0.730455
0.470247
0.515659
0.540820
0.337992
0.419208
0.412627
0.316576
0.325220
0.688772
0.581694
0.754251
0.600388
0.653094
0.504216
0.231090
0.651321
0.414573
0.730083
0.290071
0.438133
0.559141
0.734369
0.308325
0.440192
0.482357
0.374843
0.416859
0.638859
0.778219
0.497118
0.780012
0.358992
0.712604
0.319212
0.282812
0.543682
0.432114
0.601690
0.454729
0.116965
0.480808
0.619678
0.718525
0.836031
0.234420
0.360761
0.484604
0.534992
0.676224
0.476804
0.859851
0.531615
0.623490
0.281004
0.673937
0.805674
0.655847
0.676176
0.440612
0.546894
0.285439
0.333451
0.491714
0.294294
0.653110
0.663553
0.538251
0.670604
0.375769
0.292706
0.788741
0.742576
0.612212
0.503345
0.575859
0.435486
0.864106
0.473910
0.381176
0.536408
0.361412
0.239408
0.479169
0.570282
0.221859
0.449357
0.375510
0.463086
0.536678
0.816121
0.307851
0.707670
0.447443
0.387247
0.588517
0.685933
0.161326
0.539769
0.468235
0.423820
0.532302
0.553227
0.276922
0.441937
0.467271
0.741082
0.288569
0.327902
0.325518
0.257427
0.864310
0.573655
0.198282
0.341859
0.729764
0.305694
0.491490
0.215800
0.179478
0.615851
0.031922
0.189459
0.620945
0.479365
0.577878
0.322290
0.278126
0.739204
0.748059
0.631914
0.574168
0.692232
0.297969
0.737816
0.719996
0.350620
0.589423
0.710694
0.566377
0.212365
0.264373
0.427212
0.371847
0.462655
0.769070
0.514612
0.768349
0.559114
0.617137
0.649274
0.586835
0.649059
0.249431
0.793161
0.830553
0.713310
0.526596
0.694059
0.564212
0.385180
0.437671
0.134459
0.662792
0.435467
0.875023
0.795788
0.675560
0.461698
0.502561
0.352463
0.562365
0.468380
0.780847
0.344910
0.816588
0.548745
0.444902
0.697082
0.219557
0.764169
0.342435
0.506667
0.409753
0.479722
0.410353
0.350831
0.604902
0.824804
0.457208
0.167941
0.320510
0.597008
0.302400
0.872777
0.329172
0.174675
0.664643
0.415431
0.524674
0.465075
0.654619
0.497737
0.633282
0.548741
0.428028
0.560396
0.208012
0.760784
0.253557
0.427569
0.636651
0.595992
0.819788
0.342655
0.373584
0.641286
0.697408
0.091314
0.462168
0.150694
0.259255
0.371980
0.633255
0.562102
0.655455
0.260980
0.624631
0.316176
0.262965
0.560004
0.481078
0.620161
0.757568
0.410612
0.465153
0.296121
0.268878
0.673165
0.468776
0.522435
0.687286
0.691255
0.416298
0.803772
0.332463
0.792184
0.442310
0.440569
0.883498
0.606608
0.476816
0.439451
0.389286
0.108898
0.586933
0.155267
0.371051
0.623435
0.358616
0.520016
0.294412
0.539522
0.250702
0.752980
0.248004
0.415682
0.348102
0.216710
0.674227
0.402259
0.739145
0.657764
0.392067
0.740824
0.573235
0.726149
0.643533
0.128373
0.752098
0.523557
0.735427
0.226612
0.548388
0.422137
0.335510
0.549494
0.577851
0.592114
0.283455
0.521847
0.814259
0.279996
0.358792
0.650341
0.329674
0.306623
0.364576
0.564502
0.523333
0.450675
0.668890
0.259004
0.407439
0.358827
0.297251
0.680502
0.195502
0.643361
0.694875
0.243851
0.464341
0.727725
0.470463
0.425729
0.849690
0.394827
0.860776
0.423620
0.283639
0.254757
0.646467
0.798898
0.421926
0.116231
0.862686
0.753902
0.308408
0.224514
0.314482
0.832188
0.675635
0.395243
0.087271
0.668455
0.339451
0.386824
0.648682
0.420506
0.327608
0.454082
0.664804
0.377329
0.180188
0.724122
0.688612
0.441023
0.530094
0.661086
0.453498
0.513561
0.329290
0.096490
0.310839
0.636769
0.100576
0.170776
0.387922
0.408984
0.395737
0.404533
0.239553
0.367624
0.685329
0.326823
0.738208
0.138055
0.300647
0.497416
0.558561
0.628255
0.249369
0.222918
0.893886
0.429557
0.647314
0.693023
0.459435
0.173486
0.767557
0.498761
0.572600
0.094098
0.595251
0.469992
0.430694
0.695827
0.526768
0.820918
0.517812
0.333204
0.337149
0.457639
0.288510
0.433176
0.670016
0.437416
0.157784
0.269216
0.521384
0.719094
0.597745
0.656306
0.527392
0.487710
0.673992
0.585404
0.594906
0.833255
0.644443
0.472988
0.442541
0.214294
0.567086
0.334043
0.687035
0.295204
0.732000
0.624502
0.226647
0.246337
0.545388
0.449349
0.703976
0.719451
0.471828
0.671416
0.856694
0.629612
0.640906
0.374157
0.344784
0.538377
0.441608
0.284494
0.436784
0.816600
0.755451
0.142216
0.645933
0.697765
0.502376
0.386345
0.614188
0.365714
0.422518
0.597475
0.363494
0.266663
0.518228
0.176694
0.513000
0.059694
0.628792
0.214227
0.779145
0.396870
0.471023
0.631917
0.726310
0.524929
0.418392
0.371267
0.359557
0.447682
0.655761
0.382894
0.260361
0.409592
0.527859
0.320467
0.217882
0.326486
0.292192
0.128769
0.395502
0.715157
0.726243
0.344377
0.867373
0.357745
0.521518
0.377623
0.302992
0.447733
0.591851
0.195412
0.544431
0.061255
0.828502
0.270294
0.472184
0.359722
0.641561
0.532741
0.692957
0.293400
0.326780
0.065016
0.703439
0.440020
0.271482
0.221047
0.469808
0.565977
0.349816
0.450690
0.391659
0.665361
0.795514
0.373031
0.319357
0.614455
0.450482
0.323349
0.764318
0.930188
0.518761
0.419275
0.577271
0.460537
0.689568
0.460153
0.705812
0.742275
0.103420
0.510914
0.148502
0.315753
0.575929
0.738666
0.459074
0.435094
0.960160
0.225133
0.112043
0.308357
0.561823
0.503702
0.384416
0.768035
0.462561
0.404773
0.378569
0.211596
0.728569
0.253412
0.727612
0.360157
0.676161
0.715580
0.407247
0.661980
0.287431
0.524204
0.403808
0.276404
0.734945
0.552757
0.593776
0.306953
0.287502
0.463549
0.742494
0.246043
0.274510
0.554365
0.556020
0.836333
0.357792
0.525816
0.600447
0.520180
0.630862
0.093016
0.618949
0.469957
0.346427
0.757259
0.716839
0.318839
0.470090
0.535231
0.684121
0.757522
0.759263
0.198902
0.444623
0.491459
0.337039
0.626082
0.686267
0.511267
0.200604
0.540459
0.757757
0.362969
0.393376
0.309855
0.309827
0.336996
0.536671
0.324447
0.743902
0.578231
0.417463
0.475678
0.637043
0.349271
0.229016
0.464855
0.671584
0.701408
0.298639
0.351784
0.455008
0.643282
0.550686
0.199804
0.547741
0.183976
0.825886
0.345706
0.395517
0.323914
0.471992
0.567447
0.386710
0.450749
0.577129
0.700012
0.788918
0.226627
0.609839
0.646094
0.692031
0.727129
0.117851
0.439600
0.487098
0.347314
0.203008
0.744063
0.635274
0.201475
0.506992
0.503729
0.844757
0.643059
0.703533
0.389749
0.828655
0.526670
0.321282
0.637172
0.550859
0.795576
0.790000
0.350569
0.242404
0.364380
0.636408
0.144596
0.476561
0.356773
0.676243
0.281420
0.080427
0.794094
0.607019
0.454251
0.138659
0.810027
0.311588
0.187380
0.308200
0.519580
0.576663
0.152510
0.275467
0.391894
0.542706
0.100200
0.329263
0.566118
0.738545
0.765674
0.357772
0.639071
0.816518
0.600176
0.416451
0.750349
0.631498
0.594459
0.217647
0.418267
0.172129
0.184800
0.210059
0.782624
0.341627
0.351020
0.589176
0.653216
0.423953
0.900851
0.758176
0.700443
0.638741
0.331067
0.388588
0.291973
0.434016
0.303678
0.743643
0.757941
0.480051
0.397667
0.397012
0.296121
0.700420
0.398843
0.746298
0.327996
0.404000
0.852247
0.750184
0.465604
0.447745
0.256494
0.358753
0.489200
0.307341
0.244180
0.139667
0.617294
0.730412
0.785698
0.428263
0.780298
0.113290
0.818471
0.370824
0.548478
0.118227
0.225439
0.304800
0.301580
0.325235
0.701812
0.598149
0.323078
0.212800
0.640698
0.651521
0.502353
0.489024
0.397784
0.667784
0.640517
0.656580
0.912537
0.425969
0.849474
0.745572
0.453937
0.579596
0.586957
0.351333
0.594859
0.781427
0.464624
0.411710
0.852078
0.600784
0.529937
0.374941
0.492584
0.242216
0.286004
0.605094
0.725917
0.609082
0.403274
0.365443
0.260157
0.792800
0.555467
0.657941
0.458965
0.192063
0.311773
0.783373
0.620780
0.274522
0.525470
0.661271
0.440670
0.525428
0.712431
0.446227
0.302933
0.473753
0.154188
0.266710
0.661090
0.686427
0.527651
0.564373
0.815815
0.515784
0.165992
0.540114
0.422290
0.570439
0.606557
0.382721
0.013251
-0.240329
-0.188682
-0.146239
-0.100894
0.042925
-0.263424
0.038651
0.165031
0.072318
0.046408
-0.118906
-0.049980
-0.010349
-0.021984
0.065784
-0.137753
-0.068000
0.179110
0.163180
0.083255
-0.170769
0.014820
0.033667
0.207365
0.155486
0.154961
-0.027690
0.023745
0.127569
0.067706
-0.110580
0.324373
0.316733
0.179757
0.075902
0.070102
0.207600
-0.175581
-0.202576
-0.011349
-0.130306
-0.172196
0.086247
0.297055
0.095376
0.003878
0.161012
0.027376
-0.255855
0.033482
-0.035235
0.010510
0.048302
0.144298
-0.070549
-0.087479
0.151682
-0.098239
-0.209600
-0.010882
-0.030533
-0.031757
-0.124220
0.286200
-0.288000
0.100969
-0.081408
-0.080400
-0.222188
-0.284561
0.197808
0.086925
-0.019047
-0.153655
-0.055439
-0.071247
0.139223
-0.184561
-0.042737
0.030369
0.285498
0.069604
0.040878
-0.102200
-0.223808
-0.030804
0.099878
0.365584
0.161090
0.326855
-0.083584
0.131133
0.006674
-0.207804
0.127200
0.155808
-0.107412
0.045216
0.075408
-0.038890
-0.239345
-0.165628
0.195035
0.033451
0.117851
0.139596
-0.038373
-0.033059
0.103188
0.066467
-0.150267
0.240533
-0.301639
-0.110522
-0.151800
-0.089447
0.150518
0.096231
-0.161573
0.021474
0.274933
0.191420
-0.138102
-0.156102
0.274882
-0.158478
-0.000294
-0.123796
-0.113263
-0.363172
-0.015110
-0.203322
-0.091090
0.032349
-0.170447
0.025627
-0.117612
-0.061243
-0.155584
-0.162576
0.154510
0.130725
0.077957
0.289447
-0.268796
-0.072133
-0.236000
0.319431
-0.124055
0.039561
-0.097380
0.298455
-0.205020
-0.234906
-0.293647
0.216306
-0.245808
0.143192
-0.055067
-0.211494
0.218306
0.221090
0.022894
0.274792
0.253439
-0.001110
0.153977
-0.302459
0.227780
-0.292875
-0.174902
0.091024
-0.012863
0.052341
0.234027
0.008474
-0.168502
-0.149549
0.179753
-0.144980
0.037588
-0.207761
-0.285369
0.120992
-0.152533
-0.141882
0.047165
-0.107631
0.001886
-0.006769
-0.028992
-0.069941
-0.223388
0.140902
0.057274
0.030051
-0.007784
-0.227592
-0.124255
-0.219424
-0.081047
0.138553
0.311020
0.195647
0.042184
0.107337
-0.233588
0.020682
0.104788
0.383875
-0.124298
-0.005200
-0.261596
0.029176
0.265078
-0.123420
0.176294
-0.126043
-0.084051
-0.259529
-0.280388
-0.113043
0.108239
-0.066067
-0.119718
-0.270486
0.112137
-0.129212
-0.060945
-0.160271
0.089075
-0.141992
-0.021718
-0.037616
-0.236478
-0.268533
0.069145
-0.032933
0.042282
0.173933
-0.086769
-0.081439
-0.267267
-0.058231
-0.052263
-0.003898
-0.181651
-0.166102
-0.129941
0.172008
0.013788
-0.119620
0.058388
-0.025549
-0.185686
0.086247
-0.007612
0.216584
-0.190541
-0.066847
-0.233820
0.046110
0.227737
0.034596
0.009627
-0.155184
0.056196
0.078772
0.248459
-0.192788
0.106839
-0.274310
-0.126651
0.128573
0.105169
0.258220
0.124674
0.360651
-0.054882
0.142310
0.094949
-0.041671
0.022690
0.005761
-0.068353
0.127714
-0.347412
-0.074255
0.053588
-0.100243
0.296608
-0.179655
-0.203420
0.086059
-0.145059
0.096341
0.367451
0.058714
0.028114
0.179910
0.156059
0.282529
0.195733
-0.259592
0.120969
0.009059
-0.150082
-0.192643
-0.068000
-0.057388
-0.051467
-0.121761
0.191074
0.262490
0.031000
-0.166278
-0.047506
0.121298
0.049600
0.152526
0.019922
-0.093212
-0.175282
-0.183498
-0.007153
-0.172765
0.062129
-0.075702
0.175506
-0.199890
0.104208
0.332141
-0.066071
0.008674
0.072549
0.054322
0.017733
0.212600
-0.139455
-0.050267
-0.281365
-0.190921
-0.025027
-0.091424
0.071569
-0.142737
-0.257702
0.022353
0.126137
-0.062235
-0.261122
0.146059
0.282263
0.001306
-0.038016
-0.160890
0.267384
0.022980
-0.090149
0.005180
-0.177486
0.014059
-0.100388
-0.095980
0.170310
-0.177126
-0.042792
0.039890
0.037184
-0.034671
-0.011510
-0.245314
-0.224459
0.253596
-0.189737
0.137243
-0.179274
-0.008020
-0.276404
0.235863
0.219878
-0.100392
-0.056365
0.213718
0.048490
0.342196
-0.386016
-0.121835
0.219310
-0.038455
-0.116078
-0.248310
-0.024396
0.073090
-0.054157
-0.003372
-0.102325
0.193184
0.184094
-0.066275
0.159647
0.025008
0.125545
0.225322
-0.013239
-0.064192
-0.075145
-0.192514
-0.072212
-0.205682
0.042772
0.147667
0.131635
-0.014725
-0.076326
0.180702
-0.110239
-0.025208
0.058290
0.256647
-0.063663
0.232345
-0.138106
-0.089769
0.015878
-0.044686
-0.093141
-0.086447
0.148498
-0.346757
-0.153298
-0.129565
0.114827
0.119824
0.095757
0.249165
0.055631
-0.269522
-0.091502
-0.016004
-0.037494
0.097714
-0.306047
-0.051726
0.082988
0.054761
0.128976
0.120325
0.028420
-0.251577
0.231106
-0.035243
0.129478
0.240576
-0.125012
-0.002220
0.047180
-0.218153
-0.090377
0.195102
-0.128333
-0.096098
-0.224020
-0.014082
-0.124984
-0.128839
-0.055051
-0.069353
-0.108228
0.291157
0.062220
0.146122
-0.048839
0.193306
0.240839
0.034149
0.246933
-0.067894
0.006898
-0.014780
0.117663
-0.200282
-0.050024
0.246008
-0.398549
-0.176745
-0.193922
0.085765
0.042812
0.153412
-0.155133
-0.086098
0.056180
0.058557
-0.390314
0.368906
0.218718
-0.007655
0.301263
0.112200
0.134216
-0.075937
-0.032945
-0.062200
-0.171055
0.060318
-0.029761
-0.361831
-0.298286
-0.021153
0.062808
-0.181757
-0.222569
-0.135926
-0.081616
-0.182275
0.126749
-0.127961
-0.096510
0.168984
-0.264682
0.186067
-0.206671
0.081631
0.095914
-0.159275
0.013961
-0.121945
0.123780
0.025090
-0.299878
-0.179714
-0.050847
0.104310
0.196929
0.067098
-0.125506
-0.270541
-0.145447
-0.134792
0.144882
-0.231349
0.121161
0.071024
0.069859
0.187122
-0.258827
0.196608
-0.087282
0.082373
0.077169
-0.061831
-0.167561
0.160631
-0.270333
0.366063
0.000224
0.181337
-0.046016
-0.166706
0.204718
-0.057471
-0.054577
-0.134553
0.046839
-0.295357
-0.068031
-0.227376
-0.129322
-0.214612
0.074965
-0.273439
-0.156404
-0.092298
-0.349992
-0.084835
0.094247
-0.171110
0.111773
0.154541
0.058839
0.188365
-0.346133
-0.108722
0.347863
-0.177047
-0.179792
-0.088490
0.002580
-0.226384
0.034937
-0.228702
0.007988
-0.019639
-0.073122
0.053694
0.122137
0.295424
-0.024396
0.142102
-0.355765
-0.239565
-0.278914
-0.074459
-0.042306
-0.191196
0.278416
0.053651
0.075404
-0.045812
0.060616
-0.303467
-0.005024
0.153902
-0.121478
-0.093737
0.265855
-0.154271
-0.182227
-0.169275
-0.090522
0.290420
-0.250400
-0.083667
-0.017643
-0.033965
0.119314
0.103361
-0.026965
0.094918
0.097310
-0.092596
-0.145223
-0.035161
0.270655
0.104314
-0.226933
0.113070
-0.132169
-0.005086
-0.371028
-0.219129
-0.017286
0.060525
0.081216
0.008812
-0.033212
0.056937
-0.145459
0.221137
0.326506
0.200596
0.223133
-0.071471
0.118639
-0.233929
0.043851
-0.052181
0.307141
-0.132400
0.042161
-0.031549
-0.077420
-0.103063
-0.067286
-0.098608
0.001251
-0.003510
0.304596
-0.130918
0.281537
-0.067565
-0.058204
-0.025882
0.141671
-0.124565
-0.018780
-0.181675
0.224216
-0.164239
-0.106980
0.113012
-0.110086
-0.175114
-0.249169
-0.281580
0.028667
0.083682
0.103373
-0.102478
0.098859
-0.002043
0.303682
-0.126714
0.185027
-0.200737
0.066522
0.187988
0.233463
0.079851
0.057071
0.076714
0.160996
-0.002267
-0.237592
-0.135043
0.022455
0.181337
-0.026584
-0.044596
0.017098
0.012878
-0.079737
-0.092988
-0.162812
0.107671
0.062008
-0.134145
-0.244647
-0.272329
0.055220
0.143769
0.162204
-0.079384
-0.271369
0.057098
0.157588
-0.058404
-0.193757
0.242898
-0.126129
-0.134977
0.031188
0.034867
-0.137243
0.082596
-0.100177
-0.263498
-0.174353
0.021949
-0.018537
-0.157255
0.324961
-0.388408
-0.103800
-0.273851
0.011106
-0.331926
0.029137
0.204169
-0.167122
0.084357
0.057804
0.142659
0.005549
0.075435
-0.237953
0.162561
0.017031
0.006000
-0.031675
0.039612
-0.129553
0.289647
-0.363231
-0.266219
0.082110
-0.024565
-0.092584
0.054200
-0.002616
0.038165
-0.101345
-0.116498
0.087467
0.232565
-0.100792
-0.340271
0.191906
-0.071078
0.301608
0.171227
0.013278
-0.078298
0.168020
0.018251
-0.002863
0.220200
-0.256322
-0.132275
-0.212086
0.002137
0.054914
0.096647
0.001651
0.129392
0.268137
-0.355082
0.104827
0.175553
0.136251
0.102212
-0.223992
-0.112671
-0.160729
0.155318
0.119894
0.175055
-0.184953
0.311800
0.103976
-0.173478
0.045318
0.118965
0.038357
0.064627
-0.301628
0.035494
-0.005882
-0.267816
0.050796
-0.069816
-0.118102
-0.041867
-0.120745
0.321259
-0.058918
0.147392
0.255733
0.045910
0.032235
0.103561
0.001678
-0.337624
-0.157820
-0.160184
-0.182882
0.252208
0.014871
-0.221392
0.126298
-0.027020
-0.104737
0.172192
-0.198188
0.371329
0.236243
-0.210259
-0.029753
-0.205639
-0.038655
0.168620
0.162255
-0.009757
-0.019690
0.189086
0.164502
0.068969
0.046345
0.130102
0.114878
-0.068996
0.084953
-0.173577
0.030514
-0.071733
0.103949
0.284208
-0.109659
0.120529
0.064525
0.017773
-0.196624
-0.188365
0.189965
-0.106388
0.184675
-0.011502
0.121063
-0.135212
-0.070698
0.228851
-0.114745
-0.198577
0.073227
0.013141
-0.158200
-0.200557
0.082110
0.177702
0.075988
0.198698
-0.038294
0.014498
-0.123031
0.139796
0.380474
0.129071
-0.011996
0.123239
0.101447
-0.095623
0.141012
0.193823
-0.136412
0.039133
-0.350275
0.048263
-0.118235
0.208498
0.060051
-0.041933
0.000773
0.384725
0.050200
0.072867
-0.039843
-0.108576
-0.127690
0.043976
0.070835
0.237855
0.242674
-0.257592
-0.037780
0.118510
-0.267082
-0.095016
0.099427
0.158631
0.029933
-0.089259
0.061874
-0.120898
-0.333145
0.217306
0.210078
-0.246286
-0.026274
0.239420
0.252922
0.035486
0.196353
-0.184016
-0.018631
0.245976
-0.111725
-0.058475
0.139110
-0.092973
-0.015631
0.062369
-0.292827
0.227043
-0.048781
0.107678
0.056553
0.121847
0.012663
0.155980
0.134035
0.040886
-0.370412
0.195910
0.069274
-0.265847
0.121373
0.279353
-0.221424
-0.193326
0.081063
0.030922
-0.157839
-0.013294
-0.005518
-0.176471
-0.203318
-0.118376
0.054055
0.225925
0.225784
0.187710
-0.002973
0.223090
-0.022957
0.238380
0.040059
-0.115114
0.069518
0.053298
0.190153
-0.234157
-0.195949
-0.180259
-0.327804
0.163459
-0.157682
-0.058855
0.005102
0.058604
0.185529
0.085588
0.089525
-0.119886
0.072871
-0.064145
-0.149914
0.159686
0.255188
-0.094149
0.094345
0.043263
0.093561
-0.346337
-0.023780
-0.077549
0.039620
0.016278
-0.043377
0.109137
0.069576
-0.002510
0.166824
0.164894
0.107365
-0.013981
-0.109357
0.387392
-0.072835
-0.250698
0.009420
-0.033749
-0.018667
-0.048631
-0.007192
-0.093373
0.035376
0.281737
-0.081263
-0.000145
0.187588
0.013082
0.043694
0.280573
-0.333255
-0.127663
-0.087110
-0.293635
0.036192
0.158514
0.106769
-0.041808
0.008427
-0.017675
0.123086
-0.174918
-0.031655
0.012596
0.213051
0.183933
0.199608
0.074894
-0.139949
0.035075
0.172129
-0.145431
-0.058298
-0.082627
-0.301404
0.298725
-0.081063
-0.114392
-0.125902
-0.185522
0.166180
-0.020871
-0.165608
0.077937
-0.315082
-0.131125
-0.199549
0.228263
-0.172933
-0.044122
-0.227122
-0.049847
0.072804
0.178357
-0.035541
-0.004278
-0.073710
0.014780
0.216482
-0.214792
0.049855
0.098478
0.077486
-0.298576
0.017561
0.212082
-0.147427
-0.211655
0.245267
-0.126329
-0.250733
-0.027396
-0.147200
0.021369
-0.237882
-0.023996
-0.109757
-0.147298
-0.233443
0.009153
0.246290
-0.021722
0.395882
-0.118616
0.156635
-0.077945
0.022972
-0.208341
-0.061455
0.091878
0.016286
-0.012733
-0.245643
0.093773
-0.021177
0.062051
0.017431
-0.021604
-0.149604
0.113988
-0.146224
0.037373
-0.201831
0.143153
0.057031
-0.149580
-0.171553
-0.200302
0.140255
-0.113153
-0.192859
-0.051165
0.012702
0.204733
-0.168647
0.169337
0.126788
0.144459
-0.037294
0.064200
-0.052086
0.126569
0.052600
-0.297729
0.071055
-0.258710
-0.235678
0.236063
-0.131028
0.050718
-0.086525
0.160459
0.088090
0.001776
-0.134675
-0.002455
-0.148380
-0.014384
-0.056890
-0.008126
0.020039
0.189671
0.230843
0.032165
0.104271
-0.229071
-0.237341
-0.207227
0.354808
0.162498
-0.141318
-0.136122
0.140357
-0.088718
0.003859
-0.077012
-0.200427
0.056604
-0.279235
-0.041322
0.107322
0.070816
-0.172706
-0.094722
0.072592
0.132039
-0.098886
-0.076922
-0.031055
-0.155777
-0.085047
-0.301149
0.033894
-0.001780
0.020016
-0.009412
-0.230851
0.219808
-0.067353
-0.024196
0.093882
0.079753
-0.012741
-0.055894
0.138612
-0.010592
-0.133482
0.374761
-0.244122
0.025569
-0.103137
0.010776
0.096384
0.161867
0.206188
0.170686
0.145196
-0.182831
-0.196945
0.261718
-0.046765
0.008718
-0.039431
-0.303004
0.006937
-0.019992
-0.311282
-0.224490
-0.088608
-0.089635
-0.099400
0.004141
-0.300016
0.176859
-0.051753
-0.161980
-0.122157
0.253051
-0.224930
0.071431
-0.159090
0.108510
0.083918
-0.062706
-0.165624
-0.148180
0.107404
-0.020428
0.107275
0.201169
0.095423
0.207510
-0.227824
0.054282
0.341082
0.216247
0.036000
0.029800
0.281890
0.093835
-0.060412
-0.255220
0.097976
0.077282
0.070925
0.046223
0.204302
-0.199384
-0.139012
0.128082
0.309757
0.139608
0.089016
-0.044612
0.078035
-0.078318
-0.044639
0.184306
-0.097035
0.062635
-0.052235
-0.003322
-0.019988
-0.132482
-0.239173
0.172941
-0.063812
0.234537
0.203318
-0.070345
-0.109337
-0.147228
-0.035431
-0.158937
-0.069945
0.033784
0.035439
-0.155777
-0.018024
-0.103573
0.262439
-0.145400
0.036035
-0.086255
0.100122
-0.033506
0.273137
0.203059
0.298376
0.028526
0.265118
-0.189859
-0.264929
-0.193714
0.115369
-0.212259
-0.019063
0.052690
-0.126431
0.183678
-0.017655
0.203651
0.035318
0.092780
0.191157
-0.034628
0.128275
0.078443
0.248439
-0.037326
-0.023420
0.073169
-0.182726
0.012616
0.134490
0.064973
-0.022024
-0.028373
0.120455
-0.161357
-0.291690
-0.051561
0.085361
-0.117200
0.191859
-0.088271
-0.041035
0.172796
-0.036714
-0.019890
0.065208
-0.054369
0.035608
-0.188475
0.328545
-0.061659
0.067031
0.019110
0.016784
0.025337
-0.017639
-0.008345
-0.338071
-0.053365
0.004271
-0.204714
0.011608
-0.018329
0.056471
0.132639
0.258600
-0.233510
-0.209631
0.053251
-0.061710
0.129804
0.255114
-0.102745
0.156733
0.070824
0.314498
-0.068769
0.015322
-0.085894
0.032890
-0.092710
-0.001110
0.101631
-0.074733
-0.132478
0.126392
0.054627
0.008463
-0.251510
-0.008706
-0.143647
-0.246843
-0.368941
0.523569
-0.297470
0.027608
-0.149549
0.204530
0.103333
0.152647
0.547157
0.232608
0.119020
-0.099431
0.170647
-0.121176
-0.093510
0.297667
-0.233373
0.362863
0.194922
0.176922
-0.015647
-0.197510
-0.411667
0.122608
-0.335980
0.203255
0.223823
0.029922
0.096569
-0.020216
-0.319333
0.345039
-0.016078
-0.097765
-0.144372
-0.065235
-0.412274
-0.043059
-0.530392
-0.482529
0.089157
0.108059
0.037863
0.259412
-0.013118
0.042726
0.042471
0.370529
0.307608
0.237392
-0.069569
-0.225451
-0.479157
0.136177
-0.102843
-0.198117
-0.177588
0.120980
0.349216
0.019373
0.100765
0.129882
-0.253392
0.185079
0.032118
0.219647
0.122255
0.139274
0.075804
-0.508529
-0.242863
0.265745
0.216941
0.310000
0.008137
0.205843
-0.262274
-0.051804
-0.041039
0.045333
0.285588
-0.010216
-0.182137
0.325863
0.025569
0.232039
0.025333
-0.049216
0.350608
-0.142863
-0.029843
-0.065647
-0.110961
-0.280823
0.121843
-0.078843
0.453431
0.244098
0.158804
-0.085765
0.252196
-0.182039
0.179980
0.471549
-0.389059
-0.431706
0.059980
-0.033922
0.136314
0.119334
0.009392
-0.095118
0.009118
0.343882
-0.389078
0.135079
0.058902
0.256078
-0.016549
-0.105098
0.213608
0.472647
0.446667
0.102647
-0.327216
0.568510
0.126608
-0.491196
0.194804
0.185020
0.040451
0.449412
0.000961
-0.299000
0.303549
0.231726
-0.110882
-0.254274
0.095392
0.025431
-0.237353
-0.410216
-0.070078
-0.128235
-0.166725
0.160667
-0.091137
-0.005020
-0.200667
-0.007686
-0.112529
0.112941
-0.154471
-0.283274
0.117608
0.135725
-0.332176
0.141412
0.163569
-0.237765
-0.290980
0.204020
-0.407784
0.329412
0.007824
0.412784
0.042098
0.413961
-0.360529
-0.480314
-0.178412
0.021549
-0.373510
0.366902
0.510725
0.079588
-0.089843
-0.197823
-0.442451
-0.192137
0.311902
-0.037961
-0.177176
-0.359588
0.193373
-0.061980
-0.221843
0.378216
-0.437588
0.042118
-0.474549
-0.111157
0.246137
-0.264921
0.316628
-0.365863
0.248647
0.257941
-0.052294
-0.212667
0.297059
0.384686
-0.090725
0.023941
0.136588
-0.195000
0.003137
0.046745
0.224588
-0.338922
-0.243765
-0.081314
0.137726
0.094059
-0.338098
-0.283902
0.132471
0.057471
0.094314
-0.405510
-0.000804
0.237176
-0.416667
-0.374490
-0.027353
-0.198020
-0.120529
0.120902
0.059922
-0.172823
0.008628
-0.160039
-0.303137
-0.079686
-0.234078
0.350471
-0.274686
-0.130549
0.394804
0.049902
0.047549
0.151039
-0.031019
0.185275
-0.271921
-0.369117
-0.199019
-0.240235
0.202961
-0.102294
-0.028333
0.202157
-0.482529
0.072412
0.344686
0.107530
-0.126000
-0.292863
-0.388980
-0.168490
0.051333
-0.378333
0.290902
0.265216
-0.458019
-0.045588
0.096647
-0.115686
-0.076137
-0.125961
0.449216
-0.128980
-0.072902
0.418196
-0.041686
0.270177
-0.568333
-0.140314
0.032353
-0.365373
0.374804
0.002000
0.351392
-0.006941
0.074020
0.181471
0.000196
-0.152372
-0.113804
0.229020
-0.218059
-0.062471
0.367706
-0.029569
-0.414667
0.524686
0.024843
0.199000
-0.208412
0.465725
-0.441961
-0.276216
-0.179882
0.100530
0.244784
-0.121176
-0.246706
-0.325569
0.353902
0.302667
-0.171902
0.113706
-0.210333
0.279882
0.006373
0.380706
-0.158078
0.004549
0.329118
0.347941
0.233569
0.111059
-0.331941
-0.016529
0.181490
-0.227176
-0.008863
0.206333
-0.030588
0.398118
0.153020
-0.472549
0.124314
-0.026863
0.145000
0.367079
-0.148039
0.000706
0.041510
-0.409137
0.301353
-0.130392
0.319961
0.091020
0.149882
-0.291078
-0.145294
0.091804
-0.286529
0.083431
0.339353
-0.050549
0.294490
-0.090961
-0.069098
-0.143451
-0.217745
-0.075549
0.062882
-0.147941
-0.294843
-0.401510
-0.002686
-0.172549
0.191451
0.141922
-0.422882
0.041392
0.140608
-0.379353
0.149275
-0.173039
0.007275
-0.047784
-0.182804
0.257157
0.176137
0.188922
0.250980
-0.007588
-0.245059
-0.027078
-0.160549
0.147804
-0.017647
0.387372
-0.096039
-0.237804
-0.205196
-0.033157
0.133686
0.016980
0.183137
0.130608
0.361451
-0.242823
0.270510
-0.059412
0.415980
0.313137
0.078255
0.048628
0.140098
0.185922
0.000843
-0.042706
-0.173941
0.179392
0.146216
-0.023353
0.169784
0.001549
-0.052843
0.109627
0.051373
-0.068078
-0.120412
-0.044666
0.211137
0.293824
-0.077431
-0.174608
-0.306608
0.105706
-0.044000
0.054843
-0.036725
0.228922
0.095824
0.276843
-0.075353
0.174079
-0.291941
0.064745
-0.157019
0.328726
0.019627
-0.431353
-0.111314
0.266235
0.162314
0.058471
0.169804
0.109471
-0.449314
0.219157
0.139765
0.047294
0.174490
-0.264490
-0.276294
0.097059
0.178314
0.032490
0.202765
0.134706
0.089745
0.063628
-0.253784
-0.333863
0.342883
0.286255
-0.157373
-0.466078
0.351000
0.202627
-0.237745
-0.246784
0.287902
-0.248667
-0.078529
-0.169216
-0.190196
0.089255
0.040647
-0.022098
-0.208608
0.082431
0.128000
-0.034118
-0.184078
-0.049921
0.063334
0.094628
-0.115412
0.165706
0.128941
0.074334
0.231745
-0.126863
-0.359921
0.057608
0.059000
-0.002294
-0.508862
0.409608
0.199941
-0.128804
0.263608
-0.031196
0.239941
-0.332333
0.417000
0.050137
-0.142686
-0.056961
0.027647
-0.452078
0.023451
0.153628
0.129196
0.456392
0.005333
0.091745
-0.066392
-0.110078
0.259863
-0.454471
-0.136137
-0.027823
-0.064314
0.119333
-0.070608
0.097098
0.219451
-0.064863
-0.010314
-0.097627
-0.093274
0.253294
-0.226804
0.048294
0.435961
-0.326823
0.198824
-0.324529
0.131216
0.124059
-0.161215
0.054275
-0.337706
-0.130000
-0.106745
0.285039
-0.038255
0.446294
0.074569
-0.295804
0.508843
0.038432
0.193392
-0.072490
0.057373
0.120765
-0.075784
-0.240196
-0.458706
-0.085706
0.179588
-0.035353
-0.349823
-0.047216
0.113333
0.088549
0.241353
0.209745
-0.238000
0.274588
-0.181196
0.120216
-0.188549
0.098510
-0.010176
-0.292882
0.283157
-0.048431
-0.464000
-0.259686
-0.341823
0.143216
-0.221255
-0.150451
-0.030059
-0.065902
0.072726
-0.105451
-0.303686
0.131039
-0.091157
0.392529
0.095686
0.076039
0.343294
0.111039
0.062177
-0.033157
-0.297020
-0.073412
-0.275588
0.139196
-0.053588
0.055294
0.137314
-0.164157
-0.237980
0.320078
-0.112588
-0.084569
0.160784
0.163000
-0.042137
0.454137
0.114961
0.442804
-0.226765
0.187687
0.437745
-0.013431
0.218333
-0.270823
0.377079
-0.203392
0.324647
0.102569
-0.094373
-0.130588
0.069412
0.228432
0.313020
-0.203765
-0.251804
0.159039
0.368157
-0.112078
0.094882
-0.386843
-0.411431
0.085098
0.146000
0.268392
0.145686
-0.515568
0.105118
0.260647
-0.589784
-0.121647
0.345922
-0.250412
-0.237490
0.046843
0.096177
0.139196
-0.055765
-0.196980
-0.275255
-0.250529
0.290235
-0.203431
0.077902
-0.014157
-0.407196
-0.171490
-0.371745
-0.039039
0.231039
0.240157
-0.425882
0.336628
0.323235
0.236745
0.088000
-0.146471
0.338588
0.193510
-0.402843
0.265431
0.071863
0.562510
0.115412
0.453804
0.090314
-0.303019
0.075980
-0.065843
0.015000
-0.297255
-0.213568
-0.312176
0.116726
-0.236059
0.293490
0.226549
-0.309568
0.438373
0.187118
-0.178922
0.159490
-0.238765
0.260510
-0.132667
-0.004039
-0.168902
-0.178745
-0.283255
-0.075784
-0.064569
-0.536863
-0.003922
-0.121490
0.198373
0.449883
-0.028765
-0.207059
0.423451
-0.094608
-0.092059
0.226588
0.208451
0.115196
0.240902
0.075196
-0.108725
-0.049569
-0.334765
-0.289784
0.235922
0.106137
0.487118
-0.003235
-0.150765
0.354451
-0.007274
0.195333
0.175706
0.324863
0.222353
-0.504255
0.307431
0.218432
-0.108725
-0.011215
0.048882
-0.037490
0.298353
-0.044686
-0.230078
0.105902
0.083922
-0.021627
-0.295922
-0.292588
0.051157
0.110353
-0.241765
-0.281196
-0.179431
-0.106235
-0.077078
-0.307706
-0.107059
0.289177
0.147137
-0.116745
-0.032510
0.224471
0.110137
-0.429588
-0.279784
-0.200235
-0.211549
-0.290137
-0.311843
-0.263059
0.191804
0.084883
0.211294
-0.040686
0.090392
-0.324216
-0.062314
-0.105137
0.000216
-0.008745
0.005216
0.275471
-0.191961
0.445216
0.272039
0.247981
-0.479902
0.062177
0.020137
-0.433157
-0.154961
0.086000
-0.208686
-0.044823
-0.441568
-0.488470
-0.144667
-0.035706
-0.159176
0.060118
-0.298765
-0.069784
0.145000
-0.087471
-0.110471
-0.281627
-0.311294
-0.173176
0.130255
0.304314
-0.083549
0.135471
0.065176
0.241510
-0.036725
-0.282608
-0.127921
0.100784
0.396980
-0.208176
0.287059
0.242020
0.397255
0.078373
-0.317412
-0.561725
0.209333
0.154941
0.017961
0.048137
0.217471
0.236216
-0.021647
-0.256961
0.249137
0.484902
-0.021569
-0.064569
-0.205294
0.008294
0.242157
0.230588
0.246176
0.407333
0.371314
-0.407961
0.024333
-0.371608
0.312255
-0.196098
0.035216
-0.018098
-0.471098
-0.084549
0.060275
-0.171098
-0.030882
-0.247412
-0.114137
-0.010902
-0.299667
0.000922
-0.291706
-0.321706
-0.256431
-0.040549
-0.353823
0.341824
-0.105118
-0.041706
0.349726
0.237431
0.088490
0.078882
0.025333
-0.159627
0.290745
-0.467353
0.085784
-0.014412
-0.048059
0.223804
-0.032510
0.000275
-0.480176
0.027373
0.444176
0.108373
0.399784
-0.287372
-0.002922
-0.519706
-0.186451
0.322784
-0.221588
0.176941
0.282235
-0.060412
-0.098647
-0.339510
-0.001725
0.251078
0.514941
-0.013627
-0.285039
-0.074725
-0.070843
-0.095078
-0.027470
0.012922
-0.009098
-0.073118
0.236726
-0.042000
-0.073235
0.275980
-0.014627
-0.146078
-0.132667
0.383137
0.184353
-0.035196
0.483255
-0.102490
0.287196
-0.255353
0.072431
0.052804
-0.215372
0.490412
0.229922
-0.315078
0.224863
0.127451
0.185902
-0.060569
0.050706
0.215451
-0.057274
0.025647
0.230784
-0.066373
-0.047863
-0.151922
-0.110392
0.496314
0.224451
-0.125020
-0.269196
-0.011020
-0.256882
-0.185235
-0.046216
0.226373
0.331706
0.241373
0.069000
0.404137
-0.323627
-0.246765
0.377922
-0.093706
-0.047235
0.085373
0.134137
0.141078
0.024804
-0.329765
-0.260882
-0.032470
-0.204117
-0.032118
0.416157
0.265039
-0.282019
-0.312039
0.242314
0.459451
-0.336666
0.490137
-0.066176
0.021843
-0.209706
-0.114804
-0.369588
0.222392
-0.390451
-0.300588
0.107098
-0.197059
-0.029941
-0.132392
-0.190372
-0.177569
-0.147412
-0.053823
-0.036490
0.494804
-0.386000
0.322451
-0.157098
-0.073098
0.189941
0.258667
-0.327098
0.008314
-0.053372
0.015608
-0.049255
0.229784
-0.111666
-0.115431
-0.366176
-0.321373
-0.230235
-0.117961
0.417647
-0.101647
0.098471
-0.090255
-0.198314
-0.031863
-0.222647
0.230745
-0.107020
0.249373
-0.442510
0.473902
0.124745
-0.211098
0.176529
-0.130725
0.333216
-0.148137
0.127941
0.006118
-0.142235
0.076980
0.021726
0.425922
-0.210255
-0.089941
-0.306921
-0.061431
0.107726
0.080255
0.438020
0.006333
-0.021392
0.021882
-0.083922
-0.221725
-0.012392
0.210843
-0.091372
0.498000
-0.056804
0.083137
0.354882
0.067549
-0.127961
0.014392
0.037216
0.102451
-0.134137
0.167569
0.208961
0.343451
0.244549
0.127882
0.151961
0.032275
0.040353
-0.154569
0.070843
0.045667
-0.074314
-0.106137
0.152392
-0.095706
0.432372
-0.029510
-0.317823
-0.097039
0.281333
0.208608
-0.216059
0.222510
0.291745
-0.378196
0.189667
-0.353235
-0.364196
0.126882
0.366627
0.121490
-0.322961
-0.039412
-0.154490
0.019961
0.088471
-0.102922
-0.465176
0.026020
-0.257490
0.122686
0.172079
0.184824
-0.083843
0.226098
-0.013294
0.448922
0.196588
-0.228314
-0.265137
-0.041118
-0.020098
0.136216
0.080608
0.269627
-0.141980
0.270274
0.433412
0.010843
-0.120255
0.185039
0.132333
0.172177
0.145236
-0.122549
-0.325274
0.131294
-0.225078
-0.273431
-0.357294
0.134843
-0.248725
0.331412
0.320059
-0.232176
-0.059902
0.306373
0.218765
0.136686
0.078059
0.470647
0.095177
0.055941
0.089451
-0.441627
0.327588
-0.052529
0.446451
0.243981
-0.041686
-0.291216
-0.188784
-0.009353
-0.016627
-0.143941
-0.131902
0.175118
0.090157
0.260431
-0.095902
0.249490
-0.221745
-0.344627
-0.036510
-0.002471
-0.059784
-0.094000
-0.213118
-0.360059
0.141059
-0.032255
0.009804
0.138255
0.023294
0.197628
0.312020
0.350883
0.044706
0.241059
-0.020137
0.520431
0.052647
0.308098
0.511079
-0.066392
-0.352471
-0.137843
0.108726
-0.363098
0.122980
0.010804
0.501784
-0.098765
-0.333824
-0.051745
-0.101235
0.223804
0.369255
0.303059
-0.136255
0.412333
-0.347000
0.493373
0.033177
0.193706
0.073588
-0.171823
-0.072823
0.118686
0.071647
-0.195373
0.122098
0.021490
0.215137
0.015765
-0.044902
-0.237725
0.394941
0.063431
0.014569
0.000902
-0.440372
-0.101059
0.418765
-0.259588
-0.152804
-0.199490
-0.035784
0.218863
0.105588
-0.169627
0.113784
0.273588
-0.294059
0.144941
-0.049725
0.294529
-0.026882
-0.120137
-0.104196
-0.058039
-0.215118
-0.082490
0.063843
-0.102392
-0.067118
0.018941
-0.240118
0.430628
0.084784
-0.225549
0.328726
0.159020
0.290412
0.132490
-0.000176
0.138000
-0.169412
-0.133941
0.356471
-0.063823
0.213451
-0.149176
0.212177
0.019784
-0.004235
0.062059
-0.303490
-0.031118
0.456921
0.212137
0.013647
-0.373588
0.029255
-0.022902
0.141431
0.064941
-0.001941
-0.098294
-0.124255
0.080824
-0.324235
0.204471
0.340235
-0.033431
-0.180059
-0.277353
-0.412451
0.270353
0.206118
-0.156372
0.204118
-0.097843
-0.205157
-0.100725
0.438961
0.408020
-0.038667
0.135863
-0.242921
-0.098765
-0.269412
-0.229274
0.044667
-0.142176
-0.252176
0.286490
0.439784
0.363294
0.087804
-0.301882
-0.173294
0.380980
-0.095000
0.266941
-0.169470
-0.176686
-0.110804
-0.065294
0.093275
0.097334
0.393726
0.299804
-0.000510
0.087784
0.197059
-0.178569
-0.123627
0.158392
-0.043098
0.253275
-0.038745
0.304902
0.023608
0.106314
0.162726
-0.228569
-0.224608
-0.014902
0.132706
-0.036804
0.300627
0.059804
-0.172451
0.303608
0.224333
-0.442706
0.028941
-0.401470
0.009412
0.122216
-0.306157
-0.214274
-0.097020
-0.306667
0.493333
-0.414961
0.031784
-0.147706
0.260451
0.089079
0.105569
-0.295314
0.391569
0.129569
-0.086588
-0.060706
-0.099000
-0.313216
-0.075608
0.036118
0.169412
0.222608
-0.006882
-0.003431
0.011608
-0.297157
0.068863
-0.576863
-0.181608
0.078275
0.162373
0.129647
-0.233980
-0.449255
-0.179039
0.359353
-0.347196
-0.044843
-0.407784
-0.087137
0.042216
0.317608
-0.380039
-0.181216
-0.170627
