390.281250
399.867188
481.390625
478.039062
479.296875
460.671875
452.617188
470.375000
439.867188
323.187500
519.187500
357.140625
450.093750
322.164062
452.437500
533.640625
317.656250
454.968750
445.562500
374.382812
517.125000
429.773438
443.085938
535.812500
511.835938
452.554688
448.914062
336.585938
472.210938
391.093750
402.687500
419.570312
287.875000
422.171875
422.453125
349.031250
339.937500
361.039062
441.664062
327.171875
412.992188
372.179688
475.445312
407.085938
411.960938
355.867188
460.640625
404.734375
421.757812
340.820312
516.015625
373.976562
469.500000
327.007812
328.570312
489.414062
405.734375
413.562500
385.375000
410.812500
410.890625
495.726562
356.460938
394.703125
306.039062
268.531250
484.148438
378.718750
353.296875
352.921875
439.820312
463.328125
485.992188
368.664062
410.742188
428.421875
334.242188
312.789062
437.781250
409.656250
401.710938
417.117188
421.210938
348.117188
408.640625
411.328125
313.570312
388.085938
405.351562
461.437500
353.109375
399.351562
