390.283203
399.876221
481.392761
478.050171
479.304688
460.674500
452.620117
470.380737
439.870422
323.196533
519.199463
357.140015
450.103333
322.172302
452.445557
533.642212
317.653931
454.970337
445.564819
374.387512
517.138306
429.779053
443.086914
535.808716
511.839844
452.562744
448.921997
336.593262
472.219238
391.095886
402.694702
419.572388
287.871460
422.177673
422.457092
349.032959
339.945557
361.040161
441.661621
327.180420
413.007263
372.181396
475.451355
407.090942
411.968445
355.876343
460.648438
404.732056
421.767700
340.818115
516.034912
373.987976
469.505066
327.007690
328.569641
489.413940
405.742554
413.568604
385.382935
410.817505
410.892944
495.731812
356.468750
394.706177
306.040833
268.533081
484.146667
378.718872
353.297363
352.927734
439.822693
463.335693
485.995850
368.663818
410.752930
428.433228
334.245422
312.789062
437.783081
409.663269
401.713867
417.123474
421.217285
348.113525
408.646545
411.336853
313.569763
388.090210
405.356628
461.441223
353.114746
399.362000
