0.494110
0.387299
0.284424
0.300568
0.509460
0.315674
0.582764
0.813904
0.375641
0.733459
0.595215
0.348785
0.553162
0.710754
0.783447
0.136978
0.388092
0.617981
0.192764
0.389801
0.124619
0.389191
0.380035
0.200668
0.255463
0.608582
0.643860
0.503052
0.199844
0.648682
0.651855
0.579529
0.736938
0.636169
0.582214
0.656982
0.653992
0.462433
0.467072
0.325897
0.306885
0.647583
0.262329
0.559937
0.354889
0.457703
0.698059
0.743042
0.661438
0.890808
0.833740
0.788330
0.279602
0.801392
0.690002
0.120422
0.520935
0.744690
0.623962
0.606384
0.503784
0.274261
0.597778
0.539368
0.207840
0.476349
0.192902
0.747375
0.639099
0.547852
0.487427
0.357849
0.306427
0.335571
0.330811
0.664856
0.678833
0.914429
0.403900
0.451965
0.804932
0.350922
0.350830
0.080490
0.448669
0.337097
0.201355
0.381561
0.192719
0.713196
0.687744
0.585510
0.398163
0.281677
0.421600
0.305817
0.461761
0.315460
0.467346
0.511536
0.748840
0.540222
0.871643
0.644104
0.761353
0.199753
0.719604
0.552307
0.110260
0.120064
0.704041
0.211365
0.472168
0.353912
0.291840
0.506165
0.391968
0.495514
0.588013
0.472534
0.204788
0.573181
0.054668
0.303925
0.268311
0.477417
0.609802
0.730042
0.378296
0.662476
0.653503
0.239975
0.788513
0.521240
0.295258
0.661621
0.606628
0.600281
0.324432
0.605835
0.721497
0.731079
0.517029
0.492249
0.081024
0.512207
0.698730
0.473022
0.593506
0.586487
0.646973
0.799500
0.270203
0.587280
0.689209
0.538513
0.175201
0.295105
0.265839
0.555847
0.661377
0.506958
0.796936
0.560486
0.138779
0.388519
0.220444
0.634338
0.401093
0.545349
0.350769
0.418884
0.272461
0.567566
0.496979
0.354645
0.376526
0.608704
0.715515
0.381927
0.191238
0.358582
0.177490
0.461426
0.360016
0.277496
0.589233
0.235046
0.575317
0.855042
0.677551
0.532959
0.473053
0.771240
0.090714
0.499664
0.270294
0.311157
0.545227
0.256744
0.859985
0.481323
0.378143
0.128510
0.461273
0.875122
0.485443
0.725586
0.481110
0.198685
0.103638
0.557861
0.557312
0.283417
0.722534
0.617676
0.446869
0.608032
0.152390
0.723206
0.759888
0.830444
0.366730
0.231277
0.714478
0.459747
0.141647
0.570129
0.657654
0.273376
0.241547
0.628601
0.755188
0.505249
0.644958
0.212494
0.377655
0.128143
0.639160
0.861023
0.326843
0.745056
0.414978
0.884155
0.325958
0.548340
0.801453
0.472626
0.742126
0.539734
0.308716
0.614868
0.780762
0.562195
0.142441
0.491425
0.607300
0.170822
0.474640
0.678406
0.444672
0.301544
0.303162
0.195877
0.808044
0.649109
0.409546
0.596375
0.187973
0.047050
0.453522
0.400330
0.792175
0.570679
0.583496
0.817810
0.705933
0.495575
0.402649
0.746765
0.145798
0.596924
0.659058
0.512024
0.458130
0.501343
0.302032
0.362885
0.672119
0.363647
0.626770
0.702148
0.665222
0.344086
0.309998
0.469696
0.879150
0.304901
0.651489
0.365784
0.351959
0.404053
0.466400
0.440308
0.675659
0.160461
0.255890
0.677979
0.542786
0.546387
0.420807
0.274384
0.554016
0.490631
0.200577
0.598633
0.578491
0.388611
0.549683
0.661865
0.452057
0.286987
0.661499
0.414703
0.631470
0.557312
0.584167
0.509094
0.750061
0.533569
0.574646
0.398712
0.048172
0.337311
0.541199
0.609497
0.501282
0.496887
0.700867
0.629761
0.153778
0.533569
0.906555
0.297119
0.612305
0.103180
0.781372
0.601501
0.492950
0.441620
0.262970
0.830566
0.142059
0.510254
0.356232
0.360138
0.480621
0.526978
0.869202
0.341217
0.471252
0.441162
0.439728
0.521667
0.366608
0.566711
0.543518
0.567688
0.477783
0.240494
0.193619
0.517517
0.661926
0.211823
0.814636
0.385956
0.201004
0.594360
0.573364
0.693909
0.447144
0.836304
0.636658
0.590454
0.459412
0.578247
0.538147
0.825562
0.515930
0.703735
0.277771
0.689697
0.257660
0.603027
0.508972
0.625488
0.583923
0.752258
0.489838
0.647522
0.291351
0.270020
0.575806
0.654785
0.484619
0.390045
0.626038
0.685608
0.280731
0.610107
0.379150
0.428864
0.446442
0.601196
0.606934
0.316559
0.292297
0.555908
0.729126
0.509705
0.370087
0.303162
0.495728
0.514954
0.607117
0.704468
0.725769
0.187653
0.755798
0.211700
0.720703
0.748169
0.484436
0.294952
0.398987
0.854553
0.270386
0.436218
0.537415
0.552246
0.746155
0.616394
0.681458
0.488861
0.516663
0.584595
0.392395
0.808960
0.137009
0.532227
0.614807
0.394958
0.535156
0.224594
0.495270
0.140747
0.815063
0.634460
0.328400
0.568176
0.847290
0.636780
0.426910
0.327881
0.932922
0.711914
0.294189
0.313843
0.258636
0.833862
0.566345
0.592407
0.747070
0.544067
0.193466
0.374268
0.127045
0.588196
0.479462
0.264069
0.820190
0.798035
0.660645
0.353760
0.608093
0.568909
0.495697
0.719421
0.200668
0.409912
0.400452
0.344727
0.458649
0.713379
0.374756
0.502502
0.538025
0.554932
0.401733
0.796631
0.685181
0.265533
0.686523
0.545105
0.697449
0.582092
0.804871
0.825989
0.466553
0.398865
0.500854
0.282867
0.307434
0.749146
0.636658
0.801086
0.315735
0.243332
0.631470
0.516479
0.542236
0.618530
0.446564
0.700745
0.744934
0.232483
0.790894
0.694702
0.676453
0.489319
0.487488
0.472137
0.757080
0.762207
0.129379
0.566650
0.640625
0.636414
0.689026
0.218155
0.445984
0.889648
0.500977
0.338806
0.636536
0.137650
0.136444
0.837891
0.266541
0.654663
0.464874
0.508667
0.686218
0.914185
0.507935
0.542053
0.731995
0.295349
0.822205
0.518982
0.485596
0.307404
0.405304
0.653503
0.180130
0.420227
0.516418
0.707397
0.353333
0.315979
0.625366
0.500366
0.794983
0.426636
0.424988
0.727783
0.564270
0.448120
0.678406
0.416199
0.215652
0.139420
0.224579
0.901855
0.049683
0.432281
0.439972
0.783997
0.614319
0.259827
0.600403
0.510681
0.567261
0.891663
0.752258
0.635254
0.424744
0.380432
0.453247
0.477936
0.284515
0.378845
0.566406
0.375763
0.505249
0.288818
0.803284
0.654907
0.739258
0.592407
0.367371
0.251190
0.734131
0.591980
0.263580
0.784180
0.321716
0.589539
0.565430
0.936584
0.849426
0.464905
0.559998
0.412750
0.467102
0.308380
0.345428
0.477234
0.574768
0.386322
0.543274
0.860474
0.765198
0.521545
0.346802
0.266541
0.695984
0.149704
0.807007
0.431305
0.441925
0.471832
0.682495
0.473419
0.765869
0.531433
0.845337
0.384369
0.231567
0.407288
0.433777
0.192673
0.571960
0.579163
0.493286
0.452118
0.774719
0.538513
0.514709
0.459991
0.337189
0.469910
0.619080
0.687683
0.576843
0.666809
0.655701
0.571411
0.702087
0.758972
0.113205
0.557007
0.344116
0.798035
0.615784
0.107338
0.626221
0.573303
0.191544
0.860046
0.393585
0.512024
0.349487
0.852356
0.676941
0.543762
0.300507
0.562195
-0.042496
0.151093
0.099358
0.120377
-0.200562
-0.103096
-0.113174
0.080025
0.245438
-0.229721
-0.036228
0.160385
-0.221970
-0.052513
-0.358551
0.050346
0.002037
0.020159
0.053768
-0.191696
0.012010
0.045956
0.274323
-0.015694
0.250671
-0.274445
-0.284180
0.041851
0.287628
-0.251678
-0.123940
-0.192551
0.046417
0.123009
0.074234
0.135971
0.166367
-0.187103
0.216003
0.264221
0.022625
-0.110336
0.133331
-0.051792
-0.161163
0.064354
-0.002022
-0.159149
-0.203918
0.051746
-0.203812
-0.193054
0.096001
-0.220749
-0.061749
0.056522
-0.055790
-0.055790
0.100121
-0.205887
0.130219
-0.024977
-0.108902
0.027941
-0.050133
-0.182205
0.165604
-0.321533
-0.220016
-0.057232
0.231125
0.092155
0.271851
0.076012
0.329346
0.108978
-0.297363
-0.110359
-0.050152
-0.064140
-0.060326
0.184311
0.180527
0.035671
-0.184021
-0.028799
0.093903
0.049740
0.354797
-0.244843
-0.008548
0.045650
0.020329
-0.117432
-0.072304
0.117767
-0.152069
0.240341
0.084679
-0.081955
-0.254639
0.025660
0.009068
-0.274597
-0.336029
0.337860
0.124481
-0.194550
0.227478
0.076027
-0.111107
0.019577
0.259735
-0.077560
0.055256
-0.214417
0.040657
0.148010
-0.015380
-0.043381
-0.096840
-0.172089
0.003977
0.070480
0.001202
-0.068901
0.188263
-0.150879
-0.118713
-0.017218
0.056740
0.063255
-0.279999
0.065796
0.080467
-0.178879
-0.034069
-0.085175
0.064323
-0.246017
-0.009712
0.101379
-0.078857
0.101334
0.023817
0.122276
0.036213
0.064476
-0.018137
-0.128464
0.169815
-0.115547
0.137161
-0.263916
-0.333496
0.138382
0.104881
-0.145233
-0.013059
-0.014951
-0.014859
-0.247574
0.047703
0.142868
0.255920
-0.019379
-0.037117
-0.217575
0.186722
0.028921
-0.025873
0.029427
0.130280
0.042847
-0.157669
0.153503
0.019239
0.167557
-0.220871
0.290649
0.039070
-0.051056
0.175095
0.176254
-0.026577
0.131744
0.024509
0.225891
-0.012929
0.011428
-0.227341
-0.175354
0.203278
-0.325500
-0.033062
0.020344
0.092834
-0.070198
0.094604
-0.010585
-0.043015
-0.221405
0.167007
0.087280
0.112717
0.009314
0.239685
-0.306885
0.176285
0.019938
-0.016239
-0.222366
-0.031128
0.157730
0.099754
0.091606
-0.146545
-0.023331
0.168213
-0.012469
-0.157761
-0.057446
0.249893
0.044399
0.053646
0.215683
0.354858
-0.143677
-0.292755
0.158768
0.135895
0.103645
-0.060936
-0.134842
-0.247910
0.051792
-0.126068
-0.007119
-0.108101
0.049049
0.012822
-0.125458
-0.173294
-0.018290
-0.115898
0.216583
-0.075981
-0.114853
-0.095192
-0.196198
0.309265
0.183670
0.036488
0.120895
0.080467
0.090134
0.046448
-0.002956
0.235458
0.044361
0.157532
0.081230
0.148041
0.096611
-0.054165
0.047119
0.147827
0.109894
0.330109
0.038612
0.158951
-0.094788
-0.086823
0.132111
-0.260071
-0.055145
0.059711
0.101654
0.268829
-0.184189
0.343170
0.140396
-0.148697
0.089508
0.114265
0.079369
0.030928
0.012561
0.076408
-0.022594
-0.233200
-0.056221
0.058640
0.203247
0.329956
0.006174
-0.185654
0.187683
-0.174072
-0.004259
0.226257
-0.162094
0.050243
-0.008149
0.117004
0.227890
-0.062183
0.029106
-0.108749
-0.232178
-0.155060
-0.054028
0.198334
-0.013618
0.323883
0.021906
-0.224976
-0.081161
-0.255127
0.143265
0.043812
-0.050583
-0.061092
-0.045696
0.154388
-0.019547
0.108055
-0.032429
-0.270752
-0.212463
0.110909
-0.190338
0.063148
0.013573
-0.052036
-0.257538
0.239761
0.033348
0.062286
-0.157440
0.238876
0.196732
-0.212585
0.147095
-0.106415
0.111320
-0.268738
-0.041283
0.029566
-0.086136
0.100281
-0.364319
0.153992
-0.249207
0.029366
0.017647
0.020235
-0.153275
-0.014767
0.187225
-0.075615
0.095558
0.144455
-0.013603
-0.180420
-0.196014
0.020098
0.206924
0.125763
0.082367
0.049465
-0.071358
-0.159729
0.273987
0.075737
0.170990
-0.050674
-0.194183
-0.158707
-0.021139
0.011550
-0.058426
0.053432
0.164978
0.128952
-0.207352
-0.108658
-0.288544
-0.070465
-0.271027
0.338104
0.002053
0.261139
0.044823
-0.159714
0.080147
0.137253
0.007966
0.141159
-0.025398
-0.058350
-0.100082
0.193390
-0.069366
0.174515
0.267365
-0.188507
0.123833
-0.074341
-0.057076
0.100983
0.084221
-0.115494
-0.135727
-0.042080
0.303558
0.093521
0.139404
-0.273956
0.171738
0.306122
-0.083443
0.026226
0.130661
0.108391
0.014093
-0.079338
0.247345
-0.124924
0.061810
-0.215775
-0.036274
-0.037701
-0.023514
-0.105637
-0.300934
-0.046246
-0.002282
-0.177643
-0.121170
0.088203
0.070923
0.112350
-0.174866
-0.211792
-0.077332
-0.160294
-0.118294
0.063805
-0.144119
-0.094101
-0.068932
-0.079964
0.368134
-0.228394
0.027287
-0.053768
-0.017004
0.274628
-0.179291
0.044209
-0.232376
0.222168
0.006526
-0.256470
-0.319458
0.142746
0.134995
0.115959
-0.036060
0.163116
-0.087120
-0.111015
0.127884
0.176880
0.114906
0.049435
0.015471
-0.150955
0.113235
0.018934
-0.097458
0.045437
-0.062164
-0.019516
0.106033
-0.035461
-0.220871
0.088432
-0.049232
0.036442
-0.013220
0.007936
-0.177383
0.139755
0.190903
-0.060280
-0.153519
0.035740
0.055698
-0.337128
0.050690
-0.179581
-0.011565
-0.260254
0.143753
-0.334381
-0.209732
0.011642
-0.047596
0.193649
0.030592
0.292603
-0.052174
-0.031586
-0.164581
0.054977
0.372375
0.053982
0.143433
-0.116272
-0.200272
-0.159958
0.039246
-0.088676
0.271637
-0.061184
0.140625
-0.321289
-0.171295
0.196304
-0.220749
-0.121750
-0.272797
0.206528
0.056831
-0.276611
0.018597
-0.300476
0.174454
0.261139
0.040779
0.205017
0.263641
-0.010294
0.173462
0.100769
-0.393036
0.108147
-0.283539
0.188080
0.139435
-0.194824
0.028708
0.029947
0.155914
0.010202
-0.029503
0.006403
0.126602
-0.053783
0.203827
0.194305
0.114616
0.368744
-0.036888
0.023851
-0.346191
-0.164154
0.161118
-0.024174
0.243988
-0.088295
0.033302
0.219208
-0.246170
0.206772
-0.118332
-0.202637
0.024755
0.034706
-0.014549
0.014905
-0.160110
0.014154
0.192444
-0.004213
0.023224
-0.275360
0.003316
0.001685
-0.039001
0.207138
-0.239990
-0.213959
0.137009
0.159653
0.247025
0.228531
0.143082
0.118584
0.056801
0.097549
-0.117287
0.237686
0.168564
-0.215866
0.154282
0.049110
0.019209
0.031464
-0.063759
0.003554
0.046383
0.213837
0.019424
0.090668
-0.226395
0.042034
-0.182953
-0.223083
-0.103279
0.214600
-0.015932
0.094406
0.000659
-0.027052
-0.036045
-0.188309
-0.089783
-0.182526
-0.070312
-0.032997
0.204559
0.250092
0.204681
-0.064568
0.032513
-0.078766
-0.015456
0.199310
-0.195435
-0.079216
0.054657
-0.002604
-0.155518
-0.217209
-0.057812
0.055820
-0.173447
0.195770
0.269897
-0.129135
0.120270
-0.184891
0.254303
-0.315674
-0.064369
-0.071938
-0.066284
0.137115
0.035095
-0.285339
-0.186005
-0.050461
0.111763
0.167374
-0.263794
-0.293427
-0.058975
0.158508
0.194885
0.183884
0.078156
-0.040565
0.180679
-0.223236
0.181061
0.270477
-0.168549
0.296600
0.027941
-0.044525
-0.270844
-0.140228
-0.082397
-0.016560
-0.018167
-0.079170
0.341431
0.111687
0.131973
-0.168289
0.600342
-0.256744
0.097878
-0.188507
0.061783
0.117722
0.282349
0.347229
0.239975
0.093620
0.120674
0.086136
0.125305
0.119881
0.511292
-0.016434
0.456726
0.461365
0.309082
0.181870
-0.224289
-0.406708
-0.100800
0.000138
-0.022089
0.119591
0.021374
-0.295593
-0.386108
-0.466125
0.053146
-0.405182
-0.102997
0.151047
0.023737
-0.141968
-0.248245
-0.212967
-0.412170
-0.008642
0.400116
-0.289062
0.077499
0.008016
-0.169174
-0.026215
-0.010470
0.287964
-0.083885
-0.316376
-0.047157
-0.408905
-0.206070
-0.148376
-0.308380
-0.328491
-0.030746
0.232376
-0.008690
0.202957
0.383698
0.044071
-0.101784
-0.337097
0.293518
0.439362
0.040405
-0.055523
-0.290985
0.143311
-0.063751
0.209503
-0.045364
0.013784
0.119560
-0.214127
-0.115227
0.008739
0.073883
0.418365
0.309753
0.026333
0.528870
0.002964
-0.023651
-0.397003
-0.224762
0.462616
-0.164551
0.383575
0.048203
-0.398254
-0.187347
0.463837
-0.218307
0.206558
0.386169
-0.179916
-0.365631
0.195587
-0.034176
0.087677
0.306763
-0.079529
0.101089
-0.191101
0.323730
-0.011719
0.432678
0.397675
-0.110420
0.127426
0.421936
-0.199371
0.228760
0.398315
0.023481
0.003644
0.245987
0.373566
0.389618
0.294250
-0.024675
-0.314697
0.241028
0.276489
-0.210556
0.109810
0.096611
-0.059502
0.207382
0.162796
-0.488831
0.413788
0.184082
-0.385284
-0.397125
-0.109581
0.218384
0.035564
-0.328949
-0.509827
0.163025
-0.424408
-0.091377
-0.223587
-0.023655
-0.168243
-0.119560
-0.295105
0.205368
0.169693
-0.000888
0.183060
-0.147034
-0.377289
-0.059490
-0.355133
-0.367889
-0.063248
0.202774
-0.162460
0.200333
0.233002
0.250946
0.284027
0.465088
-0.146133
-0.442963
0.166092
-0.108162
-0.154877
0.171280
0.153229
-0.059826
0.079941
-0.070358
-0.083473
-0.088303
0.327515
0.138474
-0.399994
-0.120201
0.135178
-0.216919
-0.164429
0.375305
-0.377167
0.097443
0.009863
-0.342041
0.199814
-0.152588
0.374939
-0.084206
0.098732
0.141937
-0.238907
-0.047379
0.218048
-0.072830
-0.157562
0.161514
0.100883
-0.002300
0.101730
0.281189
-0.072662
0.016256
-0.424072
-0.362915
0.254730
-0.206650
0.134644
-0.225098
0.193466
-0.030163
0.049839
-0.185715
-0.035110
0.057652
-0.010723
-0.352295
0.007849
-0.150406
0.080528
0.005844
-0.008816
-0.058002
0.056839
0.209259
-0.128387
-0.098679
-0.244232
-0.029503
-0.100967
-0.144485
0.251740
-0.173615
0.491608
0.344666
0.081253
0.128922
-0.379395
-0.301514
-0.198593
-0.288330
0.185379
-0.045979
0.143387
0.150269
-0.505310
0.235458
0.312988
0.017164
0.084663
-0.123482
0.023035
0.075867
-0.179047
-0.535095
0.287506
0.209595
-0.116753
0.041290
0.180084
-0.117325
-0.103172
-0.187622
0.324036
-0.229019
-0.357941
0.304932
-0.198441
-0.121902
-0.096939
-0.296631
0.209595
-0.428619
0.272400
-0.264404
0.337128
0.386932
-0.028944
0.135117
-0.112938
-0.461273
0.011612
0.427521
0.134033
-0.167847
-0.007579
-0.095482
-0.475281
0.491089
-0.054180
0.319824
-0.244034
0.460052
-0.482758
-0.020351
0.233109
-0.223221
0.387360
0.133026
-0.345123
-0.226959
0.353455
0.381561
-0.138123
0.111206
-0.397491
0.298981
-0.021305
0.090218
-0.183304
-0.234589
0.248825
0.448151
0.192520
-0.134567
-0.337067
0.182968
-0.131683
-0.192902
0.056610
0.431183
0.026546
0.430023
0.271790
-0.355835
0.410034
-0.112518
-0.064453
0.280029
-0.079857
0.109886
0.050987
-0.243454
-0.028055
-0.087074
-0.031834
0.091499
0.214310
-0.153503
0.182159
0.131424
0.126526
-0.086479
0.478821
-0.195526
0.294006
-0.372894
-0.012600
0.061893
-0.048767
0.046478
-0.124329
-0.024227
-0.042984
-0.369904
0.139008
-0.250336
0.034973
0.074554
0.029673
0.055084
0.282776
-0.017256
-0.188339
0.156830
-0.004335
-0.222198
-0.269043
0.210022
0.140930
-0.086929
0.243073
0.269897
-0.275787
0.204834
-0.444672
0.118576
0.348999
0.160141
0.079742
-0.319641
0.104233
0.055805
0.275909
0.063675
0.203308
-0.202454
0.430389
-0.279144
0.487518
-0.054554
0.292938
0.154938
-0.074226
0.105064
-0.205261
-0.078560
0.500305
0.042717
0.131836
0.026260
-0.044201
-0.142136
-0.222885
0.197083
-0.039688
-0.150528
-0.199326
-0.306122
-0.090721
0.497833
-0.008303
0.115921
-0.061359
-0.349762
-0.337402
0.141571
0.062820
0.092964
-0.037178
-0.064629
0.035980
0.253845
0.090317
0.062180
-0.158081
0.401703
-0.013970
0.344666
-0.172974
-0.499512
-0.246872
0.400269
-0.026674
0.147675
0.082336
-0.066360
-0.003236
0.400055
0.244965
0.004412
0.280457
0.136673
-0.396698
0.217133
-0.113052
-0.219513
0.358704
-0.047810
-0.124153
-0.197479
-0.212814
-0.088127
0.058823
-0.022482
-0.123924
-0.199661
0.278870
-0.139893
-0.472839
-0.413177
-0.022438
-0.102295
-0.111237
-0.149445
0.043369
-0.030924
0.401611
0.040142
-0.248291
0.029156
0.046555
0.030197
-0.351166
0.164871
0.249741
0.153214
-0.052193
0.091064
0.003026
0.440704
0.413025
-0.109772
-0.266846
0.371063
-0.234650
-0.290771
-0.345581
0.044224
0.186707
-0.198563
0.250885
0.061905
-0.202469
-0.479767
0.012850
-0.157059
0.106743
0.314087
0.400116
-0.141510
0.242889
-0.072403
-0.111328
-0.007877
0.094543
0.037685
0.044601
0.042332
0.229523
-0.466980
-0.033970
0.025177
-0.061737
0.215805
-0.122765
0.223038
0.025803
0.148697
0.267242
0.112167
-0.051868
-0.001298
0.075722
-0.352692
0.136368
-0.530823
0.107658
0.142334
0.300232
-0.109657
0.000835
0.026157
-0.180008
-0.110451
0.017920
0.014890
0.027624
0.165283
-0.043144
-0.360229
0.213364
-0.079575
0.280334
0.050850
-0.380768
0.157196
-0.243103
-0.455292
-0.309113
0.026196
0.174301
0.156036
-0.075455
0.350372
0.420776
0.163727
0.436554
0.428070
-0.311340
0.121819
-0.198608
0.306915
-0.369415
0.238831
0.196472
-0.248703
0.151306
-0.292908
-0.185791
0.108177
-0.035339
0.027617
0.028669
-0.372437
0.078461
-0.354095
-0.112389
-0.162628
-0.189606
0.095573
-0.136444
0.084694
-0.267792
-0.113487
0.332642
0.055023
-0.050144
0.151810
-0.036324
0.255951
-0.245789
0.382507
-0.054520
0.004649
0.003910
-0.375061
-0.246078
0.054848
-0.050537
0.185577
0.161026
-0.085876
0.112801
0.189301
0.161575
0.291229
-0.162384
0.048801
0.128616
0.263031
0.041935
-0.007755
0.247299
-0.225815
0.498627
0.062973
-0.070778
-0.070602
-0.304626
-0.104698
0.185318
-0.030981
0.177444
0.130844
0.074081
0.181747
-0.143814
-0.171982
-0.380829
0.425507
0.013592
0.400024
-0.279785
-0.390625
0.070328
0.498779
-0.199738
-0.092422
0.445160
-0.169037
-0.446777
-0.029871
-0.078430
0.315491
-0.153275
-0.197220
-0.138519
-0.324463
0.251190
0.076271
0.186218
-0.080460
-0.471710
-0.251343
-0.565002
0.217773
0.030802
-0.091339
-0.054588
0.165009
0.231369
-0.043022
0.048046
-0.046001
0.183426
0.020006
-0.164612
-0.018341
0.442566
0.383392
0.429626
0.098541
-0.163910
-0.263763
0.414124
-0.417542
