0.494146
0.387259
0.284445
0.300573
0.509445
0.315676
0.582794
0.813900
0.375662
0.733467
0.595226
0.348761
0.553196
0.710751
0.783463
0.136971
0.388071
0.617954
0.192769
0.389776
0.124612
0.389174
0.380007
0.200667
0.255463
0.608566
0.643936
0.503113
0.199855
0.648666
0.651901
0.579552
0.736923
0.636166
0.582256
0.657063
0.653976
0.462471
0.467045
0.325886
0.306910
0.647648
0.262329
0.559937
0.354925
0.457663
0.698086
0.743000
0.661438
0.890850
0.833775
0.788353
0.279577
0.801464
0.690025
0.120420
0.521004
0.744656
0.623981
0.606407
0.503841
0.274260
0.597832
0.539314
0.207850
0.476339
0.192902
0.747375
0.639080
0.547802
0.487436
0.357864
0.306419
0.335592
0.330799
0.664822
0.678806
0.914436
0.403893
0.451946
0.804840
0.350943
0.350822
0.080493
0.448656
0.337093
0.201361
0.381523
0.192718
0.713196
0.687759
0.585587
0.398151
0.281672
0.421597
0.305832
0.461758
0.315498
0.467379
0.511539
0.748848
0.540195
0.871704
0.644127
0.761345
0.199753
0.719646
0.552296
0.110266
0.120063
0.704071
0.211356
0.472176
0.353891
0.291853
0.506210
0.391985
0.495516
0.588013
0.472557
0.204788
0.573200
0.054667
0.303940
0.268314
0.477438
0.609772
0.730072
0.378317
0.662533
0.653477
0.239993
0.788555
0.521259
0.295263
0.661594
0.606567
0.600288
0.324415
0.605858
0.721527
0.731060
0.517040
0.492252
0.081028
0.512196
0.698738
0.473013
0.593536
0.586479
0.647018
0.799503
0.270197
0.587238
0.689270
0.538509
0.175196
0.295116
0.265831
0.555813
0.661396
0.506992
0.796982
0.560486
0.138777
0.388491
0.220459
0.634369
0.401094
0.545319
0.350754
0.418865
0.272459
0.567623
0.496944
0.354658
0.376518
0.608681
0.715527
0.381926
0.191235
0.358620
0.177502
0.461432
0.360027
0.277468
0.589245
0.235052
0.575333
0.855076
0.677589
0.532986
0.473040
0.771267
0.090717
0.499672
0.270279
0.311176
0.545181
0.256754
0.859978
0.481319
0.378197
0.128510
0.461260
0.875145
0.485472
0.725632
0.481075
0.198694
0.103635
0.557865
0.557316
0.283440
0.722599
0.617615
0.446905
0.608093
0.152391
0.723244
0.759865
0.830429
0.366749
0.231281
0.714523
0.459768
0.141651
0.570179
0.657673
0.273388
0.241549
0.628616
0.755154
0.505295
0.644981
0.212490
0.377693
0.128149
0.639122
0.861069
0.326841
0.745060
0.415009
0.884159
0.325920
0.548298
0.801498
0.472656
0.742222
0.539722
0.308722
0.614910
0.780846
0.562199
0.142443
0.491438
0.607346
0.170820
0.474617
0.678463
0.444656
0.301546
0.303158
0.195886
0.808014
0.649143
0.409548
0.596409
0.187984
0.047051
0.453550
0.400381
0.792110
0.570686
0.583538
0.817860
0.705986
0.495562
0.402660
0.746761
0.145803
0.596935
0.659096
0.512028
0.458128
0.501366
0.302021
0.362898
0.672184
0.363636
0.626743
0.702221
0.665180
0.344070
0.309977
0.469723
0.879208
0.304905
0.651508
0.365746
0.351959
0.404057
0.466402
0.440317
0.675743
0.160462
0.255877
0.677979
0.542747
0.546391
0.420820
0.274382
0.554020
0.490614
0.200581
0.598701
0.578533
0.388601
0.549732
0.661861
0.452065
0.286997
0.661503
0.414667
0.631516
0.557308
0.584217
0.509102
0.750069
0.533588
0.574673
0.398722
0.048172
0.337326
0.541168
0.609467
0.501263
0.496872
0.700893
0.629841
0.153785
0.533585
0.906521
0.297106
0.612324
0.103180
0.781364
0.601555
0.492954
0.441616
0.262966
0.830574
0.142059
0.510300
0.356209
0.360126
0.480600
0.526978
0.869232
0.341194
0.471266
0.441153
0.439743
0.521744
0.366610
0.566742
0.543530
0.567696
0.477779
0.240499
0.193617
0.517567
0.661938
0.211836
0.814671
0.385960
0.201015
0.594418
0.573341
0.693974
0.447174
0.836308
0.636684
0.590408
0.459429
0.578270
0.538212
0.825581
0.515945
0.703693
0.277746
0.689789
0.257671
0.603043
0.508953
0.625450
0.583950
0.752304
0.489847
0.647560
0.291357
0.270016
0.575821
0.654739
0.484600
0.390043
0.626087
0.685616
0.280706
0.610123
0.379137
0.428877
0.446430
0.601204
0.606968
0.316551
0.292299
0.555874
0.729137
0.509689
0.370090
0.303129
0.495729
0.514931
0.607166
0.704514
0.725765
0.187643
0.755814
0.211690
0.720753
0.748177
0.484455
0.294954
0.398993
0.854610
0.270378
0.436218
0.537472
0.552258
0.746170
0.616440
0.681412
0.488848
0.516640
0.584625
0.392401
0.808937
0.137024
0.532234
0.614883
0.394970
0.535191
0.224607
0.495283
0.140737
0.815121
0.634499
0.328381
0.568184
0.847363
0.636818
0.426884
0.327892
0.932941
0.711876
0.294197
0.313845
0.258619
0.833973
0.566376
0.592472
0.747112
0.544033
0.193462
0.374275
0.127035
0.588161
0.479464
0.264059
0.820225
0.798092
0.660648
0.353792
0.608082
0.568932
0.495701
0.719452
0.200674
0.409908
0.400459
0.344728
0.458595
0.713341
0.374748
0.502514
0.538044
0.554947
0.401735
0.796665
0.685173
0.265530
0.686558
0.545105
0.697418
0.582150
0.804935
0.826073
0.466566
0.398844
0.500828
0.282866
0.307461
0.749161
0.636658
0.801094
0.315784
0.243333
0.631512
0.516460
0.542267
0.618523
0.446569
0.700695
0.744865
0.232462
0.790886
0.694775
0.676437
0.489319
0.487514
0.472132
0.757149
0.762203
0.129380
0.566711
0.640606
0.636444
0.689037
0.218142
0.445982
0.889683
0.501007
0.338823
0.636543
0.137667
0.136439
0.837879
0.266552
0.654675
0.464863
0.508652
0.686195
0.914185
0.507900
0.542034
0.732025
0.295309
0.822193
0.518986
0.485628
0.307405
0.405285
0.653473
0.180134
0.420221
0.516438
0.707462
0.353361
0.315990
0.625431
0.500347
0.794983
0.426611
0.424995
0.727776
0.564281
0.448162
0.678478
0.416210
0.215663
0.139419
0.224588
0.901863
0.049678
0.432314
0.439970
0.784004
0.614349
0.259855
0.600414
0.510677
0.567261
0.891697
0.752281
0.635246
0.424746
0.380411
0.453236
0.477934
0.284534
0.378839
0.566410
0.375767
0.505276
0.288828
0.803364
0.654942
0.739292
0.592373
0.367399
0.251204
0.734089
0.591991
0.263588
0.784214
0.321726
0.589558
0.565472
0.936520
0.849411
0.464882
0.560024
0.412750
0.467106
0.308382
0.345419
0.477232
0.574795
0.386335
0.543293
0.860500
0.765179
0.521572
0.346788
0.266533
0.695957
0.149706
0.807022
0.431322
0.441904
0.471848
0.682526
0.473415
0.765965
0.531494
0.845314
0.384386
0.231578
0.407310
0.433735
0.192687
0.572021
0.579144
0.493290
0.452126
0.774696
0.538536
0.514740
0.460012
0.337193
0.469902
0.619064
0.687748
0.576859
0.666851
0.655731
0.571362
0.702114
0.759003
0.113207
0.557011
0.344126
0.798038
0.615810
0.107341
0.626225
0.573269
0.191558
0.860107
0.393578
0.512020
0.349489
0.852325
0.676991
0.543781
0.300524
0.562210
-0.042490
0.151095
0.099354
0.120368
-0.200573
-0.103102
-0.113177
0.080027
0.245451
-0.229709
-0.036218
0.160377
-0.221984
-0.052518
-0.358521
0.050345
0.002032
0.020144
0.053765
-0.191698
0.012008
0.045965
0.274345
-0.015694
0.250654
-0.274454
-0.284184
0.041867
0.287628
-0.251680
-0.123937
-0.192574
0.046412
0.122993
0.074241
0.135974
0.166333
-0.187090
0.216002
0.264210
0.022620
-0.110353
0.133318
-0.051787
-0.161160
0.064353
-0.002018
-0.159129
-0.203926
0.051746
-0.203827
-0.193049
0.096000
-0.220748
-0.061744
0.056522
-0.055785
-0.055794
0.100100
-0.205866
0.130231
-0.024972
-0.108883
0.027933
-0.050133
-0.182219
0.165616
-0.321508
-0.220024
-0.057226
0.231122
0.092153
0.271841
0.076016
0.329367
0.108969
-0.297342
-0.110363
-0.050160
-0.064133
-0.060328
0.184299
0.180526
0.035671
-0.184028
-0.028796
0.093902
0.049746
0.354830
-0.244843
-0.008544
0.045640
0.020317
-0.117427
-0.072294
0.117761
-0.152070
0.240322
0.084676
-0.081960
-0.254614
0.025663
0.009059
-0.274616
-0.336031
0.337849
0.124485
-0.194530
0.227483
0.076031
-0.111086
0.019576
0.259754
-0.077561
0.055248
-0.214407
0.040643
0.148017
-0.015376
-0.043373
-0.096828
-0.172074
0.003977
0.070490
0.001208
-0.068893
0.188251
-0.150863
-0.118706
-0.017207
0.056733
0.063255
-0.279966
0.065793
0.080479
-0.178867
-0.034070
-0.085173
0.064314
-0.246008
-0.009718
0.101381
-0.078855
0.101325
0.023820
0.122259
0.036204
0.064463
-0.018149
-0.128460
0.169802
-0.115552
0.137177
-0.263933
-0.333485
0.138385
0.104882
-0.145236
-0.013055
-0.014956
-0.014865
-0.247587
0.047721
0.142876
0.255913
-0.019377
-0.037125
-0.217575
0.186718
0.028899
-0.025874
0.029424
0.130280
0.042847
-0.157675
0.153522
0.019239
0.167530
-0.220859
0.290648
0.039071
-0.051058
0.175095
0.176247
-0.026568
0.131742
0.024500
0.225892
-0.012917
0.011443
-0.227353
-0.175360
0.203276
-0.325499
-0.033063
0.020346
0.092836
-0.070188
0.094613
-0.010580
-0.043000
-0.221395
0.166997
0.087279
0.112718
0.009321
0.239669
-0.306887
0.176275
0.019941
-0.016239
-0.222363
-0.031118
0.157722
0.099749
0.091601
-0.146538
-0.023328
0.168204
-0.012456
-0.157751
-0.057439
0.249894
0.044388
0.053640
0.215700
0.354868
-0.143658
-0.292776
0.158768
0.135894
0.103644
-0.060916
-0.134819
-0.247921
0.051800
-0.126074
-0.007121
-0.108085
0.049067
0.012820
-0.125460
-0.173298
-0.018296
-0.115890
0.216584
-0.075984
-0.114851
-0.095167
-0.196204
0.309271
0.183656
0.036491
0.120881
0.080467
0.090130
0.046444
-0.002953
0.235471
0.044378
0.157525
0.081232
0.148020
0.096608
-0.054165
0.047099
0.147831
0.109894
0.330111
0.038612
0.158961
-0.094780
-0.086847
0.132107
-0.260078
-0.055161
0.059691
0.101647
0.268833
-0.184188
0.343155
0.140393
-0.148685
0.089511
0.114272
0.079357
0.030929
0.012561
0.076404
-0.022600
-0.233195
-0.056204
0.058632
0.203246
0.329960
0.006177
-0.185656
0.187661
-0.174063
-0.004256
0.226271
-0.162103
0.050253
-0.008152
0.117006
0.227883
-0.062181
0.029119
-0.108757
-0.232193
-0.155070
-0.054027
0.198334
-0.013624
0.323906
0.021894
-0.224975
-0.081165
-0.255102
0.143271
0.043813
-0.050588
-0.061084
-0.045711
0.154369
-0.019549
0.108044
-0.032419
-0.270733
-0.212461
0.110903
-0.190331
0.063145
0.013576
-0.052039
-0.257559
0.239749
0.033357
0.062266
-0.157431
0.238875
0.196754
-0.212591
0.147074
-0.106426
0.111314
-0.268740
-0.041271
0.029573
-0.086133
0.100290
-0.364325
0.153989
-0.249220
0.029384
0.017648
0.020231
-0.153282
-0.014773
0.187208
-0.075611
0.095554
0.144457
-0.013599
-0.180428
-0.196008
0.020108
0.206899
0.125773
0.082372
0.049467
-0.071352
-0.159716
0.274008
0.075722
0.170988
-0.050678
-0.194151
-0.158706
-0.021105
0.011557
-0.058416
0.053414
0.164968
0.128942
-0.207337
-0.108650
-0.288536
-0.070486
-0.271002
0.338091
0.002057
0.261129
0.044836
-0.159698
0.080126
0.137253
0.007985
0.141157
-0.025400
-0.058352
-0.100087
0.193382
-0.069359
0.174499
0.267393
-0.188505
0.123820
-0.074337
-0.057079
0.101005
0.084220
-0.115494
-0.135717
-0.042077
0.303581
0.093522
0.139405
-0.273956
0.171746
0.306114
-0.083444
0.026224
0.130668
0.108393
0.014105
-0.079341
0.247354
-0.124914
0.061816
-0.215757
-0.036265
-0.037694
-0.023510
-0.105627
-0.300903
-0.046251
-0.002289
-0.177662
-0.121164
0.088207
0.070918
0.112343
-0.174863
-0.211801
-0.077314
-0.160282
-0.118277
0.063800
-0.144106
-0.094109
-0.068929
-0.079972
0.368114
-0.228395
0.027286
-0.053784
-0.017027
0.274639
-0.179274
0.044213
-0.232386
0.222169
0.006518
-0.256468
-0.319458
0.142747
0.134988
0.115961
-0.036051
0.163111
-0.087097
-0.111000
0.127876
0.176883
0.114911
0.049428
0.015466
-0.150945
0.113228
0.018938
-0.097478
0.045431
-0.062169
-0.019497
0.106036
-0.035458
-0.220860
0.088431
-0.049243
0.036444
-0.013223
0.007929
-0.177387
0.139737
0.190879
-0.060270
-0.153516
0.035734
0.055691
-0.337143
0.050691
-0.179561
-0.011568
-0.260279
0.143765
-0.334368
-0.209716
0.011656
-0.047604
0.193644
0.030593
0.292627
-0.052192
-0.031576
-0.164578
0.054977
0.372385
0.053981
0.143409
-0.116278
-0.200285
-0.159948
0.039229
-0.088674
0.271631
-0.061160
0.140614
-0.321304
-0.171294
0.196302
-0.220742
-0.121735
-0.272816
0.206533
0.056828
-0.276627
0.018610
-0.300465
0.174447
0.261137
0.040755
0.205041
0.263632
-0.010306
0.173463
0.100761
-0.393040
0.108138
-0.283545
0.188080
0.139437
-0.194832
0.028707
0.029954
0.155915
0.010204
-0.029498
0.006394
0.126609
-0.053792
0.203828
0.194292
0.114604
0.368721
-0.036885
0.023855
-0.346191
-0.164145
0.161098
-0.024167
0.243993
-0.088281
0.033294
0.219200
-0.246164
0.206757
-0.118325
-0.202627
0.024762
0.034706
-0.014549
0.014910
-0.160124
0.014157
0.192440
-0.004212
0.023229
-0.275345
0.003314
0.001683
-0.039003
0.207141
-0.240027
-0.213956
0.137021
0.159664
0.247032
0.228539
0.143094
0.118573
0.056792
0.097530
-0.117286
0.237662
0.168577
-0.215875
0.154287
0.049119
0.019210
0.031471
-0.063753
0.003527
0.046381
0.213831
0.019391
0.090667
-0.226381
0.042043
-0.182969
-0.223066
-0.103274
0.214604
-0.015926
0.094409
0.000648
-0.027058
-0.036062
-0.188322
-0.089789
-0.182526
-0.070326
-0.032996
0.204561
0.250099
0.204667
-0.064572
0.032514
-0.078757
-0.015455
0.199299
-0.195440
-0.079208
0.054672
-0.002616
-0.155509
-0.217203
-0.057816
0.055821
-0.173450
0.195793
0.269888
-0.129148
0.120263
-0.184882
0.254261
-0.315666
-0.064364
-0.071936
-0.066279
0.137115
0.035095
-0.285315
-0.186015
-0.050478
0.111786
0.167362
-0.263762
-0.293411
-0.058971
0.158494
0.194887
0.183875
0.078154
-0.040576
0.180683
-0.223223
0.181064
0.270445
-0.168536
0.296610
0.027951
-0.044517
-0.270823
-0.140211
-0.082400
-0.016565
-0.018169
-0.079155
0.341471
0.111707
0.131963
-0.168274
0.600372
-0.256706
0.097905
-0.188509
0.061806
0.117726
0.282356
0.347256
0.240001
0.093629
0.120667
0.086158
0.125318
0.119883
0.511276
-0.016431
0.456766
0.461376
0.309061
0.181865
-0.224274
-0.406687
-0.100783
0.000138
-0.022057
0.119609
0.021374
-0.295586
-0.386099
-0.466097
0.053159
-0.405155
-0.102979
0.151059
0.023746
-0.141959
-0.248235
-0.212940
-0.412117
-0.008626
0.400116
-0.289040
0.077530
0.008022
-0.169156
-0.026194
-0.010430
0.288000
-0.083862
-0.316372
-0.047157
-0.408920
-0.206038
-0.148333
-0.308392
-0.328491
-0.030745
0.232414
-0.008685
0.202982
0.383724
0.044079
-0.101783
-0.337057
0.293509
0.439375
0.040413
-0.055509
-0.290981
0.143295
-0.063744
0.209530
-0.045348
0.013786
0.119571
-0.214116
-0.115214
0.008745
0.073883
0.418337
0.309784
0.026334
0.528847
0.002962
-0.023625
-0.396961
-0.224744
0.462650
-0.164549
0.383591
0.048216
-0.398235
-0.187333
0.463844
-0.218274
0.206570
0.386196
-0.179880
-0.365568
0.195609
-0.034176
0.087706
0.306767
-0.079530
0.101099
-0.191076
0.323765
-0.011705
0.432671
0.397648
-0.110391
0.127453
0.421965
-0.199352
0.228786
0.398335
0.023511
0.003647
0.245981
0.373571
0.389648
0.294201
-0.024664
-0.314705
0.241021
0.276491
-0.210548
0.109805
0.096609
-0.059489
0.207432
0.162827
-0.488802
0.413803
0.184081
-0.385292
-0.397097
-0.109567
0.218394
0.035569
-0.328941
-0.509804
0.163022
-0.424391
-0.091352
-0.223587
-0.023645
-0.168235
-0.119547
-0.295076
0.205335
0.169706
-0.000881
0.183079
-0.147018
-0.377274
-0.059468
-0.355154
-0.367861
-0.063254
0.202767
-0.162451
0.200356
0.233002
0.250961
0.284040
0.465117
-0.146137
-0.442942
0.166100
-0.108156
-0.154861
0.171296
0.153237
-0.059823
0.079941
-0.070353
-0.083470
-0.088293
0.327513
0.138472
-0.399979
-0.120196
0.135178
-0.216898
-0.164411
0.375319
-0.377155
0.097450
0.009863
-0.342035
0.199823
-0.152588
0.374945
-0.084196
0.098768
0.141962
-0.238900
-0.047372
0.218060
-0.072800
-0.157548
0.161572
0.100904
-0.002294
0.101745
0.281239
-0.072646
0.016256
-0.424078
-0.362940
0.254726
-0.206646
0.134668
-0.225096
0.193471
-0.030137
0.049825
-0.185706
-0.035097
0.057667
-0.010725
-0.352291
0.007884
-0.150392
0.080530
0.005865
-0.008823
-0.057980
0.056865
0.209235
-0.128372
-0.098667
-0.244195
-0.029486
-0.100959
-0.144470
0.251747
-0.173606
0.491610
0.344688
0.081258
0.128923
-0.379374
-0.301489
-0.198588
-0.288311
0.185395
-0.045959
0.143393
0.150295
-0.505314
0.235471
0.313000
0.017178
0.084687
-0.123489
0.023040
0.075862
-0.179055
-0.535095
0.287510
0.209589
-0.116745
0.041294
0.180101
-0.117314
-0.103174
-0.187588
0.324081
-0.228979
-0.357901
0.304945
-0.198431
-0.121881
-0.096941
-0.296625
0.209628
-0.428570
0.272413
-0.264389
0.337120
0.386923
-0.028921
0.135118
-0.112922
-0.461256
0.011631
0.427532
0.134040
-0.167824
-0.007566
-0.095470
-0.475252
0.491079
-0.054176
0.319845
-0.244040
0.460060
-0.482744
-0.020353
0.233100
-0.223232
0.387392
0.133040
-0.345118
-0.226961
0.353434
0.381533
-0.138118
0.111238
-0.397470
0.299000
-0.021273
0.090238
-0.183293
-0.234588
0.248808
0.448158
0.192550
-0.134567
-0.337076
0.182962
-0.131665
-0.192902
0.056629
0.431179
0.026549
0.430004
0.271805
-0.355804
0.410038
-0.112510
-0.064430
0.280020
-0.079862
0.109884
0.051040
-0.243450
-0.028019
-0.087078
-0.031822
0.091530
0.214333
-0.153491
0.182158
0.131431
0.126530
-0.086450
0.478806
-0.195529
0.293983
-0.372881
-0.012568
0.061922
-0.048764
0.046472
-0.124312
-0.024234
-0.042960
-0.369921
0.139002
-0.250334
0.034981
0.074569
0.029687
0.055118
0.282824
-0.017254
-0.188332
0.156823
-0.004333
-0.222177
-0.269058
0.210001
0.140962
-0.086901
0.243059
0.269901
-0.275764
0.204844
-0.444668
0.118611
0.348982
0.160177
0.079745
-0.319607
0.104236
0.055826
0.275980
0.063688
0.203317
-0.202430
0.430372
-0.279118
0.487532
-0.054549
0.293022
0.154960
-0.074214
0.105080
-0.205234
-0.078547
0.500313
0.042728
0.131845
0.026276
-0.044176
-0.142116
-0.222862
0.197080
-0.039685
-0.150509
-0.199312
-0.306099
-0.090725
0.497847
-0.008293
0.115922
-0.061332
-0.349724
-0.337410
0.141588
0.062846
0.092962
-0.037135
-0.064626
0.036001
0.253864
0.090335
0.062179
-0.158077
0.401728
-0.013959
0.344650
-0.172960
-0.499529
-0.246881
0.400278
-0.026646
0.147668
0.082354
-0.066331
-0.003235
0.400059
0.244984
0.004413
0.280491
0.136688
-0.396685
0.217138
-0.113036
-0.219489
0.358727
-0.047782
-0.124116
-0.197451
-0.212805
-0.088117
0.058824
-0.022468
-0.123921
-0.199647
0.278864
-0.139899
-0.472801
-0.413137
-0.022410
-0.102273
-0.111235
-0.149450
0.043373
-0.030900
0.401630
0.040138
-0.248252
0.029197
0.046570
0.030217
-0.351137
0.164884
0.249765
0.153238
-0.052196
0.091080
0.003040
0.440710
0.413061
-0.109762
-0.266842
0.371101
-0.234647
-0.290764
-0.345570
0.044220
0.186746
-0.198548
0.250904
0.061923
-0.202450
-0.479763
0.012865
-0.157059
0.106747
0.314098
0.400101
-0.141509
0.242904
-0.072371
-0.111293
-0.007841
0.094531
0.037687
0.044609
0.042334
0.229548
-0.466959
-0.033979
0.025197
-0.061725
0.215805
-0.122743
0.223061
0.025826
0.148707
0.267277
0.112177
-0.051861
-0.001253
0.075727
-0.352684
0.136394
-0.530846
0.107667
0.142354
0.300276
-0.109645
0.000844
0.026157
-0.179998
-0.110451
0.017922
0.014924
0.027629
0.165336
-0.043137
-0.360233
0.213377
-0.079527
0.280355
0.050864
-0.380745
0.157216
-0.243095
-0.455311
-0.309078
0.026197
0.174276
0.156077
-0.075451
0.350395
0.420805
0.163749
0.436569
0.428080
-0.311316
0.121844
-0.198586
0.306944
-0.369410
0.238824
0.196490
-0.248686
0.151334
-0.292902
-0.185765
0.108196
-0.035333
0.027609
0.028667
-0.372393
0.078473
-0.354097
-0.112370
-0.162607
-0.189587
0.095571
-0.136412
0.084688
-0.267782
-0.113489
0.332666
0.055040
-0.050136
0.151825
-0.036313
0.255962
-0.245765
0.382509
-0.054508
0.004648
0.003925
-0.375038
-0.246058
0.054864
-0.050529
0.185589
0.161041
-0.085861
0.112805
0.189315
0.161572
0.291279
-0.162372
0.048807
0.128667
0.263041
0.041962
-0.007744
0.247334
-0.225822
0.498589
0.062981
-0.070782
-0.070587
-0.304626
-0.104684
0.185376
-0.030959
0.177432
0.130863
0.074081
0.181746
-0.143783
-0.171978
-0.380804
0.425510
0.013610
0.400063
-0.279781
-0.390606
0.070336
0.498806
-0.199725
-0.092430
0.445198
-0.169039
-0.446804
-0.029862
-0.078410
0.315529
-0.153275
-0.197233
-0.138508
-0.324450
0.251215
0.076294
0.186255
-0.080429
-0.471687
-0.251312
-0.564960
0.217785
0.030824
-0.091332
-0.054588
0.165020
0.231375
-0.042998
0.048061
-0.046000
0.183414
0.020021
-0.164608
-0.018332
0.442587
0.383392
0.429647
0.098590
-0.163882
-0.263763
0.414120
-0.417549
