390.283203
399.876953
481.392578
478.050781
479.304688
460.673828
452.621094
470.380859
439.871094
323.197266
519.199219
357.140625
450.103516
322.171875
452.445312
533.640625
317.654297
454.970703
445.564453
374.386719
517.136719
429.779297
443.085938
535.808594
511.839844
452.562500
448.921875
336.593750
472.218750
391.095703
402.695312
419.572266
287.871094
422.177734
422.457031
349.033203
339.945312
361.041016
441.662109
327.179688
413.007812
372.181641
475.451172
407.091797
411.968750
355.876953
460.648438
404.732422
421.767578
340.818359
516.035156
373.988281
469.505859
327.007812
328.570312
489.414062
405.742188
413.568359
385.382812
410.818359
410.892578
495.732422
356.468750
394.707031
