390.283203
399.876221
481.392822
478.050171
479.304688
460.674561
452.620117
470.380737
439.870361
323.196533
519.199463
357.140015
450.103271
322.172363
452.445557
533.642090
317.653931
454.970337
445.564819
374.387451
517.138184
429.779053
443.086914
535.808594
511.839844
452.562744
448.921997
336.593262
472.219238
391.095947
402.694702
419.572388
287.871460
422.177734
422.457031
349.032959
339.945557
361.040161
441.661621
327.180420
413.007324
372.181396
475.451416
407.090942
411.968506
355.876343
460.648438
404.732056
421.767700
340.818115
516.034912
373.988037
469.505127
327.007690
328.569580
489.413940
405.742554
413.568604
385.382935
410.817505
410.892944
495.731812
356.468750
394.706177
