390.283203
399.875977
481.392578
478.049805
479.304688
460.674805
452.620117
470.380859
439.870117
323.196289
519.199219
357.139648
450.103516
322.171875
452.445312
533.642578
317.654297
454.970703
445.564453
374.387695
517.138672
429.779297
443.086914
535.808594
511.839844
452.562500
448.921875
336.592773
472.218750
391.095703
402.694336
419.572266
287.871094
422.177734
422.457031
349.033203
339.945312
361.040039
441.662109
327.180664
413.006836
372.181641
475.451172
407.090820
411.968750
355.875977
460.648438
404.732422
421.767578
340.818359
516.035156
373.988281
469.504883
327.007812
328.569336
489.414062
405.742188
413.568359
385.382812
410.817383
410.892578
495.731445
356.468750
394.706055
306.041016
268.533203
484.146484
378.718750
353.296875
352.927734
439.822266
463.335938
485.996094
368.664062
410.752930
428.433594
334.245117
312.789062
437.783203
409.663086
401.713867
417.123047
421.216797
348.113281
408.646484
411.336914
313.569336
388.089844
405.356445
461.441406
353.114258
399.362305
494.532227
510.913086
325.045898
461.840820
475.900391
455.099609
410.197266
347.296875
453.996094
409.238281
503.724609
402.801758
461.363281
556.583984
390.496094
417.151367
355.868164
443.416016
407.958008
506.045898
476.377930
444.287109
456.296875
465.677734
413.923828
449.077148
453.253906
466.568359
363.994141
376.533203
452.840820
368.819336
396.519531
283.881836
448.147461
454.736328
325.075195
472.919922
352.069336
