390.283203
399.875977
481.392578
478.050293
479.304688
460.674316
452.620117
470.380859
439.870605
323.196289
519.199219
357.140137
450.103516
322.172363
452.445801
533.642578
317.653809
454.970215
445.564941
374.387695
517.138672
429.778809
443.086914
535.808594
511.839844
452.562500
448.921875
336.593262
472.219238
391.095703
402.694824
419.572266
287.871582
422.177734
422.457031
349.033203
339.945801
361.040039
441.661621
327.180176
413.007324
372.181641
475.451172
407.090820
411.968262
355.876465
460.648438
404.731934
421.767578
340.818359
516.035156
373.987793
469.504883
327.007812
328.569824
489.414062
405.742676
413.568359
385.382812
410.817383
410.893066
495.731934
356.468750
394.706055
306.041016
268.533203
484.146484
378.718750
353.297363
352.927734
439.822754
463.335938
485.996094
368.664062
410.752930
428.433105
334.245605
312.789062
437.783203
409.663086
401.713867
417.123535
421.217285
348.113281
408.646484
411.336914
313.569824
388.090332
405.356445
461.441406
353.114746
399.361816
494.532227
510.913086
325.045898
461.840820
475.900391
455.100098
410.197266
347.296875
453.995605
409.238281
503.724121
402.801270
461.363281
556.583008
390.496094
417.150879
355.868164
443.416504
407.958496
506.045410
476.377930
444.287109
456.296875
465.678223
413.923828
449.076660
453.253906
466.568359
363.994629
376.532715
452.840820
368.819824
396.520020
283.881836
448.147461
454.736328
325.075195
472.919434
352.069824
