390.283203
399.876221
481.392822
478.050293
479.304688
460.674561
452.620117
470.380615
439.870361
323.196533
519.199219
357.140137
450.103271
322.172363
452.445557
533.642090
317.653809
454.970215
445.564941
374.387451
517.138184
429.779053
443.086914
535.808594
511.839844
452.562744
448.922119
336.593262
472.219238
391.095947
402.694580
419.572266
287.871582
422.177734
422.457031
349.032959
339.945557
361.040039
441.661621
327.180420
413.007324
372.181396
475.451416
407.090820
411.968506
355.876465
460.648438
404.731934
421.767578
340.818115
516.035156
373.988037
469.505127
327.007568
328.569580
489.414062
405.742432
413.568604
385.382812
410.817383
410.893066
495.731689
356.468750
394.706299
306.040771
268.532959
484.146729
378.718994
353.297363
352.927734
439.822754
463.335693
485.995850
368.663818
410.752930
428.433105
334.245361
312.789062
437.782959
409.663330
401.713867
417.123535
421.217285
348.113525
408.646484
411.336914
313.569824
388.090332
405.356689
461.441162
353.114746
399.362061
494.532227
510.912842
325.046143
461.840820
475.900146
455.100098
410.197510
347.296631
453.995605
409.238281
503.724121
402.801514
461.363281
556.583496
390.495850
417.151123
355.867920
443.416260
407.958252
506.045410
476.377930
444.287109
456.297119
465.677979
413.923828
449.076904
453.253906
466.568359
363.994629
376.532959
452.841064
368.819824
396.519775
283.882080
448.147217
454.736084
325.075439
472.919678
352.069580
