390.283203
399.876221
481.392822
478.050171
479.304688
460.674561
452.620117
470.380737
439.870361
323.196533
519.199463
357.140015
450.103271
322.172363
452.445557
533.642090
317.653931
454.970337
445.564819
374.387451
517.138184
429.779053
443.086914
535.808594
511.839844
452.562744
448.921997
336.593262
472.219238
391.095947
402.694702
419.572388
287.871460
422.177734
422.457031
349.032959
339.945557
361.040161
441.661621
327.180420
413.007324
372.181396
475.451416
407.090942
411.968506
355.876343
460.648438
404.732056
421.767700
340.818115
516.034912
373.988037
469.505127
327.007690
328.569580
489.413940
405.742554
413.568604
385.382935
410.817505
410.892944
495.731812
356.468750
394.706177
306.040771
268.533081
484.146729
378.718872
353.297363
352.927734
439.822754
463.335693
485.995850
368.663818
410.752930
428.433228
334.245361
312.789062
437.783081
409.663330
401.713867
417.123535
421.217285
348.113525
408.646484
411.336914
313.569824
388.090210
405.356689
461.441162
353.114746
399.362061
494.532104
510.912842
325.046143
461.840820
475.900146
455.099976
410.197510
347.296631
453.995605
409.238281
503.724121
402.801514
461.363159
556.583252
390.495850
417.151123
355.867920
443.416260
407.958374
506.045410
476.377930
444.287109
456.297119
465.677979
413.923950
449.076904
453.253784
466.568359
363.994507
376.532837
452.841064
368.819702
396.519897
283.882080
448.147339
454.736206
325.075439
472.919678
352.069580
