390.283203
399.875977
481.392578
478.049805
479.304688
460.674805
452.620117
470.380859
439.870117
323.196289
519.199219
357.139648
450.103516
322.171875
452.445312
533.642578
317.654297
454.970703
445.564453
374.387695
517.138672
429.779297
443.086914
535.808594
511.839844
452.562500
448.921875
336.592773
472.218750
391.095703
402.694336
419.572266
287.871094
422.177734
422.457031
349.033203
339.945312
361.040039
441.662109
327.180664
413.006836
372.181641
475.451172
407.090820
411.968750
355.875977
460.648438
404.732422
421.767578
340.818359
516.035156
373.988281
469.504883
327.007812
328.569336
489.414062
405.742188
413.568359
385.382812
410.817383
410.892578
495.731445
356.468750
394.706055
