390.283203
399.875977
481.392578
478.050293
479.304688
460.674316
452.620117
470.380859
439.870605
323.196289
519.199219
357.140137
450.103516
322.172363
452.445801
533.642578
317.653809
454.970215
445.564941
374.387695
517.138672
429.778809
443.086914
535.808594
511.839844
452.562500
448.921875
336.593262
472.219238
391.095703
402.694824
419.572266
287.871582
422.177734
422.457031
349.033203
339.945801
361.040039
441.661621
327.180176
413.007324
372.181641
475.451172
407.090820
411.968262
355.876465
460.648438
404.731934
421.767578
340.818359
516.035156
373.987793
469.504883
327.007812
328.569824
489.414062
405.742676
413.568359
385.382812
410.817383
410.893066
495.731934
356.468750
394.706055
